  
       XFOIL         Version 6.99
  
 Calculated polar for: naca2412                                        
  
 1 1 Reynolds number fixed          Mach number fixed         
  
 xtrf =   1.000 (top)        1.000 (bottom)  
 Mach =   0.000     Re =     0.500 e 6     Ncrit =   9.000  9.000
  
   alpha    CL        CD       CDp       CM     Top_Xtr  Bot_Xtr  Top_Itr  Bot_Itr
  ------ -------- --------- --------- -------- -------- -------- -------- --------
  -6.000  -0.4429   0.01204   0.00347  -0.0516   0.9727   0.0657   3.6392 101.5406
  -5.500  -0.3670   0.01130   0.00299  -0.0560   0.9688   0.0807   3.9386 102.9603
  -5.000  -0.3048   0.01056   0.00257  -0.0573   0.9589   0.1024   4.6429 104.7016
  -4.500  -0.2431   0.00993   0.00223  -0.0585   0.9488   0.1328   5.3309 106.8673
  -4.000  -0.1850   0.00933   0.00193  -0.0588   0.9363   0.1733   6.1541 109.5308
  -3.500  -0.1307   0.00881   0.00170  -0.0582   0.9199   0.2220   7.1882 112.5870
  -3.000  -0.0772   0.00836   0.00151  -0.0574   0.9007   0.2782   8.3799 116.0246
  -2.500  -0.0237   0.00792   0.00133  -0.0567   0.8794   0.3437   9.6936 119.9487
  -2.000   0.0294   0.00747   0.00117  -0.0558   0.8562   0.4281  11.1159 124.9581
  -1.500   0.0813   0.00700   0.00109  -0.0548   0.8293   0.5455  12.7586 131.9153
  -1.000   0.1327   0.00664   0.00105  -0.0535   0.8004   0.6585  14.5166 138.5645
  -0.500   0.1835   0.00639   0.00105  -0.0518   0.7694   0.7607  16.4017 144.5627
   0.000   0.2334   0.00628   0.00109  -0.0497   0.7366   0.8517  18.3954 149.9091
   0.500   0.2849   0.00637   0.00116  -0.0479   0.7024   0.9217  20.4735 154.0669
   1.000   0.3484   0.00661   0.00122  -0.0489   0.6666   0.9628  22.6474 156.6978
   1.500   0.4239   0.00691   0.00127  -0.0528   0.6296   0.9838  24.8975 158.3097
   2.000   0.5059   0.00719   0.00131  -0.0584   0.5917   0.9962  27.1962 159.5566
   2.500   0.5661   0.00743   0.00130  -0.0595   0.5569   0.9999  29.3169 160.0000
   3.000   0.6136   0.00769   0.00130  -0.0579   0.5245   0.9999  31.2866 160.0000
   3.500   0.6611   0.00798   0.00133  -0.0562   0.4921   0.9999  33.2633 160.0000
   4.000   0.7088   0.00831   0.00138  -0.0545   0.4587   0.9999  35.3044 160.0000
   4.500   0.7563   0.00867   0.00145  -0.0528   0.4229   0.9999  37.5026 160.0000
   5.000   0.8036   0.00913   0.00155  -0.0511   0.3818   0.9999  40.0546 160.0000
   5.500   0.8506   0.00969   0.00170  -0.0495   0.3320   0.9999  43.1889 160.0000
   6.000   0.8964   0.01044   0.00194  -0.0478   0.2743   0.9999  46.8621 160.0000
   6.500   0.9410   0.01136   0.00228  -0.0460   0.2130   0.9999  50.8381 160.0000
   7.000   0.9845   0.01241   0.00273  -0.0441   0.1558   0.9999  54.6834 160.0000
   7.500   1.0272   0.01354   0.00326  -0.0421   0.1111   0.9999  57.8940 160.0000
   8.000   1.0699   0.01463   0.00382  -0.0402   0.0822   0.9999  60.2265 160.0000
   8.500   1.1111   0.01579   0.00445  -0.0380   0.0644   0.9999  61.8963 160.0000
   9.000   1.1511   0.01697   0.00512  -0.0356   0.0536   0.9999  63.0939 160.0000
   9.500   1.1883   0.01825   0.00585  -0.0330   0.0461   0.9999  64.0533 160.0000
  10.000   1.2249   0.01945   0.00655  -0.0302   0.0409   0.9999  64.8057 160.0000
  10.500   1.2534   0.02087   0.00740  -0.0262   0.0370   0.9999  65.4188 160.0000
  11.000   1.2740   0.02275   0.00851  -0.0216   0.0337   0.9999  65.9772 160.0000
  11.500   1.3007   0.02437   0.00957  -0.0182   0.0314   0.9999  66.4257 160.0000
  12.000   1.3206   0.02654   0.01095  -0.0146   0.0294   0.9999  66.8195 160.0000
  12.500   1.3334   0.02947   0.01292  -0.0110   0.0277   0.9999  67.1635 160.0000
  13.000   1.3516   0.03219   0.01482  -0.0085   0.0261   0.9999  67.5288 160.0000
  13.500   1.3636   0.03565   0.01725  -0.0065   0.0248   0.9999  67.8169 160.0000
  14.000   1.3647   0.04046   0.02071  -0.0045   0.0237   0.9999  68.0561 160.0000
  14.500   1.3731   0.04490   0.02412  -0.0037   0.0229   0.9999  68.2793 160.0000
  15.000   1.3769   0.05006   0.02812  -0.0035   0.0220   0.9999  68.5006 160.0000
