  
       XFOIL         Version 6.99
  
 Calculated polar for: SD7037-092-88                                   
  
 1 1 Reynolds number fixed          Mach number fixed         
  
 xtrf =   1.000 (top)        1.000 (bottom)  
 Mach =   0.000     Re =     0.500 e 6     Ncrit =   9.000  9.000
  
   alpha    CL        CD       CDp       CM     Top_Xtr  Bot_Xtr  Top_Itr  Bot_Itr
  ------ -------- --------- --------- -------- -------- -------- -------- --------
  -5.000  -0.1573   0.01647   0.00730  -0.0877   0.9590   0.0191   4.7908  91.7924
  -4.500  -0.1009   0.01332   0.00458  -0.0874   0.9496   0.0178   5.4483  91.5101
  -4.000  -0.0450   0.01161   0.00321  -0.0870   0.9400   0.0183   6.1113  91.6358
  -3.500   0.0068   0.01052   0.00236  -0.0856   0.9276   0.0198   6.9526  91.9475
  -3.000   0.0579   0.00958   0.00175  -0.0842   0.9132   0.0236   7.9116  92.6775
  -2.500   0.1100   0.00866   0.00124  -0.0829   0.8978   0.0649   8.9429  97.0680
  -2.000   0.1615   0.00771   0.00102  -0.0821   0.8800   0.2326  10.1369 108.5779
  -1.500   0.2128   0.00682   0.00090  -0.0813   0.8587   0.4547  11.5725 123.0974
  -1.000   0.2623   0.00602   0.00089  -0.0797   0.8350   0.7008  13.1773 139.1320
  -0.500   0.3083   0.00562   0.00088  -0.0766   0.8065   0.8608  15.1105 149.6569
   0.000   0.3684   0.00548   0.00072  -0.0765   0.7732   0.9716  17.3727 157.1934
   0.500   0.4336   0.00562   0.00061  -0.0783   0.7348   1.0000  19.9593 160.0000
   1.000   0.4853   0.00586   0.00059  -0.0773   0.6941   1.0000  22.6888 160.0000
   1.500   0.5375   0.00614   0.00060  -0.0764   0.6530   1.0000  25.4356 160.0000
   2.000   0.5898   0.00646   0.00063  -0.0756   0.6117   1.0000  28.1983 160.0000
   2.500   0.6420   0.00682   0.00069  -0.0748   0.5698   1.0000  31.0004 160.0000
   3.000   0.6943   0.00719   0.00078  -0.0741   0.5272   1.0000  33.8450 160.0000
   3.500   0.7463   0.00761   0.00088  -0.0734   0.4844   1.0000  36.7171 160.0000
   4.000   0.7979   0.00807   0.00101  -0.0727   0.4410   1.0000  39.6237 160.0000
   4.500   0.8491   0.00857   0.00116  -0.0719   0.3971   1.0000  42.5839 160.0000
   5.000   0.8997   0.00913   0.00134  -0.0711   0.3533   1.0000  45.5430 160.0000
   5.500   0.9499   0.00975   0.00156  -0.0702   0.3112   1.0000  48.4022 160.0000
   6.000   0.9990   0.01044   0.00182  -0.0693   0.2669   1.0000  51.4395 160.0000
   6.500   1.0469   0.01125   0.00211  -0.0682   0.2202   1.0000  54.6786 160.0000
   7.000   1.0944   0.01207   0.00245  -0.0671   0.1820   1.0000  57.3682 160.0000
   7.500   1.1405   0.01299   0.00284  -0.0658   0.1463   1.0000  59.9471 160.0000
   8.000   1.1858   0.01394   0.00326  -0.0644   0.1136   1.0000  62.4021 160.0000
   8.500   1.2288   0.01506   0.00376  -0.0627   0.0829   1.0000  64.8406 160.0000
   9.000   1.2693   0.01633   0.00434  -0.0607   0.0537   1.0000  67.4390 160.0000
   9.500   1.2986   0.01854   0.00541  -0.0570   0.0189   1.0000  71.9669 160.0000
  10.000   1.3301   0.02031   0.00632  -0.0536   0.0143   1.0000  73.0565 160.0000
  10.500   1.3576   0.02194   0.00722  -0.0496   0.0129   1.0000  73.4739 160.0000
  11.000   1.3742   0.02392   0.00836  -0.0442   0.0119   1.0000  73.7566 160.0000
  11.500   1.3777   0.02684   0.01018  -0.0380   0.0113   1.0000  73.9585 160.0000
  12.000   1.3818   0.03006   0.01233  -0.0330   0.0110   1.0000  74.0630 160.0000
  12.500   1.3862   0.03364   0.01488  -0.0292   0.0106   1.0000  74.1678 160.0000
  13.000   1.3879   0.03794   0.01808  -0.0264   0.0103   1.0000  74.2968 160.0000
  13.500   1.3866   0.04309   0.02208  -0.0248   0.0099   1.0000  74.4231 160.0000
  14.000   1.3820   0.04924   0.02701  -0.0245   0.0097   1.0000  74.5129 160.0000
  14.500   1.3743   0.05640   0.03292  -0.0253   0.0095   1.0000  74.5727 160.0000
  15.000   1.3641   0.06457   0.03987  -0.0274   0.0093   1.0000  74.6198 160.0000
