  
       XFOIL         Version 6.99
  
 Calculated polar for: SD7037-092-88                                   
  
 1 1 Reynolds number fixed          Mach number fixed         
  
 xtrf =   1.000 (top)        1.000 (bottom)  
 Mach =   0.000     Re =     1.000 e 6     Ncrit =   9.000  9.000
  
   alpha    CL        CD       CDp       CM     Top_Xtr  Bot_Xtr  Top_Itr  Bot_Itr
  ------ -------- --------- --------- -------- -------- -------- -------- --------
  -6.000  -0.2608   0.01664   0.00853  -0.0863   0.9454   0.0120   5.7428  90.0947
  -5.500  -0.2133   0.01409   0.00618  -0.0848   0.9345   0.0113   6.4822  89.8831
  -5.000  -0.1640   0.01191   0.00425  -0.0834   0.9239   0.0112   7.1963  89.8598
  -4.500  -0.1116   0.01101   0.00329  -0.0824   0.9125   0.0116   7.9610  89.9964
  -4.000  -0.0605   0.00926   0.00207  -0.0814   0.8993   0.0119   8.8420  90.0608
  -3.500  -0.0075   0.00821   0.00133  -0.0807   0.8849   0.0132   9.8122  90.3989
  -3.000   0.0472   0.00768   0.00091  -0.0801   0.8686   0.0147  10.9065  90.7950
  -2.500   0.1023   0.00725   0.00058  -0.0797   0.8492   0.0178  12.2179  91.5264
  -2.000   0.1566   0.00661   0.00032  -0.0793   0.8249   0.0984  13.8658  99.5481
  -1.500   0.2107   0.00610   0.00020  -0.0790   0.7951   0.2277  15.8863 108.2537
  -1.000   0.2642   0.00559   0.00015  -0.0787   0.7604   0.4097  18.2318 120.1692
  -0.500   0.3169   0.00513   0.00017  -0.0782   0.7224   0.6178  20.7875 133.7155
   0.000   0.3684   0.00488   0.00025  -0.0771   0.6835   0.7835  23.3959 144.5530
   0.500   0.4174   0.00483   0.00032  -0.0752   0.6445   0.8880  26.0033 151.4654
   1.000   0.4804   0.00488   0.00030  -0.0763   0.6035   0.9940  28.7443 159.1868
   1.500   0.5359   0.00515   0.00034  -0.0763   0.5637   1.0000  31.4023 160.0000
   2.000   0.5894   0.00546   0.00040  -0.0758   0.5234   1.0000  34.1053 160.0000
   2.500   0.6431   0.00578   0.00047  -0.0754   0.4831   1.0000  36.8041 160.0000
   3.000   0.6966   0.00612   0.00056  -0.0750   0.4431   1.0000  39.4859 160.0000
   3.500   0.7498   0.00651   0.00067  -0.0745   0.4025   1.0000  42.2164 160.0000
   4.000   0.8026   0.00695   0.00080  -0.0741   0.3614   1.0000  44.9957 160.0000
   4.500   0.8552   0.00740   0.00095  -0.0736   0.3213   1.0000  47.7149 160.0000
   5.000   0.9074   0.00788   0.00112  -0.0730   0.2839   1.0000  50.2689 160.0000
   5.500   0.9580   0.00852   0.00135  -0.0723   0.2352   1.0000  53.6282 160.0000
   6.000   1.0085   0.00914   0.00159  -0.0716   0.1970   1.0000  56.3081 160.0000
   6.500   1.0579   0.00986   0.00188  -0.0707   0.1588   1.0000  59.0339 160.0000
   7.000   1.1071   0.01055   0.00218  -0.0699   0.1275   1.0000  61.3444 160.0000
   7.500   1.1550   0.01136   0.00254  -0.0688   0.0974   1.0000  63.6664 160.0000
   8.000   1.2010   0.01230   0.00299  -0.0675   0.0678   1.0000  66.1331 160.0000
   8.500   1.2436   0.01352   0.00359  -0.0657   0.0357   1.0000  69.4002 160.0000
   9.000   1.2814   0.01514   0.00444  -0.0632   0.0110   1.0000  74.0426 160.0000
   9.500   1.3232   0.01625   0.00503  -0.0611   0.0092   1.0000  74.6740 160.0000
  10.000   1.3607   0.01763   0.00576  -0.0585   0.0082   1.0000  75.0369 160.0000
  10.500   1.3967   0.01892   0.00651  -0.0557   0.0078   1.0000  75.2114 160.0000
  11.000   1.4264   0.02039   0.00737  -0.0520   0.0073   1.0000  75.4140 160.0000
  11.500   1.4458   0.02198   0.00832  -0.0467   0.0068   1.0000  75.6066 160.0000
  12.000   1.4585   0.02406   0.00962  -0.0412   0.0065   1.0000  75.7473 160.0000
  12.500   1.4616   0.02697   0.01153  -0.0355   0.0062   1.0000  75.8600 160.0000
  13.000   1.4540   0.03108   0.01439  -0.0302   0.0060   1.0000  75.9432 160.0000
  14.000   1.4373   0.04171   0.02242  -0.0249   0.0059   1.0000  76.0275 160.0000
  14.500   1.4320   0.04790   0.02740  -0.0248   0.0058   1.0000  76.0558 160.0000
  15.000   1.4223   0.05542   0.03366  -0.0262   0.0058   1.0000  76.0825 160.0000
