  
       XFOIL         Version 6.99
  
 Calculated polar for: 20-32C AIRFOIL                                  
  
 1 1 Reynolds number fixed          Mach number fixed         
  
 xtrf =   1.000 (top)        1.000 (bottom)  
 Mach =   0.000     Re =     0.300 e 6     Ncrit =   9.000  9.000
  
   alpha    CL        CD       CDp       CM     Top_Xtr  Bot_Xtr  Top_Itr  Bot_Itr
  ------ -------- --------- --------- -------- -------- -------- -------- --------
  -1.000   0.5826   0.01597   0.00736  -0.1289   0.5955   0.0641  30.4631  94.7149
  -0.500   0.6444   0.01362   0.00445  -0.1294   0.5619   0.0589  32.7479  94.3489
   0.000   0.7016   0.01264   0.00308  -0.1292   0.5277   0.0579  35.0766  94.2811
   0.500   0.7577   0.01224   0.00248  -0.1291   0.4945   0.0622  37.3395  94.5812
   1.000   0.8131   0.01220   0.00220  -0.1290   0.4628   0.0673  39.4986  94.9417
   1.500   0.8683   0.01226   0.00210  -0.1288   0.4333   0.0792  41.5072  95.7548
   2.000   0.9176   0.01096   0.00233  -0.1279   0.4093   1.0000  43.1433 160.0000
   2.500   0.9716   0.01146   0.00246  -0.1275   0.3875   1.0000  44.6263 160.0000
   3.000   1.0250   0.01202   0.00265  -0.1272   0.3694   1.0000  45.8677 160.0000
   3.500   1.0782   0.01258   0.00289  -0.1268   0.3543   1.0000  46.8956 160.0000
   4.000   1.1313   0.01313   0.00316  -0.1265   0.3418   1.0000  47.7565 160.0000
   5.000   1.2360   0.01438   0.00379  -0.1257   0.3209   1.0000  49.1842 160.0000
   5.500   1.2874   0.01501   0.00405  -0.1252   0.3097   1.0000  49.9541 160.0000
   6.000   1.3380   0.01540   0.00412  -0.1246   0.2921   1.0000  51.1697 160.0000
   6.500   1.3881   0.01575   0.00407  -0.1240   0.2693   1.0000  52.7371 160.0000
   7.000   1.4357   0.01640   0.00388  -0.1231   0.2213   1.0000  56.0805 160.0000
   7.500   1.4506   0.02110   0.00619  -0.1183   0.0224   1.0000  73.0177 160.0000
   8.000   1.4885   0.02282   0.00689  -0.1157   0.0181   1.0000  73.5042 160.0000
   8.500   1.5147   0.02543   0.00821  -0.1116   0.0153   1.0000  73.8212 160.0000
   9.000   1.5169   0.02909   0.01033  -0.1048   0.0144   1.0000  73.9220 160.0000
   9.500   1.5056   0.03374   0.01338  -0.0982   0.0142   1.0000  73.9430 160.0000
  10.000   1.4921   0.03990   0.01786  -0.0946   0.0142   1.0000  73.9396 160.0000
  10.500   1.4805   0.04706   0.02335  -0.0932   0.0144   1.0000  73.9167 160.0000
  11.000   1.4680   0.05493   0.02947  -0.0927   0.0145   1.0000  73.9032 160.0000
  11.500   1.4550   0.06253   0.03497  -0.0913   0.0143   1.0000  73.9297 160.0000
  12.000   1.4586   0.06808   0.03876  -0.0896   0.0147   1.0000  73.8818 160.0000
