  
       XFOIL         Version 6.99
  
 Calculated polar for: NASA/AMES 63A108 MOD C AIRFOIL                  
  
 1 1 Reynolds number fixed          Mach number fixed         
  
 xtrf =   1.000 (top)        1.000 (bottom)  
 Mach =   0.000     Re =     1.000 e 6     Ncrit =   9.000  9.000
  
   alpha    CL        CD       CDp       CM     Top_Xtr  Bot_Xtr  Top_Itr  Bot_Itr
  ------ -------- --------- --------- -------- -------- -------- -------- --------
  -6.000  -0.6745   0.01286   0.00469   0.0007   1.0000   0.0130   1.0000  91.6157
  -5.500  -0.6179   0.01194   0.00389   0.0006   1.0000   0.0139   1.0000  91.9866
  -5.000  -0.5613   0.01091   0.00320   0.0002   1.0000   0.0155   1.0000  92.6016
  -4.500  -0.5033   0.01006   0.00258  -0.0003   1.0000   0.0171   1.0000  93.1993
  -4.000  -0.4441   0.00945   0.00216  -0.0011   1.0000   0.0192   1.0000  93.9534
  -3.500  -0.3829   0.00883   0.00178  -0.0022   0.9857   0.0227   2.6377  95.1049
  -3.000  -0.3297   0.00852   0.00163  -0.0013   0.9586   0.0285   5.0926  96.8391
  -2.500  -0.2779   0.00817   0.00145   0.0000   0.9382   0.0401   6.6764  99.7953
  -2.000  -0.2258   0.00773   0.00127   0.0012   0.9172   0.0859   8.1612 106.9387
  -1.500  -0.1720   0.00690   0.00106   0.0016   0.8925   0.2415   9.7227 117.5842
  -1.000  -0.1175   0.00572   0.00090   0.0015   0.8714   0.5315  10.9822 133.2757
  -0.500  -0.0616   0.00524   0.00087   0.0018   0.8444   0.6673  12.5100 140.4228
   0.000  -0.0060   0.00501   0.00086   0.0023   0.8109   0.7578  14.3490 145.1045
   1.000   0.0977   0.00461   0.00071   0.0056   0.6895   0.9635  20.8491 156.5656
   1.500   0.1630   0.00511   0.00063   0.0034   0.5339   1.0000  29.1761 160.0000
   2.000   0.2207   0.00595   0.00075   0.0027   0.3548   1.0000  38.7363 160.0000
   2.500   0.2786   0.00663   0.00090   0.0020   0.2367   1.0000  45.1659 160.0000
   3.000   0.3365   0.00716   0.00105   0.0014   0.1649   1.0000  49.4362 160.0000
   3.500   0.3943   0.00764   0.00122   0.0009   0.1187   1.0000  52.7917 160.0000
   4.000   0.4519   0.00811   0.00142   0.0005   0.0867   1.0000  55.8850 160.0000
   4.500   0.5094   0.00858   0.00164   0.0001   0.0651   1.0000  58.7384 160.0000
   5.000   0.5666   0.00907   0.00191  -0.0002   0.0511   1.0000  61.1199 160.0000
   5.500   0.6236   0.00959   0.00220  -0.0005   0.0414   1.0000  63.1572 160.0000
   6.000   0.6803   0.01015   0.00254  -0.0008   0.0343   1.0000  64.8752 160.0000
   6.500   0.7366   0.01075   0.00293  -0.0010   0.0289   1.0000  66.3517 160.0000
   7.000   0.7924   0.01142   0.00338  -0.0012   0.0252   1.0000  67.4921 160.0000
   7.500   0.8477   0.01222   0.00393  -0.0013   0.0225   1.0000  68.3487 160.0000
   8.000   0.9020   0.01318   0.00459  -0.0014   0.0204   1.0000  69.0440 160.0000
   8.500   0.9564   0.01395   0.00519  -0.0014   0.0189   1.0000  69.6013 160.0000
   9.000   1.0086   0.01522   0.00611  -0.0013   0.0177   1.0000  70.0510 160.0000
   9.500   1.0609   0.01626   0.00696  -0.0012   0.0167   1.0000  70.4060 160.0000
  10.000   1.1119   0.01745   0.00788  -0.0009   0.0159   1.0000  70.7345 160.0000
  10.500   1.1585   0.01942   0.00940  -0.0003   0.0151   1.0000  71.0416 160.0000
  11.000   1.2069   0.02076   0.01058   0.0002   0.0144   1.0000  71.3024 160.0000
  11.500   1.2524   0.02241   0.01197   0.0009   0.0138   1.0000  71.5544 160.0000
  12.000   1.2966   0.02395   0.01316   0.0016   0.0132   1.0000  71.8348 160.0000
  12.500   1.3322   0.02660   0.01537   0.0029   0.0125   1.0000  72.0933 160.0000
  13.000   1.3687   0.02870   0.01721   0.0043   0.0121   1.0000  72.3072 160.0000
  13.500   1.3969   0.03140   0.01950   0.0061   0.0117   1.0000  72.4840 160.0000
  14.000   1.4154   0.03443   0.02200   0.0085   0.0113   1.0000  72.6251 160.0000
  14.500   1.4115   0.03855   0.02538   0.0117   0.0111   1.0000  72.7132 160.0000
  15.000   1.3978   0.04561   0.03142   0.0101   0.0110   1.0000  72.7761 160.0000
