  
       XFOIL         Version 6.99
  
 Calculated polar for: AG03 (flat aft bottom)                          
  
 1 1 Reynolds number fixed          Mach number fixed         
  
 xtrf =   1.000 (top)        1.000 (bottom)  
 Mach =   0.000     Re =     0.500 e 6     Ncrit =   9.000  9.000
  
   alpha    CL        CD       CDp       CM     Top_Xtr  Bot_Xtr  Top_Itr  Bot_Itr
  ------ -------- --------- --------- -------- -------- -------- -------- --------
  -3.000  -0.1645   0.00516   0.00239  -0.0294   0.9975   0.0122   1.3161  87.1005
  -2.500  -0.0910   0.00395   0.00096  -0.0329   0.9897   0.0116   2.2027  87.0134
  -2.000  -0.0281   0.00845   0.00070  -0.0347   0.9847   0.0158   2.6037  87.6555
  -1.500   0.0444   0.00702   0.00049  -0.0386   0.9668   0.2398   3.9698 104.7434
  -1.000   0.0924   0.00483   0.00051  -0.0368   0.9320   0.8620   6.4900 149.5142
  -0.500   0.1623   0.00469   0.00041  -0.0387   0.8877   1.0000   9.6941 160.0000
   0.000   0.2127   0.00486   0.00032  -0.0369   0.8295   1.0000  13.9057 160.0000
   0.500   0.2643   0.00510   0.00027  -0.0355   0.7673   1.0000  18.4145 160.0000
   1.000   0.3167   0.00541   0.00025  -0.0345   0.7042   1.0000  22.9810 160.0000
   1.500   0.3698   0.00574   0.00027  -0.0337   0.6399   1.0000  27.6358 160.0000
   2.000   0.4231   0.00612   0.00031  -0.0331   0.5728   1.0000  32.5000 160.0000
   2.500   0.4765   0.00655   0.00038  -0.0325   0.5034   1.0000  37.5306 160.0000
   3.000   0.5298   0.00704   0.00047  -0.0321   0.4314   1.0000  42.7620 160.0000
   3.500   0.5831   0.00759   0.00060  -0.0317   0.3621   1.0000  47.7931 160.0000
   4.000   0.6364   0.00817   0.00076  -0.0314   0.2999   1.0000  52.3225 160.0000
   4.500   0.6895   0.00878   0.00095  -0.0311   0.2431   1.0000  56.4780 160.0000
   5.000   0.7423   0.00944   0.00119  -0.0308   0.1940   1.0000  60.0957 160.0000
   5.500   0.7949   0.01016   0.00147  -0.0304   0.1471   1.0000  63.5864 160.0000
   6.000   0.8466   0.01103   0.00184  -0.0300   0.1041   1.0000  66.8506 160.0000
   6.500   0.8979   0.01198   0.00231  -0.0295   0.0733   1.0000  69.2757 160.0000
   7.000   0.9480   0.01317   0.00296  -0.0289   0.0522   1.0000  71.0125 160.0000
   7.500   0.9982   0.01424   0.00357  -0.0282   0.0392   1.0000  72.1551 160.0000
   8.000   1.0469   0.01556   0.00431  -0.0274   0.0284   1.0000  73.1896 160.0000
   8.500   1.0935   0.01720   0.00521  -0.0263   0.0199   1.0000  74.1487 160.0000
   9.000   1.1361   0.01949   0.00648  -0.0249   0.0134   1.0000  75.0459 160.0000
   9.500   1.1816   0.02093   0.00724  -0.0240   0.0090   1.0000  75.8952 160.0000
  10.000   1.2239   0.02281   0.00839  -0.0228   0.0062   1.0000  76.6544 160.0000
  10.500   1.2511   0.02692   0.01106  -0.0201   0.0046   1.0000  77.1940 160.0000
  11.000   1.2797   0.03014   0.01328  -0.0179   0.0036   1.0000  77.6415 160.0000
  11.500   1.2882   0.03509   0.01700  -0.0148   0.0031   1.0000  77.8979 160.0000
  12.000   1.2567   0.04302   0.02362  -0.0113   0.0029   1.0000  77.9701 160.0000
  12.500   1.2258   0.05445   0.03406  -0.0171   0.0029   1.0000  77.9835 160.0000
  13.000   1.1993   0.06883   0.04788  -0.0276   0.0029   1.0000  77.9745 160.0000
  13.500   1.1729   0.08395   0.06289  -0.0373   0.0029   1.0000  77.9490 160.0000
  14.000   1.1441   0.09928   0.07861  -0.0456   0.0030   1.0000  77.9045 160.0000
  14.500   1.1070   0.11661   0.09733  -0.0543   0.0032   1.0000  77.8085 160.0000
  15.000   1.0171   0.15011   0.13840  -0.0707   0.0045   1.0000  77.2285 160.0000
