  
       XFOIL         Version 6.99
  
 Calculated polar for: AG04                                            
  
 1 1 Reynolds number fixed          Mach number fixed         
  
 xtrf =   1.000 (top)        1.000 (bottom)  
 Mach =   0.000     Re =     1.000 e 6     Ncrit =   9.000  9.000
  
   alpha    CL        CD       CDp       CM     Top_Xtr  Bot_Xtr  Top_Itr  Bot_Itr
  ------ -------- --------- --------- -------- -------- -------- -------- --------
  -6.000  -0.4842   0.01566   0.00725  -0.0372   1.0000   0.0055   1.0000  85.2496
  -5.500  -0.4319   0.01379   0.00555  -0.0368   1.0000   0.0065   1.0000  85.5642
  -5.000  -0.3791   0.01181   0.00378  -0.0361   1.0000   0.0072   1.0000  85.7988
  -4.500  -0.3262   0.01032   0.00253  -0.0353   1.0000   0.0077   1.0000  85.9428
  -4.000  -0.2740   0.00857   0.00131  -0.0344   1.0000   0.0089   1.0000  86.2360
  -3.500  -0.2217   0.00776   0.00083  -0.0335   1.0000   0.0118   1.0000  86.8696
  -3.000  -0.1608   0.00694   0.00042  -0.0344   0.9962   0.0365   1.4710  89.6659
  -2.500  -0.0897   0.00639   0.00027  -0.0378   0.9811   0.0912   2.8643  93.9290
  -2.000  -0.0258   0.00592   0.00016  -0.0394   0.9473   0.1660   5.3494  99.4133
  -1.500   0.0258   0.00559   0.00008  -0.0381   0.8951   0.2621   9.1143 106.3610
  -1.000   0.0777   0.00532   0.00004  -0.0370   0.8331   0.3839  13.5921 115.1276
  -0.500   0.1305   0.00503   0.00003  -0.0363   0.7677   0.5419  18.3154 126.5012
   0.000   0.1776   0.00420   0.00006  -0.0342   0.7055   0.8756  22.8037 150.5207
   0.500   0.2392   0.00429   0.00005  -0.0350   0.6412   1.0000  27.4473 160.0000
   1.000   0.2942   0.00459   0.00006  -0.0347   0.5778   1.0000  32.0281 160.0000
   1.500   0.3493   0.00491   0.00009  -0.0344   0.5126   1.0000  36.7472 160.0000
   2.000   0.4044   0.00528   0.00015  -0.0342   0.4471   1.0000  41.4878 160.0000
   2.500   0.4594   0.00569   0.00022  -0.0340   0.3830   1.0000  46.1275 160.0000
   3.000   0.5143   0.00611   0.00032  -0.0338   0.3231   1.0000  50.4746 160.0000
   3.500   0.5691   0.00656   0.00044  -0.0337   0.2684   1.0000  54.4529 160.0000
   4.000   0.6237   0.00704   0.00059  -0.0335   0.2187   1.0000  58.0915 160.0000
   4.500   0.6781   0.00755   0.00076  -0.0333   0.1729   1.0000  61.4607 160.0000
   5.000   0.7321   0.00813   0.00098  -0.0331   0.1302   1.0000  64.6498 160.0000
   5.500   0.7857   0.00880   0.00125  -0.0328   0.0903   1.0000  67.6967 160.0000
   6.000   0.8388   0.00954   0.00159  -0.0325   0.0569   1.0000  70.3668 160.0000
   6.500   0.8914   0.01035   0.00200  -0.0321   0.0331   1.0000  72.4394 160.0000
   7.000   0.9434   0.01130   0.00253  -0.0316   0.0181   1.0000  74.0361 160.0000
   7.500   0.9948   0.01235   0.00311  -0.0310   0.0113   1.0000  75.0860 160.0000
   8.000   1.0442   0.01382   0.00392  -0.0302   0.0071   1.0000  76.0332 160.0000
   8.500   1.0950   0.01475   0.00450  -0.0296   0.0055   1.0000  76.5668 160.0000
   9.000   1.1368   0.01765   0.00634  -0.0280   0.0043   1.0000  77.0010 160.0000
   9.500   1.1830   0.01926   0.00751  -0.0269   0.0040   1.0000  77.1367 160.0000
  10.000   1.2254   0.02140   0.00909  -0.0256   0.0036   1.0000  77.3485 160.0000
  10.500   1.2654   0.02370   0.01083  -0.0241   0.0031   1.0000  77.5865 160.0000
  11.000   1.3004   0.02641   0.01293  -0.0225   0.0027   1.0000  77.7826 160.0000
  11.500   1.3076   0.03262   0.01789  -0.0190   0.0025   1.0000  77.9214 160.0000
  12.000   1.2841   0.04011   0.02427  -0.0148   0.0024   1.0000  77.9530 160.0000
  12.500   1.2551   0.05022   0.03351  -0.0192   0.0024   1.0000  77.9543 160.0000
  13.000   1.2291   0.06513   0.04776  -0.0312   0.0024   1.0000  77.9443 160.0000
  13.500   1.2001   0.08145   0.06383  -0.0420   0.0025   1.0000  77.9239 160.0000
  14.000   1.1666   0.09780   0.08039  -0.0508   0.0025   1.0000  77.8918 160.0000
  14.500   1.1268   0.11542   0.09907  -0.0594   0.0026   1.0000  77.8378 160.0000
