  
       XFOIL         Version 6.99
  
 Calculated polar for: AG04                                            
  
 1 1 Reynolds number fixed          Mach number fixed         
  
 xtrf =   1.000 (top)        1.000 (bottom)  
 Mach =   0.000     Re =     0.500 e 6     Ncrit =   9.000  9.000
  
   alpha    CL        CD       CDp       CM     Top_Xtr  Bot_Xtr  Top_Itr  Bot_Itr
  ------ -------- --------- --------- -------- -------- -------- -------- --------
  -6.000  -0.4595   0.04430   0.03161  -0.0323   1.0000   0.0192   1.0000  87.9885
  -5.500  -0.4276   0.02318   0.01298  -0.0373   1.0000   0.0118   1.0000  86.8775
  -5.000  -0.3777   0.01762   0.00758  -0.0368   1.0000   0.0121   1.0000  86.9308
  -4.500  -0.3266   0.01337   0.00404  -0.0359   1.0000   0.0133   1.0000  87.1360
  -4.000  -0.2745   0.01095   0.00224  -0.0349   1.0000   0.0144   1.0000  87.2897
  -3.500  -0.2220   0.00972   0.00142  -0.0339   1.0000   0.0189   1.0000  87.9418
  -3.000  -0.1697   0.00846   0.00076  -0.0330   1.0000   0.0522   1.0000  90.9634
  -2.500  -0.1180   0.00781   0.00060  -0.0323   1.0000   0.1191   1.0000  95.9923
  -2.000  -0.0619   0.00722   0.00053  -0.0327   0.9981   0.2169   1.2379 103.1054
  -1.500   0.0150   0.00640   0.00049  -0.0376   0.9825   0.3995   2.7546 116.2517
  -1.000   0.0835   0.00544   0.00048  -0.0404   0.9534   0.6541   4.9042 134.5832
  -0.500   0.1437   0.00459   0.00044  -0.0399   0.9058   1.0000   8.3432 160.0000
   0.000   0.1940   0.00476   0.00035  -0.0379   0.8422   1.0000  12.9347 160.0000
   0.500   0.2457   0.00503   0.00029  -0.0365   0.7737   1.0000  17.8789 160.0000
   1.000   0.2986   0.00536   0.00027  -0.0354   0.7050   1.0000  22.8381 160.0000
   1.500   0.3523   0.00571   0.00028  -0.0347   0.6367   1.0000  27.7692 160.0000
   2.000   0.4061   0.00611   0.00031  -0.0341   0.5659   1.0000  32.8861 160.0000
   2.500   0.4602   0.00656   0.00037  -0.0337   0.4932   1.0000  38.1507 160.0000
   3.000   0.5142   0.00706   0.00046  -0.0333   0.4196   1.0000  43.4753 160.0000
   3.500   0.5681   0.00761   0.00059  -0.0330   0.3504   1.0000  48.4930 160.0000
   4.000   0.6219   0.00820   0.00075  -0.0327   0.2874   1.0000  53.0722 160.0000
   4.500   0.6756   0.00882   0.00096  -0.0324   0.2303   1.0000  57.2390 160.0000
   5.000   0.7289   0.00951   0.00120  -0.0321   0.1778   1.0000  61.1032 160.0000
   5.500   0.7818   0.01028   0.00150  -0.0318   0.1284   1.0000  64.7869 160.0000
   6.000   0.8339   0.01119   0.00190  -0.0314   0.0828   1.0000  68.2775 160.0000
   6.500   0.8851   0.01234   0.00248  -0.0309   0.0478   1.0000  71.1252 160.0000
   7.000   0.9349   0.01384   0.00331  -0.0301   0.0271   1.0000  73.0254 160.0000
   7.500   0.9841   0.01537   0.00418  -0.0291   0.0175   1.0000  74.1252 160.0000
   8.000   1.0276   0.01815   0.00576  -0.0276   0.0117   1.0000  75.0016 160.0000
   8.500   1.0736   0.02018   0.00706  -0.0262   0.0098   1.0000  75.4041 160.0000
   9.000   1.1168   0.02244   0.00855  -0.0249   0.0081   1.0000  75.7927 160.0000
   9.500   1.1442   0.02815   0.01272  -0.0222   0.0070   1.0000  76.0530 160.0000
  10.000   1.1732   0.03257   0.01638  -0.0199   0.0066   1.0000  76.2023 160.0000
  10.500   1.1847   0.03885   0.02181  -0.0172   0.0062   1.0000  76.3361 160.0000
  11.000   1.1684   0.04636   0.02863  -0.0141   0.0060   1.0000  76.3913 160.0000
  11.500   1.1342   0.05692   0.03872  -0.0187   0.0061   1.0000  76.3785 160.0000
  12.000   1.0974   0.07428   0.05602  -0.0334   0.0062   1.0000  76.3182 160.0000
  12.500   1.0519   0.09572   0.07822  -0.0480   0.0066   1.0000  76.2002 160.0000
