  
       XFOIL         Version 6.99
  
 Calculated polar for: AG08                                            
  
 1 1 Reynolds number fixed          Mach number fixed         
  
 xtrf =   1.000 (top)        1.000 (bottom)  
 Mach =   0.000     Re =     1.000 e 6     Ncrit =   9.000  9.000
  
   alpha    CL        CD       CDp       CM     Top_Xtr  Bot_Xtr  Top_Itr  Bot_Itr
  ------ -------- --------- --------- -------- -------- -------- -------- --------
  -6.000  -0.4778   0.01476   0.00671  -0.0394   1.0000   0.0071   1.0000  85.8752
  -5.500  -0.4256   0.01215   0.00425  -0.0389   1.0000   0.0076   1.0000  86.0459
  -5.000  -0.3730   0.01039   0.00294  -0.0384   1.0000   0.0095   1.0000  86.5249
  -4.500  -0.3196   0.00963   0.00231  -0.0377   1.0000   0.0113   1.0000  86.9635
  -4.000  -0.2670   0.00824   0.00134  -0.0369   1.0000   0.0148   1.0000  87.5627
  -3.500  -0.2146   0.00756   0.00087  -0.0360   1.0000   0.0203   1.0000  88.3410
  -3.000  -0.1625   0.00705   0.00058  -0.0350   1.0000   0.0319   1.0000  89.5645
  -2.500  -0.0988   0.00660   0.00040  -0.0367   0.9958   0.0578   1.5232  91.7198
  -2.000  -0.0277   0.00617   0.00026  -0.0400   0.9841   0.1015   2.6326  94.9921
  -1.500   0.0379   0.00571   0.00017  -0.0421   0.9573   0.1825   4.6312 100.8691
  -1.000   0.0907   0.00534   0.00011  -0.0410   0.9040   0.2962   8.4739 109.0203
  -0.500   0.1416   0.00503   0.00007  -0.0397   0.8343   0.4539  13.4854 120.3236
   0.000   0.1888   0.00409   0.00009  -0.0377   0.7570   0.8489  19.0466 148.6276
   0.500   0.2461   0.00415   0.00006  -0.0375   0.6748   1.0000  24.9553 160.0000
   1.000   0.3005   0.00454   0.00007  -0.0370   0.5882   1.0000  31.1783 160.0000
   1.500   0.3552   0.00495   0.00011  -0.0367   0.5049   1.0000  37.1690 160.0000
   2.000   0.4101   0.00537   0.00017  -0.0365   0.4302   1.0000  42.5447 160.0000
   2.500   0.4651   0.00578   0.00026  -0.0363   0.3650   1.0000  47.2423 160.0000
   3.000   0.5200   0.00620   0.00035  -0.0361   0.3077   1.0000  51.3786 160.0000
   3.500   0.5748   0.00664   0.00047  -0.0359   0.2559   1.0000  55.1349 160.0000
   4.000   0.6294   0.00712   0.00062  -0.0357   0.2055   1.0000  58.8128 160.0000
   4.500   0.6836   0.00768   0.00081  -0.0355   0.1549   1.0000  62.5420 160.0000
   5.000   0.7372   0.00836   0.00107  -0.0353   0.1024   1.0000  66.4874 160.0000
   5.500   0.7903   0.00914   0.00141  -0.0349   0.0592   1.0000  69.8883 160.0000
   6.000   0.8429   0.01001   0.00184  -0.0345   0.0277   1.0000  72.7058 160.0000
   6.500   0.8952   0.01101   0.00238  -0.0340   0.0132   1.0000  74.5640 160.0000
   7.000   0.9469   0.01210   0.00302  -0.0333   0.0091   1.0000  75.3891 160.0000
   7.500   0.9967   0.01357   0.00391  -0.0324   0.0072   1.0000  75.8809 160.0000
   8.000   1.0440   0.01553   0.00524  -0.0312   0.0065   1.0000  76.1069 160.0000
   8.500   1.0917   0.01720   0.00643  -0.0301   0.0057   1.0000  76.3749 160.0000
   9.000   1.1364   0.01934   0.00798  -0.0288   0.0051   1.0000  76.6176 160.0000
   9.500   1.1776   0.02201   0.01000  -0.0272   0.0047   1.0000  76.7681 160.0000
  10.000   1.2056   0.02700   0.01393  -0.0247   0.0042   1.0000  76.9363 160.0000
  10.500   1.2131   0.03479   0.02049  -0.0212   0.0041   1.0000  76.9784 160.0000
  11.000   1.2034   0.04266   0.02752  -0.0180   0.0041   1.0000  76.9848 160.0000
  11.500   1.1744   0.05061   0.03496  -0.0178   0.0041   1.0000  76.9825 160.0000
  12.000   1.1508   0.06432   0.04832  -0.0301   0.0041   1.0000  76.9745 160.0000
  12.500   1.1278   0.08113   0.06521  -0.0433   0.0042   1.0000  76.9592 160.0000
  13.000   1.0998   0.09781   0.08241  -0.0531   0.0042   1.0000  76.9346 160.0000
  13.500   1.0635   0.11625   0.10226  -0.0622   0.0044   1.0000  76.8832 160.0000
