  
       XFOIL         Version 6.99
  
 Calculated polar for: AG09                                            
  
 1 1 Reynolds number fixed          Mach number fixed         
  
 xtrf =   1.000 (top)        1.000 (bottom)  
 Mach =   0.000     Re =     0.500 e 6     Ncrit =   9.000  9.000
  
   alpha    CL        CD       CDp       CM     Top_Xtr  Bot_Xtr  Top_Itr  Bot_Itr
  ------ -------- --------- --------- -------- -------- -------- -------- --------
   0.000   0.1887   0.00447   0.00043  -0.0359   0.9337   1.0000   6.3530 160.0000
   0.500   0.2385   0.00468   0.00033  -0.0336   0.8465   1.0000  12.5625 160.0000
   1.000   0.2890   0.00508   0.00028  -0.0317   0.7514   1.0000  19.3355 160.0000
   1.500   0.3416   0.00556   0.00027  -0.0307   0.6488   1.0000  26.6451 160.0000
   2.000   0.3952   0.00611   0.00030  -0.0300   0.5436   1.0000  34.1471 160.0000
   2.500   0.4493   0.00669   0.00039  -0.0297   0.4471   1.0000  41.0291 160.0000
   3.000   0.5037   0.00724   0.00051  -0.0294   0.3673   1.0000  46.7311 160.0000
   3.500   0.5582   0.00780   0.00066  -0.0292   0.3001   1.0000  51.5473 160.0000
   4.000   0.6125   0.00838   0.00085  -0.0290   0.2415   1.0000  55.7656 160.0000
   4.500   0.6666   0.00899   0.00106  -0.0288   0.1883   1.0000  59.6269 160.0000
   5.000   0.7204   0.00969   0.00132  -0.0286   0.1349   1.0000  63.5681 160.0000
   5.500   0.7732   0.01064   0.00169  -0.0283   0.0762   1.0000  68.0606 160.0000
   6.000   0.8247   0.01209   0.00242  -0.0278   0.0265   1.0000  72.4194 160.0000
   6.500   0.8756   0.01383   0.00342  -0.0270   0.0154   1.0000  73.8431 160.0000
   7.000   0.9243   0.01611   0.00490  -0.0258   0.0128   1.0000  74.3115 160.0000
   7.500   0.9714   0.01875   0.00674  -0.0244   0.0117   1.0000  74.5421 160.0000
   8.000   1.0174   0.02123   0.00857  -0.0234   0.0103   1.0000  74.8223 160.0000
   8.500   1.0554   0.02643   0.01253  -0.0216   0.0098   1.0000  74.9367 160.0000
   9.000   1.0828   0.03379   0.01866  -0.0194   0.0096   1.0000  74.9668 160.0000
   9.500   1.1010   0.04113   0.02534  -0.0176   0.0097   1.0000  74.9452 160.0000
