  
       XFOIL         Version 6.99
  
 Calculated polar for: AG09                                            
  
 1 1 Reynolds number fixed          Mach number fixed         
  
 xtrf =   1.000 (top)        1.000 (bottom)  
 Mach =   0.000     Re =     1.000 e 6     Ncrit =   9.000  9.000
  
   alpha    CL        CD       CDp       CM     Top_Xtr  Bot_Xtr  Top_Itr  Bot_Itr
  ------ -------- --------- --------- -------- -------- -------- -------- --------
  -5.500  -0.4338   0.01805   0.01103  -0.0340   1.0000   0.0091   1.0000  86.7445
  -5.000  -0.3801   0.01459   0.00715  -0.0339   1.0000   0.0098   1.0000  86.9655
  -4.500  -0.3263   0.01066   0.00352  -0.0338   1.0000   0.0105   1.0000  87.1171
  -4.000  -0.2715   0.00932   0.00246  -0.0335   1.0000   0.0121   1.0000  87.4543
  -3.500  -0.2163   0.00837   0.00165  -0.0331   1.0000   0.0141   1.0000  87.8873
  -3.000  -0.1611   0.00738   0.00092  -0.0327   1.0000   0.0184   1.0000  88.5541
  -2.500  -0.1063   0.00684   0.00059  -0.0323   1.0000   0.0279   1.0000  89.7035
  -2.000  -0.0521   0.00644   0.00039  -0.0317   1.0000   0.0463   1.0000  91.3565
  -1.500   0.0151   0.00610   0.00028  -0.0342   0.9839   0.0756   2.6995  93.6133
  -1.000   0.0768   0.00587   0.00020  -0.0350   0.9267   0.1154   6.8510  96.5070
  -0.500   0.1264   0.00581   0.00013  -0.0331   0.8423   0.1857  12.8627 101.5089
   0.500   0.2286   0.00414   0.00009  -0.0310   0.6677   1.0000  25.2938 160.0000
   1.000   0.2836   0.00456   0.00009  -0.0307   0.5734   1.0000  32.0167 160.0000
   1.500   0.3388   0.00499   0.00013  -0.0305   0.4828   1.0000  38.4838 160.0000
   2.000   0.3941   0.00542   0.00019  -0.0303   0.4050   1.0000  44.0407 160.0000
   2.500   0.4494   0.00583   0.00027  -0.0302   0.3395   1.0000  48.7210 160.0000
   3.000   0.5047   0.00625   0.00038  -0.0301   0.2820   1.0000  52.8482 160.0000
   3.500   0.5599   0.00668   0.00050  -0.0300   0.2311   1.0000  56.5202 160.0000
   4.500   0.6695   0.00769   0.00085  -0.0297   0.1373   1.0000  63.3864 160.0000
   5.000   0.7235   0.00837   0.00111  -0.0295   0.0880   1.0000  67.1314 160.0000
   5.500   0.7769   0.00923   0.00151  -0.0293   0.0410   1.0000  70.9920 160.0000
   6.000   0.8298   0.01031   0.00209  -0.0289   0.0144   1.0000  73.9972 160.0000
   6.500   0.8823   0.01148   0.00276  -0.0283   0.0093   1.0000  75.0474 160.0000
   7.000   0.9346   0.01255   0.00345  -0.0277   0.0078   1.0000  75.4857 160.0000
   7.500   0.9853   0.01395   0.00440  -0.0271   0.0067   1.0000  75.8161 160.0000
   8.000   1.0293   0.01719   0.00664  -0.0256   0.0061   1.0000  75.9841 160.0000
   8.500   1.0756   0.01948   0.00845  -0.0245   0.0059   1.0000  76.0733 160.0000
   9.000   1.1201   0.02199   0.01055  -0.0233   0.0056   1.0000  76.2221 160.0000
   9.500   1.1588   0.02562   0.01365  -0.0217   0.0051   1.0000  76.4128 160.0000
  10.000   1.1840   0.03167   0.01899  -0.0195   0.0049   1.0000  76.5037 160.0000
  10.500   1.1693   0.04331   0.02972  -0.0170   0.0051   1.0000  76.4056 160.0000
  11.000   1.1288   0.05448   0.04046  -0.0197   0.0053   1.0000  76.3458 160.0000
  11.500   1.0973   0.07504   0.06119  -0.0405   0.0053   1.0000  76.3377 160.0000
  12.000   1.0491   0.09839   0.08549  -0.0549   0.0054   1.0000  76.2998 160.0000
  12.500   0.9090   0.14712   0.13683  -0.0746   0.0095   1.0000  75.0045 160.0000
  13.000   0.9085   0.15853   0.15045  -0.0793   0.0094   1.0000  75.0088 160.0000
  13.500   0.9127   0.16908   0.16387  -0.0838   0.0094   1.0000  75.0168 160.0000
  14.000   0.9202   0.17891   0.17731  -0.0882   0.0093   1.0000  75.0354 160.0000
  14.500   0.9320   0.18841   0.19208  -0.0929   0.0088   1.0000  75.1894 160.0000
  15.000   0.9428   0.19789   0.20692  -0.0978   0.0079   1.0000  75.4529 160.0000
