  
       XFOIL         Version 6.99
  
 Calculated polar for: AG10                                            
  
 1 1 Reynolds number fixed          Mach number fixed         
  
 xtrf =   1.000 (top)        1.000 (bottom)  
 Mach =   0.000     Re =     1.000 e 6     Ncrit =   9.000  9.000
  
   alpha    CL        CD       CDp       CM     Top_Xtr  Bot_Xtr  Top_Itr  Bot_Itr
  ------ -------- --------- --------- -------- -------- -------- -------- --------
  -6.000  -0.5072   0.02163   0.01512  -0.0299   1.0000   0.0092   1.0000  88.1861
  -5.500  -0.4544   0.01560   0.00871  -0.0308   1.0000   0.0099   1.0000  88.4297
  -5.000  -0.3993   0.01281   0.00574  -0.0309   1.0000   0.0107   1.0000  88.7234
  -4.500  -0.3435   0.01106   0.00393  -0.0307   1.0000   0.0113   1.0000  88.9473
  -4.000  -0.2877   0.00947   0.00266  -0.0307   1.0000   0.0129   1.0000  89.4138
  -3.500  -0.2315   0.00868   0.00196  -0.0305   1.0000   0.0147   1.0000  89.9590
  -3.000  -0.1752   0.00781   0.00135  -0.0303   1.0000   0.0182   1.0000  90.7868
  -2.500  -0.1189   0.00725   0.00098  -0.0302   1.0000   0.0234   1.0000  91.8204
  -2.000  -0.0627   0.00680   0.00070  -0.0300   1.0000   0.0320   1.0000  93.0885
  -1.500  -0.0068   0.00638   0.00049  -0.0298   1.0000   0.0522   1.0000  95.1439
  -1.000   0.0536   0.00605   0.00040  -0.0306   0.9898   0.0912   2.3036  98.0890
  -0.500   0.1131   0.00586   0.00039  -0.0309   0.9055   0.1635   8.3490 102.9817
   0.500   0.2107   0.00440   0.00030  -0.0275   0.6347   1.0000  26.4891 160.0000
   1.000   0.2660   0.00498   0.00033  -0.0273   0.5003   1.0000  35.4955 160.0000
   1.500   0.3220   0.00543   0.00038  -0.0273   0.4111   1.0000  41.4760 160.0000
   2.000   0.3781   0.00582   0.00045  -0.0272   0.3468   1.0000  45.7960 160.0000
   2.500   0.4342   0.00618   0.00053  -0.0272   0.2924   1.0000  49.4753 160.0000
   3.500   0.5459   0.00701   0.00077  -0.0271   0.1924   1.0000  56.3534 160.0000
   4.000   0.6014   0.00751   0.00094  -0.0270   0.1456   1.0000  59.6751 160.0000
   4.500   0.6566   0.00808   0.00117  -0.0269   0.1021   1.0000  62.8767 160.0000
   5.000   0.7115   0.00869   0.00144  -0.0268   0.0660   1.0000  65.7383 160.0000
   5.500   0.7659   0.00942   0.00181  -0.0266   0.0362   1.0000  68.6229 160.0000
   6.000   0.8200   0.01029   0.00232  -0.0264   0.0190   1.0000  71.2348 160.0000
   6.500   0.8738   0.01120   0.00289  -0.0260   0.0132   1.0000  72.6260 160.0000
   7.000   0.9269   0.01225   0.00360  -0.0256   0.0105   1.0000  73.4297 160.0000
   7.500   0.9778   0.01391   0.00473  -0.0250   0.0089   1.0000  73.9974 160.0000
   8.000   1.0290   0.01518   0.00571  -0.0244   0.0083   1.0000  74.2103 160.0000
   8.500   1.0785   0.01679   0.00698  -0.0236   0.0077   1.0000  74.4605 160.0000
   9.000   1.1265   0.01856   0.00839  -0.0228   0.0072   1.0000  74.6966 160.0000
   9.500   1.1686   0.02159   0.01077  -0.0216   0.0066   1.0000  74.9184 160.0000
  10.000   1.2004   0.02686   0.01522  -0.0196   0.0064   1.0000  75.0344 160.0000
  10.500   1.2274   0.03207   0.01996  -0.0177   0.0063   1.0000  75.0654 160.0000
  11.000   1.2352   0.03939   0.02676  -0.0158   0.0063   1.0000  75.0713 160.0000
  11.500   1.2146   0.04794   0.03484  -0.0147   0.0063   1.0000  75.0708 160.0000
