  
       XFOIL         Version 6.99
  
 Calculated polar for: AG11                                            
  
 1 1 Reynolds number fixed          Mach number fixed         
  
 xtrf =   1.000 (top)        1.000 (bottom)  
 Mach =   0.000     Re =     0.500 e 6     Ncrit =   9.000  9.000
  
   alpha    CL        CD       CDp       CM     Top_Xtr  Bot_Xtr  Top_Itr  Bot_Itr
  ------ -------- --------- --------- -------- -------- -------- -------- --------
  -1.000   0.1269   0.00897   0.00168  -0.0402   0.9367   0.0186   6.1854  89.7242
  -0.500   0.1788   0.00803   0.00083  -0.0382   0.8830   0.0214   9.9641  90.1185
   1.000   0.3322   0.00554   0.00035  -0.0340   0.6850   1.0000  23.9136 160.0000
   1.500   0.3862   0.00592   0.00036  -0.0334   0.6136   1.0000  28.9476 160.0000
   2.000   0.4404   0.00635   0.00042  -0.0329   0.5389   1.0000  34.2183 160.0000
   2.500   0.4946   0.00684   0.00051  -0.0326   0.4599   1.0000  39.8063 160.0000
   3.000   0.5487   0.00739   0.00064  -0.0324   0.3838   1.0000  45.1943 160.0000
   3.500   0.6028   0.00796   0.00081  -0.0322   0.3172   1.0000  49.9272 160.0000
   4.000   0.6569   0.00855   0.00101  -0.0320   0.2588   1.0000  54.0969 160.0000
   4.500   0.7108   0.00915   0.00124  -0.0319   0.2088   1.0000  57.6864 160.0000
   5.000   0.7642   0.00983   0.00152  -0.0317   0.1630   1.0000  61.0182 160.0000
   5.500   0.8173   0.01056   0.00186  -0.0314   0.1249   1.0000  63.8463 160.0000
   6.000   0.8698   0.01138   0.00229  -0.0311   0.0947   1.0000  66.1470 160.0000
   6.500   0.9221   0.01223   0.00280  -0.0308   0.0768   1.0000  67.5659 160.0000
   7.000   0.9737   0.01314   0.00336  -0.0303   0.0648   1.0000  68.5467 160.0000
   7.500   1.0240   0.01427   0.00412  -0.0297   0.0565   1.0000  69.2454 160.0000
   8.000   1.0726   0.01565   0.00499  -0.0289   0.0485   1.0000  69.9455 160.0000
   8.500   1.1223   0.01671   0.00578  -0.0282   0.0441   1.0000  70.3616 160.0000
   9.000   1.1679   0.01845   0.00687  -0.0271   0.0380   1.0000  70.9351 160.0000
   9.500   1.2152   0.01973   0.00784  -0.0262   0.0344   1.0000  71.3140 160.0000
  10.000   1.2610   0.02104   0.00865  -0.0253   0.0301   1.0000  71.7799 160.0000
  10.500   1.3026   0.02299   0.01002  -0.0240   0.0261   1.0000  72.2634 160.0000
  11.000   1.3471   0.02402   0.01049  -0.0232   0.0215   1.0000  72.8714 160.0000
  12.500   1.4550   0.02984   0.01423  -0.0187   0.0107   1.0000  74.8472 160.0000
  13.000   1.4685   0.03361   0.01694  -0.0156   0.0084   1.0000  75.4818 160.0000
  13.500   1.4606   0.03832   0.02058  -0.0119   0.0072   1.0000  75.8440 160.0000
  14.000   1.4254   0.04878   0.02954  -0.0152   0.0068   1.0000  75.9850 160.0000
  14.500   1.3902   0.06354   0.04301  -0.0251   0.0067   1.0000  76.0066 160.0000
  15.000   1.3515   0.07997   0.05862  -0.0351   0.0069   1.0000  75.9543 160.0000
