  
       XFOIL         Version 6.99
  
 Calculated polar for: AG16                                            
  
 1 1 Reynolds number fixed          Mach number fixed         
  
 xtrf =   1.000 (top)        1.000 (bottom)  
 Mach =   0.000     Re =     0.500 e 6     Ncrit =   9.000  9.000
  
   alpha    CL        CD       CDp       CM     Top_Xtr  Bot_Xtr  Top_Itr  Bot_Itr
  ------ -------- --------- --------- -------- -------- -------- -------- --------
  -5.500  -0.3965   0.01597   0.00608  -0.0493   1.0000   0.0108   1.0000  86.2426
  -5.000  -0.3441   0.01356   0.00412  -0.0487   1.0000   0.0124   1.0000  86.5022
  -4.500  -0.2918   0.01222   0.00299  -0.0479   1.0000   0.0149   1.0000  86.9124
  -4.000  -0.2388   0.00983   0.00144  -0.0473   1.0000   0.0185   1.0000  87.3463
  -3.500  -0.1852   0.00866   0.00079  -0.0467   1.0000   0.0444   1.0000  89.7432
  -3.000  -0.1320   0.00776   0.00054  -0.0465   1.0000   0.1412   1.0000  97.0799
  -2.500  -0.0752   0.00714   0.00051  -0.0472   0.9985   0.2538   1.1780 105.3259
  -2.000   0.0024   0.00662   0.00049  -0.0520   0.9859   0.3617   2.4488 113.1693
  -1.500   0.0761   0.00619   0.00046  -0.0558   0.9653   0.4580   4.0068 120.1412
  -1.000   0.1367   0.00579   0.00045  -0.0563   0.9266   0.5672   6.8257 128.0640
  -0.500   0.1871   0.00544   0.00043  -0.0543   0.8743   0.6950  10.6258 137.3508
   0.000   0.2358   0.00485   0.00035  -0.0515   0.8166   1.0000  14.8295 160.0000
   0.500   0.2894   0.00512   0.00030  -0.0505   0.7552   1.0000  19.2933 160.0000
   1.000   0.3436   0.00544   0.00029  -0.0498   0.6939   1.0000  23.7539 160.0000
   1.500   0.3981   0.00578   0.00030  -0.0493   0.6331   1.0000  28.1827 160.0000
   2.000   0.4528   0.00615   0.00033  -0.0489   0.5718   1.0000  32.6396 160.0000
   2.500   0.5075   0.00657   0.00039  -0.0485   0.5103   1.0000  37.1193 160.0000
   3.000   0.5621   0.00702   0.00047  -0.0482   0.4475   1.0000  41.6967 160.0000
   3.500   0.6164   0.00755   0.00058  -0.0480   0.3819   1.0000  46.4831 160.0000
   4.000   0.6705   0.00814   0.00073  -0.0477   0.3171   1.0000  51.2152 160.0000
   4.500   0.7241   0.00883   0.00094  -0.0474   0.2517   1.0000  56.0148 160.0000
   5.000   0.7775   0.00956   0.00119  -0.0471   0.1938   1.0000  60.2833 160.0000
   5.500   0.8301   0.01043   0.00152  -0.0468   0.1346   1.0000  64.7065 160.0000
   6.000   0.8820   0.01144   0.00195  -0.0464   0.0829   1.0000  68.6675 160.0000
   6.500   0.9326   0.01273   0.00256  -0.0458   0.0414   1.0000  72.0707 160.0000
   7.000   0.9825   0.01419   0.00331  -0.0450   0.0201   1.0000  74.1392 160.0000
   7.500   1.0299   0.01624   0.00434  -0.0436   0.0115   1.0000  75.3247 160.0000
   8.000   1.0748   0.01859   0.00561  -0.0421   0.0089   1.0000  75.8185 160.0000
   8.500   1.1076   0.02384   0.00890  -0.0392   0.0079   1.0000  76.0194 160.0000
   9.000   1.1517   0.02577   0.01047  -0.0378   0.0070   1.0000  76.2719 160.0000
   9.500   1.1838   0.03024   0.01392  -0.0354   0.0065   1.0000  76.4043 160.0000
  10.000   1.2052   0.03578   0.01846  -0.0325   0.0061   1.0000  76.5198 160.0000
  10.500   1.2089   0.04246   0.02425  -0.0293   0.0058   1.0000  76.6001 160.0000
  11.000   1.1818   0.05028   0.03142  -0.0262   0.0058   1.0000  76.6083 160.0000
  11.500   1.1414   0.06289   0.04364  -0.0330   0.0060   1.0000  76.5692 160.0000
  12.000   1.0974   0.08222   0.06323  -0.0485   0.0062   1.0000  76.4922 160.0000
  12.500   1.0439   0.10661   0.08920  -0.0642   0.0067   1.0000  76.3492 160.0000
  13.000   0.9697   0.13770   0.12437  -0.0792   0.0077   1.0000  76.0721 160.0000
