  
       XFOIL         Version 6.99
  
 Calculated polar for: AG17                                            
  
 1 1 Reynolds number fixed          Mach number fixed         
  
 xtrf =   1.000 (top)        1.000 (bottom)  
 Mach =   0.000     Re =     0.500 e 6     Ncrit =   9.000  9.000
  
   alpha    CL        CD       CDp       CM     Top_Xtr  Bot_Xtr  Top_Itr  Bot_Itr
  ------ -------- --------- --------- -------- -------- -------- -------- --------
   0.000   0.2490   0.00474   0.00030  -0.0533   0.8407   1.0000  13.1197 160.0000
   0.500   0.3019   0.00500   0.00025  -0.0521   0.7790   1.0000  17.6217 160.0000
   1.000   0.3555   0.00531   0.00024  -0.0512   0.7161   1.0000  22.2115 160.0000
   1.500   0.4095   0.00567   0.00025  -0.0505   0.6501   1.0000  27.0313 160.0000
   2.000   0.4638   0.00608   0.00028  -0.0500   0.5802   1.0000  32.1372 160.0000
   2.500   0.5180   0.00654   0.00035  -0.0495   0.5065   1.0000  37.5218 160.0000
   3.000   0.5720   0.00707   0.00044  -0.0492   0.4324   1.0000  42.9446 160.0000
   3.500   0.6260   0.00765   0.00058  -0.0489   0.3598   1.0000  48.2550 160.0000
   4.000   0.6798   0.00828   0.00075  -0.0486   0.2930   1.0000  53.1554 160.0000
   4.500   0.7334   0.00896   0.00097  -0.0483   0.2307   1.0000  57.7386 160.0000
   5.000   0.7866   0.00971   0.00124  -0.0480   0.1750   1.0000  61.8650 160.0000
   5.500   0.8392   0.01057   0.00157  -0.0476   0.1219   1.0000  65.8582 160.0000
   6.000   0.8913   0.01153   0.00201  -0.0472   0.0782   1.0000  69.2369 160.0000
   6.500   0.9423   0.01272   0.00258  -0.0466   0.0437   1.0000  72.0574 160.0000
   7.000   0.9922   0.01414   0.00330  -0.0458   0.0222   1.0000  74.0782 160.0000
   7.500   1.0184   0.00866   0.00238  -0.0418   0.0124   1.0000  75.3455 160.0000
   8.000   1.0579   0.01129   0.00376  -0.0397   0.0091   1.0000  75.9073 160.0000
   8.500   1.0967   0.01415   0.00551  -0.0376   0.0077   1.0000  76.2244 160.0000
   9.000   1.1326   0.01751   0.00759  -0.0353   0.0068   1.0000  76.4545 160.0000
   9.500   1.1622   0.02168   0.01026  -0.0327   0.0061   1.0000  76.6417 160.0000
  10.000   1.1819   0.02657   0.01344  -0.0298   0.0056   1.0000  76.7939 160.0000
  10.500   1.1766   0.03368   0.01823  -0.0255   0.0053   1.0000  76.8633 160.0000
  11.000   1.1413   0.04099   0.02342  -0.0212   0.0053   1.0000  76.8660 160.0000
  11.500   1.0988   0.05257   0.03166  -0.0244   0.0054   1.0000  76.8451 160.0000
  12.000   1.0533   0.07007   0.04486  -0.0336   0.0056   1.0000  76.7953 160.0000
  12.500   0.9919   0.09381   0.06443  -0.0456   0.0060   1.0000  76.6730 160.0000
  13.000   0.9055   0.12296   0.09150  -0.0582   0.0071   1.0000  76.3861 160.0000
  13.500   0.8216   0.14770   0.11637  -0.0661   0.0083   1.0000  76.0749 160.0000
