  
       XFOIL         Version 6.99
  
 Calculated polar for: AG19                                            
  
 1 1 Reynolds number fixed          Mach number fixed         
  
 xtrf =   1.000 (top)        1.000 (bottom)  
 Mach =   0.000     Re =     0.500 e 6     Ncrit =   9.000  9.000
  
   alpha    CL        CD       CDp       CM     Top_Xtr  Bot_Xtr  Top_Itr  Bot_Itr
  ------ -------- --------- --------- -------- -------- -------- -------- --------
  -3.000  -0.0983   0.01116   0.00295  -0.0505   1.0000   0.0149   1.0000  86.7018
  -2.000   0.0108   0.00797   0.00062  -0.0493   1.0000   0.0371   1.0000  88.8294
  -1.000   0.1580   0.00584   0.00038  -0.0577   0.9705   0.4967   3.6392 122.6685
   0.000   0.2711   0.00458   0.00024  -0.0563   0.8768   1.0000  10.5404 160.0000
   1.000   0.3754   0.00513   0.00017  -0.0534   0.7494   1.0000  19.8845 160.0000
   2.000   0.4819   0.00597   0.00021  -0.0517   0.5890   1.0000  31.6543 160.0000
   3.000   0.5885   0.00723   0.00043  -0.0507   0.3949   1.0000  45.9128 160.0000
   4.000   0.6957   0.00852   0.00080  -0.0501   0.2543   1.0000  56.2600 160.0000
   5.000   0.8021   0.00995   0.00132  -0.0494   0.1454   1.0000  64.3671 160.0000
   6.000   0.9067   0.01172   0.00214  -0.0485   0.0716   1.0000  70.0432 160.0000
   7.000   1.0081   0.01420   0.00339  -0.0471   0.0255   1.0000  74.0025 160.0000
   8.000   1.1002   0.01890   0.00595  -0.0443   0.0094   1.0000  76.0529 160.0000
   9.000   1.1873   0.02378   0.00915  -0.0414   0.0063   1.0000  76.7843 160.0000
