  
       XFOIL         Version 6.99
  
 Calculated polar for: AG25 Bubble Dancer DLG by Mark Drela | The AG2x 
  
 1 1 Reynolds number fixed          Mach number fixed         
  
 xtrf =   1.000 (top)        1.000 (bottom)  
 Mach =   0.000     Re =     0.500 e 6     Ncrit =   9.000  9.000
  
   alpha    CL        CD       CDp       CM     Top_Xtr  Bot_Xtr  Top_Itr  Bot_Itr
  ------ -------- --------- --------- -------- -------- -------- -------- --------
  -4.000  -0.1749   0.01130   0.00282  -0.0615   0.9924   0.0152   1.9299  87.4188
  -3.000  -0.0247   0.00843   0.00094  -0.0695   0.9770   0.0564   3.1672  91.2230
  -2.000   0.1006   0.00663   0.00060  -0.0727   0.9394   0.3804   5.9202 114.8098
  -1.000   0.2048   0.00571   0.00055  -0.0702   0.8783   0.6579  10.3537 134.7620
   0.000   0.3054   0.00506   0.00044  -0.0660   0.8044   1.0000  15.7095 160.0000
   1.000   0.4154   0.00550   0.00038  -0.0650   0.7167   1.0000  22.0622 160.0000
   2.000   0.5251   0.00613   0.00041  -0.0642   0.6123   1.0000  29.6343 160.0000
   3.000   0.6340   0.00699   0.00055  -0.0636   0.4960   1.0000  38.0581 160.0000
   4.000   0.7420   0.00805   0.00081  -0.0631   0.3770   1.0000  46.6812 160.0000
   5.000   0.8485   0.00938   0.00123  -0.0625   0.2615   1.0000  55.0939 160.0000
   6.000   0.9524   0.01107   0.00186  -0.0617   0.1504   1.0000  63.3026 160.0000
   7.000   1.0521   0.01339   0.00289  -0.0605   0.0547   1.0000  70.7688 160.0000
   8.000   1.1427   0.01731   0.00481  -0.0576   0.0126   1.0000  75.0974 160.0000
   9.000   1.2207   0.02255   0.00783  -0.0533   0.0077   1.0000  76.0889 160.0000
  10.000   1.2869   0.02883   0.01194  -0.0478   0.0062   1.0000  76.5459 160.0000
  11.000   1.3147   0.03817   0.01890  -0.0396   0.0056   1.0000  76.7335 160.0000
  12.000   1.2647   0.05374   0.03236  -0.0333   0.0057   1.0000  76.6799 160.0000
  13.000   1.1796   0.08396   0.06176  -0.0498   0.0061   1.0000  76.5717 160.0000
  14.000   1.0877   0.12605   0.10775  -0.0757   0.0064   1.0000  76.4606 160.0000
