  
       XFOIL         Version 6.99
  
 Calculated polar for: AG25 Bubble Dancer DLG by Mark Drela | The AG2x 
  
 1 1 Reynolds number fixed          Mach number fixed         
  
 xtrf =   1.000 (top)        1.000 (bottom)  
 Mach =   0.000     Re =     1.000 e 6     Ncrit =   9.000  9.000
  
   alpha    CL        CD       CDp       CM     Top_Xtr  Bot_Xtr  Top_Itr  Bot_Itr
  ------ -------- --------- --------- -------- -------- -------- -------- --------
  -4.000  -0.1307   0.00821   0.00129  -0.0698   0.9716   0.0107   3.5680  86.6690
  -3.000  -0.0189   0.00683   0.00038  -0.0690   0.9265   0.0369   6.8543  89.6596
  -2.000   0.0889   0.00578   0.00006  -0.0680   0.8643   0.2369  11.3690 104.4713
  -1.000   0.1990   0.00520   0.00000  -0.0675   0.7912   0.4668  16.6638 121.0102
   0.000   0.3090   0.00480   0.00008  -0.0670   0.7080   0.7206  22.6928 139.2726
   1.000   0.4144   0.00461   0.00011  -0.0649   0.6118   1.0000  29.6651 160.0000
   2.000   0.5260   0.00526   0.00021  -0.0648   0.5051   1.0000  37.3972 160.0000
   3.000   0.6367   0.00606   0.00038  -0.0647   0.3976   1.0000  45.1911 160.0000
   4.000   0.7464   0.00700   0.00065  -0.0645   0.2932   1.0000  52.7813 160.0000
   5.000   0.8544   0.00816   0.00104  -0.0641   0.1943   1.0000  60.0318 160.0000
   6.000   0.9598   0.00967   0.00164  -0.0636   0.0995   1.0000  67.1703 160.0000
   7.000   1.0622   0.01158   0.00256  -0.0626   0.0308   1.0000  72.9084 160.0000
   8.000   1.1610   0.01398   0.00378  -0.0609   0.0069   1.0000  76.3202 160.0000
   9.000   1.2526   0.01727   0.00564  -0.0582   0.0043   1.0000  77.1837 160.0000
  10.000   1.3373   0.02086   0.00790  -0.0550   0.0031   1.0000  77.7377 160.0000
  11.000   1.3741   0.02985   0.01399  -0.0467   0.0027   1.0000  77.9602 160.0000
  12.000   1.3579   0.04044   0.02230  -0.0361   0.0027   1.0000  77.9641 160.0000
  13.000   1.3182   0.05753   0.03747  -0.0390   0.0027   1.0000  77.9475 160.0000
  14.000   1.2626   0.08472   0.06351  -0.0548   0.0027   1.0000  77.9262 160.0000
  15.000   1.1959   0.11775   0.09797  -0.0730   0.0028   1.0000  77.8946 160.0000
