  
       XFOIL         Version 6.99
  
 Calculated polar for: AG26 Bubble Dancer DLG by Mark Drela | The AG2x 
  
 1 1 Reynolds number fixed          Mach number fixed         
  
 xtrf =   1.000 (top)        1.000 (bottom)  
 Mach =   0.000     Re =     1.000 e 6     Ncrit =   9.000  9.000
  
   alpha    CL        CD       CDp       CM     Top_Xtr  Bot_Xtr  Top_Itr  Bot_Itr
  ------ -------- --------- --------- -------- -------- -------- -------- --------
  -4.000  -0.1383   0.00897   0.00185  -0.0671   0.9850   0.0082   2.5406  86.1072
  -3.000  -0.0142   0.00702   0.00054  -0.0691   0.9465   0.0165   5.4067  87.5815
  -2.000   0.0922   0.00608   0.00007  -0.0672   0.8754   0.1298  10.5737  96.6376
  -1.000   0.2012   0.00535  -0.00002  -0.0666   0.7946   0.3920  16.4363 115.5785
   0.000   0.3105   0.00478   0.00005  -0.0659   0.7076   0.7162  22.7397 138.9640
   1.000   0.4173   0.00456   0.00008  -0.0641   0.6160   1.0000  29.3806 160.0000
   2.000   0.5283   0.00522   0.00018  -0.0638   0.5039   1.0000  37.5108 160.0000
   3.000   0.6382   0.00611   0.00037  -0.0635   0.3772   1.0000  46.7162 160.0000
   4.000   0.7472   0.00713   0.00067  -0.0632   0.2657   1.0000  54.8350 160.0000
   5.000   0.8549   0.00832   0.00110  -0.0627   0.1681   1.0000  62.0235 160.0000
   6.000   0.9606   0.00976   0.00171  -0.0621   0.0864   1.0000  68.2301 160.0000
   7.000   1.0646   0.01135   0.00248  -0.0612   0.0374   1.0000  72.3053 160.0000
   8.000   1.1642   0.01358   0.00366  -0.0597   0.0093   1.0000  75.7522 160.0000
   9.000   1.2570   0.01687   0.00549  -0.0572   0.0046   1.0000  77.0774 160.0000
  10.000   1.3446   0.02024   0.00762  -0.0543   0.0032   1.0000  77.6940 160.0000
  11.000   1.3875   0.02910   0.01368  -0.0468   0.0027   1.0000  77.9653 160.0000
  12.000   1.3711   0.04028   0.02249  -0.0363   0.0027   1.0000  77.9775 160.0000
  13.000   1.3200   0.05957   0.03982  -0.0412   0.0027   1.0000  77.9766 160.0000
  14.000   1.2627   0.08865   0.06802  -0.0590   0.0027   1.0000  77.9593 160.0000
  15.000   1.2022   0.12076   0.10182  -0.0761   0.0028   1.0000  77.9211 160.0000
