  
       XFOIL         Version 6.99
  
 Calculated polar for: AG36                                            
  
 1 1 Reynolds number fixed          Mach number fixed         
  
 xtrf =   1.000 (top)        1.000 (bottom)  
 Mach =   0.000     Re =     1.000 e 6     Ncrit =   9.000  9.000
  
   alpha    CL        CD       CDp       CM     Top_Xtr  Bot_Xtr  Top_Itr  Bot_Itr
  ------ -------- --------- --------- -------- -------- -------- -------- --------
  -6.000  -0.2644   0.00980   0.00276  -0.0492   0.9808   0.0149   2.9811  89.6107
  -5.000  -0.1516   0.00817   0.00149  -0.0486   0.9359   0.0199   6.1660  90.5553
  -4.000  -0.0468   0.00739   0.00071  -0.0461   0.8446   0.0333  12.5458  92.3175
  -3.000   0.0627   0.00654   0.00036  -0.0454   0.7756   0.1965  17.2865 104.3457
  -2.000   0.1705   0.00537   0.00027  -0.0451   0.6602   0.6350  25.2967 134.3391
  -1.000   0.2857   0.00498   0.00036  -0.0453   0.5620   1.0000  32.1195 160.0000
   0.000   0.3961   0.00533   0.00041  -0.0449   0.5184   1.0000  35.0994 160.0000
   1.000   0.5078   0.00567   0.00048  -0.0450   0.4744   1.0000  38.1236 160.0000
   2.000   0.6189   0.00618   0.00056  -0.0451   0.4024   1.0000  43.1820 160.0000
   3.000   0.7279   0.00708   0.00081  -0.0452   0.3031   1.0000  50.1586 160.0000
   4.000   0.8346   0.00833   0.00126  -0.0452   0.1934   1.0000  57.9549 160.0000
   5.000   0.9392   0.00981   0.00190  -0.0450   0.1033   1.0000  64.6077 160.0000
   6.000   1.0397   0.01178   0.00290  -0.0444   0.0311   1.0000  70.8987 160.0000
   7.000   1.1372   0.01400   0.00417  -0.0432   0.0110   1.0000  74.2841 160.0000
   8.000   1.2295   0.01660   0.00577  -0.0414   0.0076   1.0000  75.3891 160.0000
   9.000   1.3047   0.02078   0.00849  -0.0376   0.0059   1.0000  76.0287 160.0000
  10.000   1.3727   0.02472   0.01129  -0.0332   0.0053   1.0000  76.3343 160.0000
  11.000   1.4006   0.03043   0.01547  -0.0246   0.0049   1.0000  76.5069 160.0000
  12.000   1.3966   0.03987   0.02299  -0.0197   0.0047   1.0000  76.6081 160.0000
  13.000   1.3694   0.05661   0.03735  -0.0248   0.0046   1.0000  76.6653 160.0000
  14.000   1.3088   0.08182   0.06046  -0.0365   0.0046   1.0000  76.6684 160.0000
  15.000   1.2237   0.11528   0.09426  -0.0529   0.0047   1.0000  76.6150 160.0000
