  
       XFOIL         Version 6.99
  
 Calculated polar for: AG37                                            
  
 1 1 Reynolds number fixed          Mach number fixed         
  
 xtrf =   1.000 (top)        1.000 (bottom)  
 Mach =   0.000     Re =     1.000 e 6     Ncrit =   9.000  9.000
  
   alpha    CL        CD       CDp       CM     Top_Xtr  Bot_Xtr  Top_Itr  Bot_Itr
  ------ -------- --------- --------- -------- -------- -------- -------- --------
  -6.000  -0.3176   0.01168   0.00436  -0.0417   0.9950   0.0113   1.6493  88.7415
  -5.000  -0.1773   0.00898   0.00219  -0.0476   0.9849   0.0150   2.6266  89.6469
  -4.000  -0.0555   0.00759   0.00115  -0.0491   0.9505   0.0219   5.1582  90.8778
  -2.000   0.1555   0.00571   0.00033  -0.0457   0.7252   0.4871  20.8248 124.1423
  -1.000   0.2646   0.00491   0.00036  -0.0447   0.5736   1.0000  31.3925 160.0000
   0.000   0.3758   0.00531   0.00043  -0.0445   0.5182   1.0000  35.1864 160.0000
   1.000   0.4880   0.00570   0.00050  -0.0446   0.4649   1.0000  38.8562 160.0000
   2.000   0.5991   0.00633   0.00062  -0.0448   0.3764   1.0000  45.0650 160.0000
   3.000   0.7088   0.00719   0.00088  -0.0449   0.2828   1.0000  51.6370 160.0000
   4.000   0.8169   0.00830   0.00127  -0.0450   0.1870   1.0000  58.4658 160.0000
   5.000   0.9214   0.00993   0.00199  -0.0448   0.0836   1.0000  66.1968 160.0000
   6.000   1.0247   0.01158   0.00290  -0.0443   0.0369   1.0000  70.2374 160.0000
   7.000   1.1249   0.01353   0.00409  -0.0434   0.0220   1.0000  72.0072 160.0000
   8.000   1.2213   0.01565   0.00545  -0.0421   0.0159   1.0000  73.0296 160.0000
   9.000   1.3134   0.01791   0.00692  -0.0405   0.0120   1.0000  73.9004 160.0000
  10.000   1.3990   0.02051   0.00871  -0.0381   0.0096   1.0000  74.5822 160.0000
  11.000   1.4645   0.02457   0.01156  -0.0335   0.0076   1.0000  75.2079 160.0000
  12.000   1.5133   0.02854   0.01438  -0.0271   0.0064   1.0000  75.6726 160.0000
  13.000   1.4831   0.03957   0.02295  -0.0195   0.0056   1.0000  75.9927 160.0000
  14.000   1.4614   0.05650   0.03736  -0.0263   0.0054   1.0000  76.0974 160.0000
  15.000   1.3877   0.08447   0.06277  -0.0398   0.0054   1.0000  76.1206 160.0000
