  
       XFOIL         Version 6.99
  
 Calculated polar for: AG37                                            
  
 1 1 Reynolds number fixed          Mach number fixed         
  
 xtrf =   1.000 (top)        1.000 (bottom)  
 Mach =   0.000     Re =     0.500 e 6     Ncrit =   9.000  9.000
  
   alpha    CL        CD       CDp       CM     Top_Xtr  Bot_Xtr  Top_Itr  Bot_Itr
  ------ -------- --------- --------- -------- -------- -------- -------- --------
  -4.000  -0.0919   0.00997   0.00221  -0.0425   0.9861   0.0287   2.5220  91.7608
  -3.000   0.0543   0.00761   0.00100  -0.0497   0.9593   0.2048   4.5418 104.7801
  -2.000   0.1614   0.00501   0.00079  -0.0472   0.8650   0.9846  11.2018 158.3536
  -1.000   0.2714   0.00553   0.00058  -0.0460   0.7358   1.0000  20.1013 160.0000
   0.000   0.3771   0.00633   0.00057  -0.0445   0.5903   1.0000  30.2459 160.0000
   1.000   0.4869   0.00695   0.00074  -0.0441   0.5249   1.0000  34.7289 160.0000
   2.000   0.5972   0.00751   0.00089  -0.0440   0.4574   1.0000  39.3823 160.0000
   3.000   0.7056   0.00836   0.00106  -0.0438   0.3568   1.0000  46.4420 160.0000
   4.000   0.8123   0.00954   0.00145  -0.0436   0.2548   1.0000  53.6137 160.0000
   5.000   0.9153   0.01127   0.00213  -0.0431   0.1353   1.0000  62.2502 160.0000
   6.000   1.0127   0.01387   0.00352  -0.0420   0.0496   1.0000  69.0141 160.0000
   7.000   1.1075   0.01651   0.00518  -0.0402   0.0310   1.0000  70.8671 160.0000
   8.000   1.1909   0.02028   0.00765  -0.0371   0.0223   1.0000  71.9686 160.0000
   9.000   1.2726   0.02356   0.00994  -0.0341   0.0176   1.0000  72.7408 160.0000
  10.000   1.3298   0.02913   0.01395  -0.0284   0.0141   1.0000  73.4400 160.0000
  11.000   1.3547   0.03542   0.01851  -0.0201   0.0120   1.0000  73.9017 160.0000
  12.000   1.3321   0.04757   0.02864  -0.0155   0.0110   1.0000  74.1761 160.0000
  13.000   1.2963   0.06674   0.04592  -0.0238   0.0102   1.0000  74.3878 160.0000
  14.000   1.2163   0.09758   0.07596  -0.0406   0.0103   1.0000  74.3697 160.0000
