  
       XFOIL         Version 6.99
  
 Calculated polar for: AG45ct -02f                                     
  
 1 1 Reynolds number fixed          Mach number fixed         
  
 xtrf =   1.000 (top)        1.000 (bottom)  
 Mach =   0.000     Re =     1.000 e 6     Ncrit =   9.000  9.000
  
   alpha    CL        CD       CDp       CM     Top_Xtr  Bot_Xtr  Top_Itr  Bot_Itr
  ------ -------- --------- --------- -------- -------- -------- -------- --------
  -6.000  -0.4693   0.03508   0.02711  -0.0311   1.0000   0.0095   1.0000  87.1488
  -5.000  -0.3812   0.01564   0.00775  -0.0314   1.0000   0.0074   1.0000  86.5481
  -4.000  -0.2779   0.01094   0.00325  -0.0290   1.0000   0.0087   1.0000  86.9706
  -3.000  -0.1463   0.00787   0.00089  -0.0327   0.8685   0.0110  10.9586  87.4834
  -2.000  -0.0406   0.00716   0.00021  -0.0307   0.7247   0.0703  21.1916  93.3519
  -1.000   0.0687   0.00589   0.00008  -0.0305   0.6806   0.4139  24.5741 117.8840
   0.000   0.1726   0.00438   0.00010  -0.0282   0.6180   0.9694  29.0589 157.2456
   1.000   0.2916   0.00476   0.00008  -0.0295   0.5296   1.0000  35.3758 160.0000
   2.000   0.4019   0.00531   0.00015  -0.0289   0.4354   1.0000  42.1073 160.0000
   3.000   0.5121   0.00596   0.00031  -0.0285   0.3442   1.0000  48.6402 160.0000
   4.000   0.6219   0.00673   0.00054  -0.0281   0.2608   1.0000  54.6412 160.0000
   5.000   0.7304   0.00773   0.00090  -0.0277   0.1755   1.0000  60.8564 160.0000
   6.000   0.8377   0.00895   0.00143  -0.0272   0.1028   1.0000  66.3127 160.0000
   7.000   0.9429   0.01049   0.00220  -0.0266   0.0463   1.0000  70.8971 160.0000
   8.000   1.0455   0.01245   0.00333  -0.0256   0.0169   1.0000  74.0467 160.0000
   9.000   1.1454   0.01473   0.00473  -0.0244   0.0094   1.0000  75.4881 160.0000
  10.000   1.2377   0.01802   0.00692  -0.0225   0.0063   1.0000  76.3754 160.0000
  11.000   1.3079   0.02415   0.01126  -0.0191   0.0046   1.0000  76.9999 160.0000
  12.000   1.3752   0.02900   0.01505  -0.0160   0.0039   1.0000  77.3145 160.0000
  13.000   1.4005   0.03607   0.02082  -0.0118   0.0033   1.0000  77.6257 160.0000
  14.000   1.3690   0.05543   0.03797  -0.0233   0.0032   1.0000  77.7178 160.0000
  15.000   1.2738   0.08988   0.07074  -0.0429   0.0033   1.0000  77.6532 160.0000
