  
       XFOIL         Version 6.99
  
 Calculated polar for: AG45c -03f                                      
  
 1 1 Reynolds number fixed          Mach number fixed         
  
 xtrf =   1.000 (top)        1.000 (bottom)  
 Mach =   0.000     Re =     0.500 e 6     Ncrit =   9.000  9.000
  
   alpha    CL        CD       CDp       CM     Top_Xtr  Bot_Xtr  Top_Itr  Bot_Itr
  ------ -------- --------- --------- -------- -------- -------- -------- --------
  -6.000  -0.5366   0.07352   0.06549   0.0018   1.0000   0.0147   1.0000  88.4263
  -5.000  -0.4478   0.04900   0.03753  -0.0234   1.0000   0.0180   1.0000  88.9716
  -4.000  -0.3642   0.02903   0.02042  -0.0315   1.0000   0.0216   1.0000  89.4170
  -3.000  -0.2548   0.01486   0.00594  -0.0306   1.0000   0.0163   1.0000  88.6879
  -2.000  -0.1278   0.00983   0.00159  -0.0322   0.8461   0.0172  12.5189  88.8477
  -1.000  -0.0223   0.00823   0.00054  -0.0302   0.7293   0.1543  20.8050  99.6969
   0.000   0.0792   0.00602   0.00060  -0.0283   0.6849   0.8155  24.3242 146.3138
   1.000   0.1958   0.00576   0.00043  -0.0281   0.6315   1.0000  28.1647 160.0000
   2.000   0.3075   0.00608   0.00037  -0.0276   0.5640   1.0000  32.9731 160.0000
   3.000   0.4190   0.00655   0.00041  -0.0272   0.4920   1.0000  38.1007 160.0000
   4.000   0.5302   0.00714   0.00054  -0.0270   0.4170   1.0000  43.4421 160.0000
   5.000   0.6406   0.00792   0.00076  -0.0268   0.3321   1.0000  49.5323 160.0000
   6.000   0.7495   0.00903   0.00113  -0.0266   0.2377   1.0000  56.3384 160.0000
   7.000   0.8566   0.01052   0.00176  -0.0264   0.1481   1.0000  62.9061 160.0000
   8.000   0.9615   0.01232   0.00265  -0.0261   0.0796   1.0000  68.1405 160.0000
   9.000   1.0625   0.01485   0.00407  -0.0253   0.0321   1.0000  72.2902 160.0000
  10.000   1.1553   0.01876   0.00648  -0.0238   0.0160   1.0000  74.2693 160.0000
  11.000   1.2353   0.02411   0.01003  -0.0214   0.0107   1.0000  75.2537 160.0000
  12.000   1.2982   0.03063   0.01470  -0.0185   0.0083   1.0000  75.8375 160.0000
  13.000   1.2758   0.04548   0.02673  -0.0163   0.0075   1.0000  76.0413 160.0000
  14.000   1.2343   0.06750   0.04716  -0.0301   0.0074   1.0000  76.0999 160.0000
  15.000   1.1500   0.10060   0.08004  -0.0494   0.0076   1.0000  76.0224 160.0000
