  
       XFOIL         Version 6.99
  
 Calculated polar for: AG455ct -02f rot.                               
  
 1 1 Reynolds number fixed          Mach number fixed         
  
 xtrf =   1.000 (top)        1.000 (bottom)  
 Mach =   0.000     Re =     1.000 e 6     Ncrit =   9.000  9.000
  
   alpha    CL        CD       CDp       CM     Top_Xtr  Bot_Xtr  Top_Itr  Bot_Itr
  ------ -------- --------- --------- -------- -------- -------- -------- --------
  -6.000  -0.4627   0.04579   0.03611  -0.0253   1.0000   0.0091   1.0000  86.9957
  -5.000  -0.3786   0.02405   0.01636  -0.0325   1.0000   0.0106   1.0000  87.3204
  -4.000  -0.2737   0.01082   0.00335  -0.0303   1.0000   0.0086   1.0000  86.8244
  -3.000  -0.1521   0.00783   0.00107  -0.0321   0.9816   0.0107   2.8530  87.3218
  -2.000  -0.0387   0.00712   0.00020  -0.0313   0.7411   0.0497  20.0815  91.6040
  -1.000   0.0714   0.00603   0.00007  -0.0312   0.6857   0.3564  24.2783 113.6755
   0.000   0.1738   0.00436   0.00008  -0.0287   0.6161   0.9729  29.2753 157.4983
   2.000   0.4016   0.00534   0.00015  -0.0290   0.4233   1.0000  43.0760 160.0000
   3.000   0.5124   0.00604   0.00031  -0.0288   0.3254   1.0000  50.1117 160.0000
   4.000   0.6226   0.00688   0.00057  -0.0285   0.2326   1.0000  56.8192 160.0000
   5.000   0.7317   0.00790   0.00096  -0.0282   0.1513   1.0000  62.7807 160.0000
   6.000   0.8397   0.00908   0.00149  -0.0278   0.0884   1.0000  67.5490 160.0000
   7.000   0.9459   0.01053   0.00223  -0.0273   0.0425   1.0000  71.3535 160.0000
   8.000   1.0493   0.01246   0.00336  -0.0264   0.0172   1.0000  74.0918 160.0000
   9.000   1.1497   0.01477   0.00480  -0.0252   0.0095   1.0000  75.5051 160.0000
  10.000   1.2430   0.01809   0.00704  -0.0234   0.0063   1.0000  76.4015 160.0000
  11.000   1.3162   0.02411   0.01137  -0.0203   0.0046   1.0000  77.0212 160.0000
  12.000   1.3887   0.02857   0.01495  -0.0177   0.0037   1.0000  77.4368 160.0000
  13.000   1.4218   0.03551   0.02059  -0.0136   0.0031   1.0000  77.7387 160.0000
  14.000   1.3756   0.05732   0.04010  -0.0269   0.0030   1.0000  77.8006 160.0000
  15.000   1.2710   0.09451   0.07592  -0.0481   0.0032   1.0000  77.7006 160.0000
