  
       XFOIL         Version 6.99
  
 Calculated polar for: AG46ct  -02f rot.                               
  
 1 1 Reynolds number fixed          Mach number fixed         
  
 xtrf =   1.000 (top)        1.000 (bottom)  
 Mach =   0.000     Re =     0.500 e 6     Ncrit =   9.000  9.000
  
   alpha    CL        CD       CDp       CM     Top_Xtr  Bot_Xtr  Top_Itr  Bot_Itr
  ------ -------- --------- --------- -------- -------- -------- -------- --------
   0.000   0.1692   0.00528   0.00028  -0.0285   0.7143   1.0000  22.1021 160.0000
   1.000   0.2789   0.00568   0.00029  -0.0276   0.6318   1.0000  28.2188 160.0000
   2.000   0.3884   0.00622   0.00032  -0.0267   0.5311   1.0000  35.4446 160.0000
   3.000   0.4975   0.00698   0.00044  -0.0260   0.4111   1.0000  44.0795 160.0000
   4.000   0.6055   0.00812   0.00073  -0.0255   0.2721   1.0000  54.1198 160.0000
   5.000   0.7125   0.00955   0.00127  -0.0250   0.1539   1.0000  62.7564 160.0000
   6.000   0.8185   0.01114   0.00204  -0.0244   0.0853   1.0000  67.9404 160.0000
   7.000   0.9228   0.01300   0.00305  -0.0235   0.0419   1.0000  71.5255 160.0000
   8.000   1.0220   0.01593   0.00481  -0.0221   0.0203   1.0000  73.7530 160.0000
   9.000   1.1109   0.02075   0.00796  -0.0197   0.0125   1.0000  74.9077 160.0000
  10.000   1.1892   0.02697   0.01268  -0.0167   0.0094   1.0000  75.5712 160.0000
  11.000   1.2212   0.03877   0.02221  -0.0128   0.0077   1.0000  75.9636 160.0000
  13.000   1.1120   0.09045   0.07254  -0.0436   0.0078   1.0000  75.9484 160.0000
