  
       XFOIL         Version 6.99
  
 Calculated polar for: AG46c -03f                                      
  
 1 1 Reynolds number fixed          Mach number fixed         
  
 xtrf =   1.000 (top)        1.000 (bottom)  
 Mach =   0.000     Re =     0.500 e 6     Ncrit =   9.000  9.000
  
   alpha    CL        CD       CDp       CM     Top_Xtr  Bot_Xtr  Top_Itr  Bot_Itr
  ------ -------- --------- --------- -------- -------- -------- -------- --------
  -2.000  -0.1699   0.00990   0.00187  -0.0253   1.0000   0.0167   1.0000  88.2916
  -1.000  -0.0394   0.00743   0.00046  -0.0289   0.9276   0.1217   6.7661  96.7607
   0.000   0.0515   0.00533   0.00038  -0.0240   0.7488   0.8569  19.5668 149.1767
   1.000   0.1696   0.00554   0.00039  -0.0244   0.6959   1.0000  23.6248 160.0000
   2.000   0.2809   0.00571   0.00033  -0.0237   0.6327   1.0000  28.3399 160.0000
   3.000   0.3912   0.00617   0.00029  -0.0231   0.5312   1.0000  35.6464 160.0000
   4.000   0.5006   0.00701   0.00042  -0.0226   0.4021   1.0000  44.9414 160.0000
   5.000   0.6093   0.00818   0.00075  -0.0223   0.2620   1.0000  55.0583 160.0000
   6.000   0.7169   0.00964   0.00132  -0.0221   0.1461   1.0000  63.5323 160.0000
   7.000   0.8236   0.01120   0.00209  -0.0218   0.0814   1.0000  68.4377 160.0000
   8.000   0.9275   0.01336   0.00329  -0.0212   0.0382   1.0000  72.0398 160.0000
   9.000   1.0260   0.01671   0.00534  -0.0199   0.0190   1.0000  74.0790 160.0000
  10.000   1.1141   0.02201   0.00891  -0.0178   0.0124   1.0000  75.0933 160.0000
  11.000   1.1968   0.02702   0.01266  -0.0160   0.0091   1.0000  75.8043 160.0000
  12.000   1.2119   0.04169   0.02496  -0.0126   0.0079   1.0000  76.0854 160.0000
  13.000   1.1585   0.06408   0.04628  -0.0261   0.0078   1.0000  76.1042 160.0000
  14.000   1.0737   0.10221   0.08501  -0.0516   0.0083   1.0000  75.9762 160.0000
