  
       XFOIL         Version 6.99
  
 Calculated polar for: AG47ct  -02f rot.                               
  
 1 1 Reynolds number fixed          Mach number fixed         
  
 xtrf =   1.000 (top)        1.000 (bottom)  
 Mach =   0.000     Re =     0.500 e 6     Ncrit =   9.000  9.000
  
   alpha    CL        CD       CDp       CM     Top_Xtr  Bot_Xtr  Top_Itr  Bot_Itr
  ------ -------- --------- --------- -------- -------- -------- -------- --------
   0.000   0.1390   0.00445   0.00016  -0.0240   0.8556   1.0000  11.9802 160.0000
   1.000   0.2418   0.00533   0.00020  -0.0212   0.6946   1.0000  23.7822 160.0000
   2.000   0.3500   0.00592   0.00021  -0.0199   0.5529   1.0000  34.0810 160.0000
   3.000   0.4569   0.00721   0.00040  -0.0191   0.3233   1.0000  50.6947 160.0000
   4.000   0.5640   0.00876   0.00089  -0.0186   0.1465   1.0000  63.5860 160.0000
   5.000   0.6712   0.01028   0.00165  -0.0180   0.0719   1.0000  69.2190 160.0000
   6.000   0.7766   0.01230   0.00286  -0.0171   0.0377   1.0000  72.0352 160.0000
   7.000   0.8797   0.01492   0.00467  -0.0158   0.0231   1.0000  73.4969 160.0000
   8.000   0.9747   0.02011   0.00860  -0.0137   0.0166   1.0000  74.3147 160.0000
   9.000   1.0485   0.03055   0.01713  -0.0114   0.0121   1.0000  75.0027 160.0000
  10.000   1.0858   0.04503   0.03151  -0.0107   0.0106   1.0000  75.3264 160.0000
