  
       XFOIL         Version 6.99
  
 Calculated polar for: AG47ct  -02f rot.                               
  
 1 1 Reynolds number fixed          Mach number fixed         
  
 xtrf =   1.000 (top)        1.000 (bottom)  
 Mach =   0.000     Re =     1.000 e 6     Ncrit =   9.000  9.000
  
   alpha    CL        CD       CDp       CM     Top_Xtr  Bot_Xtr  Top_Itr  Bot_Itr
  ------ -------- --------- --------- -------- -------- -------- -------- --------
  -6.000  -0.5223   0.05133   0.04488  -0.0150   1.0000   0.0089   1.0000  86.4404
  -5.000  -0.4168   0.03211   0.02252  -0.0230   1.0000   0.0112   1.0000  86.9928
  -4.000  -0.3161   0.01162   0.00404  -0.0236   1.0000   0.0075   1.0000  86.1089
  -3.000  -0.2080   0.00807   0.00126  -0.0222   1.0000   0.0099   1.0000  86.6814
  -2.000  -0.0989   0.00655   0.00025  -0.0211   1.0000   0.0261   1.0000  88.9315
  -1.000   0.0246   0.00547  -0.00006  -0.0235   0.8116   0.3176  15.1539 110.3712
   0.000   0.1288   0.00400  -0.00000  -0.0215   0.6937   1.0000  23.8587 160.0000
   1.000   0.2391   0.00439  -0.00004  -0.0208   0.5811   1.0000  32.0396 160.0000
   2.000   0.3484   0.00524   0.00005  -0.0202   0.3996   1.0000  45.1631 160.0000
   3.000   0.4573   0.00640   0.00032  -0.0198   0.2119   1.0000  58.7935 160.0000
   4.000   0.5664   0.00745   0.00070  -0.0194   0.1070   1.0000  66.5341 160.0000
   5.000   0.6752   0.00850   0.00120  -0.0190   0.0558   1.0000  70.5018 160.0000
   6.000   0.7827   0.00986   0.00197  -0.0183   0.0275   1.0000  73.0057 160.0000
   7.000   0.8890   0.01144   0.00298  -0.0175   0.0166   1.0000  74.3097 160.0000
   8.000   0.9906   0.01422   0.00494  -0.0162   0.0113   1.0000  75.1674 160.0000
   9.000   1.0893   0.01715   0.00708  -0.0150   0.0082   1.0000  75.8568 160.0000
  10.000   1.1808   0.02131   0.01051  -0.0134   0.0061   1.0000  76.4644 160.0000
  11.000   1.2418   0.03075   0.01856  -0.0111   0.0045   1.0000  77.0157 160.0000
  12.000   1.2813   0.04041   0.02755  -0.0101   0.0040   1.0000  77.2431 160.0000
  13.000   1.1258   0.09428   0.08103  -0.0491   0.0046   1.0000  76.9743 160.0000
