  
       XFOIL         Version 6.99
  
 Calculated polar for: AG47c -03f                                      
  
 1 1 Reynolds number fixed          Mach number fixed         
  
 xtrf =   1.000 (top)        1.000 (bottom)  
 Mach =   0.000     Re =     1.000 e 6     Ncrit =   9.000  9.000
  
   alpha    CL        CD       CDp       CM     Top_Xtr  Bot_Xtr  Top_Itr  Bot_Itr
  ------ -------- --------- --------- -------- -------- -------- -------- --------
  -3.000  -0.3091   0.01081   0.00333  -0.0209   1.0000   0.0071   1.0000  86.0906
  -2.000  -0.1995   0.00801   0.00122  -0.0200   1.0000   0.0102   1.0000  86.8695
  -1.000  -0.0841   0.00695   0.00017  -0.0197   0.7784   0.0362  17.5253  89.9318
   0.000   0.0248   0.00587   0.00001  -0.0195   0.7113   0.3651  22.4506 113.8510
   2.000   0.2435   0.00443  -0.00004  -0.0176   0.5694   1.0000  33.0032 160.0000
   3.000   0.3537   0.00520   0.00003  -0.0172   0.4057   1.0000  44.8417 160.0000
   4.000   0.4631   0.00639   0.00032  -0.0171   0.2130   1.0000  58.8310 160.0000
   5.000   0.5725   0.00755   0.00075  -0.0169   0.0981   1.0000  67.3116 160.0000
   6.000   0.6817   0.00865   0.00129  -0.0167   0.0506   1.0000  71.0211 160.0000
   7.000   0.7900   0.00988   0.00200  -0.0163   0.0275   1.0000  73.1148 160.0000
   8.000   0.8964   0.01155   0.00305  -0.0157   0.0159   1.0000  74.5119 160.0000
   9.000   0.9986   0.01430   0.00502  -0.0148   0.0111   1.0000  75.3234 160.0000
  10.000   1.0934   0.01859   0.00824  -0.0135   0.0077   1.0000  76.0514 160.0000
  11.000   1.1896   0.02139   0.01054  -0.0127   0.0059   1.0000  76.6201 160.0000
  13.000   1.2808   0.04198   0.02895  -0.0111   0.0039   1.0000  77.3828 160.0000
  14.000   0.9150   0.15266   0.14724  -0.0767   0.0068   1.0000  76.3543 160.0000
  15.000   0.9085   0.17900   0.18063  -0.0877   0.0068   1.0000  76.3355 160.0000
