  
       XFOIL         Version 6.99
  
 Calculated polar for: AG55                                            
  
 1 1 Reynolds number fixed          Mach number fixed         
  
 xtrf =   1.000 (top)        1.000 (bottom)  
 Mach =   0.000     Re =     0.500 e 6     Ncrit =   9.000  9.000
  
   alpha    CL        CD       CDp       CM     Top_Xtr  Bot_Xtr  Top_Itr  Bot_Itr
  ------ -------- --------- --------- -------- -------- -------- -------- --------
  -3.000  -0.1512   0.01026   0.00205  -0.0354   1.0000   0.0159   1.0000  87.6287
  -1.000   0.1077   0.00481   0.00046  -0.0429   0.9067   0.8483   8.3029 148.5530
   0.000   0.2219   0.00498   0.00029  -0.0418   0.7887   1.0000  16.8255 160.0000
   1.000   0.3290   0.00552   0.00027  -0.0401   0.6796   1.0000  24.7108 160.0000
   2.000   0.4373   0.00615   0.00033  -0.0391   0.5700   1.0000  32.6431 160.0000
   3.000   0.5456   0.00696   0.00047  -0.0383   0.4505   1.0000  41.3044 160.0000
   4.000   0.6528   0.00805   0.00074  -0.0376   0.3197   1.0000  50.8096 160.0000
   5.000   0.7592   0.00938   0.00118  -0.0370   0.2039   1.0000  59.2865 160.0000
   6.000   0.8634   0.01110   0.00188  -0.0363   0.1006   1.0000  67.0292 160.0000
   7.000   0.9639   0.01356   0.00320  -0.0350   0.0394   1.0000  72.0078 160.0000
   8.000   1.0618   0.01630   0.00483  -0.0332   0.0221   1.0000  73.7301 160.0000
   9.000   1.1501   0.02044   0.00741  -0.0305   0.0137   1.0000  74.8451 160.0000
  10.000   1.2275   0.02566   0.01083  -0.0273   0.0083   1.0000  75.8967 160.0000
  11.000   1.2709   0.03490   0.01781  -0.0216   0.0060   1.0000  76.5358 160.0000
  12.000   1.2733   0.04393   0.02537  -0.0169   0.0049   1.0000  76.8897 160.0000
  15.000   0.7592   0.16725   0.14141  -0.0618   0.0114   1.0000  75.2344 160.0000
