  
       XFOIL         Version 6.99
  
 Calculated polar for: AH-7-47-6 AIRFOIL                               
  
 1 1 Reynolds number fixed          Mach number fixed         
  
 xtrf =   1.000 (top)        1.000 (bottom)  
 Mach =   0.000     Re =     0.500 e 6     Ncrit =   9.000  9.000
  
   alpha    CL        CD       CDp       CM     Top_Xtr  Bot_Xtr  Top_Itr  Bot_Itr
  ------ -------- --------- --------- -------- -------- -------- -------- --------
   0.000   0.8681   0.00924   0.00229  -0.2037   0.8870   0.0459  11.4768  93.9970
   1.000   0.9860   0.00842   0.00141  -0.2044   0.8458   0.0449  14.1951  93.8865
   2.000   1.0935   0.00858   0.00099  -0.2027   0.7747   0.0451  18.8531  93.9159
   4.000   1.2724   0.01047   0.00175  -0.1935   0.4513   1.0000  40.1164 160.0000
   5.000   1.3658   0.01199   0.00216  -0.1901   0.3528   1.0000  46.4742 160.0000
   6.000   1.4433   0.01497   0.00315  -0.1841   0.1665   1.0000  58.9441 160.0000
   7.000   1.5111   0.01876   0.00463  -0.1765   0.0247   1.0000  70.1327 160.0000
   8.000   1.5751   0.02222   0.00622  -0.1673   0.0140   1.0000  71.6801 160.0000
   9.000   1.6039   0.02737   0.00899  -0.1522   0.0114   1.0000  72.1660 160.0000
  10.000   1.6290   0.03330   0.01258  -0.1383   0.0101   1.0000  72.4871 160.0000
  11.000   1.6467   0.04060   0.01747  -0.1259   0.0087   1.0000  72.8414 160.0000
  13.000   1.6111   0.06813   0.03792  -0.1028   0.0080   1.0000  73.0351 160.0000
  14.000   1.5553   0.08764   0.05575  -0.0989   0.0081   1.0000  72.9805 160.0000
  15.000   1.5008   0.11076   0.08074  -0.1064   0.0083   1.0000  72.9500 160.0000
