  
       XFOIL         Version 6.99
  
 Calculated polar for: AH 79-100 A AIRFOIL                             
  
 1 1 Reynolds number fixed          Mach number fixed         
  
 xtrf =   1.000 (top)        1.000 (bottom)  
 Mach =   0.000     Re =     0.500 e 6     Ncrit =   9.000  9.000
  
   alpha    CL        CD       CDp       CM     Top_Xtr  Bot_Xtr  Top_Itr  Bot_Itr
  ------ -------- --------- --------- -------- -------- -------- -------- --------
  -6.000  -0.1777   0.01308   0.00456  -0.1185   0.9525   0.0247   5.9306  91.6997
  -5.000  -0.0637   0.01124   0.00311  -0.1192   0.9309   0.0346   7.4095  93.0090
  -3.000   0.1553   0.00773   0.00110  -0.1187   0.8809   0.2595  10.7768 109.0659
  -2.000   0.2650   0.00721   0.00106  -0.1179   0.8521   0.4230  12.7160 119.9640
  -1.000   0.3754   0.00709   0.00104  -0.1169   0.8206   0.5009  14.8265 125.1049
   0.000   0.4852   0.00704   0.00101  -0.1159   0.7839   0.5613  17.2982 129.0901
   1.000   0.5938   0.00704   0.00095  -0.1146   0.7367   0.6209  20.4928 133.0596
   2.000   0.6996   0.00711   0.00095  -0.1129   0.6781   0.7017  24.4504 138.4666
   3.000   0.8049   0.00702   0.00096  -0.1110   0.6029   1.0000  29.5318 160.0000
   4.000   0.9091   0.00783   0.00111  -0.1094   0.5301   1.0000  34.4209 160.0000
   5.000   1.0091   0.00890   0.00137  -0.1072   0.4359   1.0000  40.7541 160.0000
   6.000   1.1000   0.01075   0.00193  -0.1038   0.2878   1.0000  50.8076 160.0000
   7.000   1.1815   0.01354   0.00307  -0.0993   0.1267   1.0000  62.1231 160.0000
   8.000   1.2554   0.01681   0.00461  -0.0937   0.0294   1.0000  70.3897 160.0000
   9.000   1.3217   0.02019   0.00639  -0.0866   0.0173   1.0000  72.3046 160.0000
  10.000   1.3595   0.02431   0.00878  -0.0757   0.0144   1.0000  72.9142 160.0000
  11.000   1.3862   0.02991   0.01241  -0.0655   0.0132   1.0000  73.2043 160.0000
  12.000   1.4149   0.03623   0.01689  -0.0583   0.0118   1.0000  73.5975 160.0000
  13.000   1.4304   0.04499   0.02334  -0.0528   0.0108   1.0000  73.8519 160.0000
  14.000   1.4167   0.06013   0.03497  -0.0491   0.0103   1.0000  73.9985 160.0000
  15.000   1.3781   0.07818   0.05134  -0.0520   0.0102   1.0000  74.0426 160.0000
