  
       XFOIL         Version 6.99
  
 Calculated polar for: AH 79-100 A AIRFOIL                             
  
 1 1 Reynolds number fixed          Mach number fixed         
  
 xtrf =   1.000 (top)        1.000 (bottom)  
 Mach =   0.000     Re =     1.000 e 6     Ncrit =   9.000  9.000
  
   alpha    CL        CD       CDp       CM     Top_Xtr  Bot_Xtr  Top_Itr  Bot_Itr
  ------ -------- --------- --------- -------- -------- -------- -------- --------
  -6.000  -0.1798   0.00946   0.00239  -0.1169   0.9099   0.0191   8.8305  90.7435
  -5.000  -0.0699   0.00838   0.00154  -0.1166   0.8844   0.0259  10.5433  91.8910
  -4.000   0.0413   0.00750   0.00089  -0.1164   0.8600   0.0416  12.1847  93.7051
  -2.000   0.2630   0.00578   0.00027  -0.1162   0.8045   0.3423  15.9087 114.6142
  -1.000   0.3746   0.00560   0.00026  -0.1158   0.7701   0.4393  18.2317 121.0406
   0.000   0.4852   0.00562   0.00026  -0.1152   0.7250   0.5013  21.2807 125.1289
   1.000   0.5944   0.00580   0.00030  -0.1143   0.6680   0.5554  25.1336 128.6958
   3.000   0.8069   0.00656   0.00059  -0.1117   0.5247   0.6982  34.7842 138.2296
   4.000   0.9120   0.00671   0.00083  -0.1103   0.4456   1.0000  40.1021 160.0000
   5.000   1.0129   0.00789   0.00117  -0.1084   0.3364   1.0000  47.4960 160.0000
   6.000   1.1027   0.01008   0.00198  -0.1050   0.1650   1.0000  59.3630 160.0000
   7.000   1.1923   0.01216   0.00292  -0.1017   0.0674   1.0000  66.6787 160.0000
   8.000   1.2751   0.01468   0.00417  -0.0971   0.0149   1.0000  72.8110 160.0000
   9.000   1.3556   0.01701   0.00542  -0.0921   0.0107   1.0000  73.8872 160.0000
  10.000   1.4219   0.01973   0.00698  -0.0850   0.0094   1.0000  74.2989 160.0000
  11.000   1.4685   0.02275   0.00880  -0.0755   0.0082   1.0000  74.7143 160.0000
  12.000   1.4740   0.02929   0.01310  -0.0634   0.0074   1.0000  75.0158 160.0000
  13.000   1.4984   0.03556   0.01764  -0.0567   0.0070   1.0000  75.1779 160.0000
  14.000   1.5045   0.04481   0.02474  -0.0520   0.0066   1.0000  75.3515 160.0000
  15.000   1.4985   0.05716   0.03480  -0.0511   0.0062   1.0000  75.5264 160.0000
