  
       XFOIL         Version 6.99
  
 Calculated polar for: AH 79-K-143/18                                  
  
 1 1 Reynolds number fixed          Mach number fixed         
  
 xtrf =   1.000 (top)        1.000 (bottom)  
 Mach =   0.000     Re =     1.000 e 6     Ncrit =   9.000  9.000
  
   alpha    CL        CD       CDp       CM     Top_Xtr  Bot_Xtr  Top_Itr  Bot_Itr
  ------ -------- --------- --------- -------- -------- -------- -------- --------
  -6.000  -0.2789   0.01225   0.00316  -0.0739   0.7621   0.0194  19.5831  91.9525
  -5.000  -0.1815   0.01106   0.00252  -0.0718   0.7583   0.0291  19.8410  93.6934
  -4.000  -0.0833   0.01015   0.00219  -0.0700   0.7536   0.0718  20.1623  97.9575
  -3.000   0.0155   0.00915   0.00195  -0.0683   0.7475   0.1803  20.5797 105.1148
  -2.000   0.0964   0.00674   0.00139  -0.0636   0.7411   0.6416  21.0156 133.6642
  -1.000   0.1967   0.00633   0.00172  -0.0611   0.7329   0.8327  21.5883 145.9982
   0.000   0.3096   0.00669   0.00201  -0.0611   0.7252   0.8599  22.1351 147.8086
   1.000   0.4176   0.00715   0.00239  -0.0597   0.7144   0.8804  22.9008 149.1374
   2.000   0.5267   0.00711   0.00223  -0.0594   0.6998   0.8875  23.9313 149.6161
   3.000   0.6354   0.00704   0.00199  -0.0595   0.6777   0.8949  25.4553 150.1161
   4.000   0.7393   0.00708   0.00176  -0.0585   0.6461   0.8996  27.6300 150.4505
   5.000   0.8345   0.00751   0.00151  -0.0559   0.5816   0.9053  31.9126 150.8490
   6.000   0.8976   0.00877   0.00153  -0.0473   0.4460   0.9116  40.7106 151.2887
   7.000   0.9186   0.01081   0.00154  -0.0313   0.2887   0.9202  50.9369 151.8939
   8.000   0.8961   0.01462   0.00187  -0.0112   0.1296   0.9295  61.6704 152.5692
   9.000   0.9096   0.01834   0.00270   0.0009   0.0309   0.9362  69.9928 153.0695
  10.000   0.9559   0.02121   0.00357   0.0075   0.0153   0.9415  72.8357 153.4742
  11.000   1.0055   0.02443   0.00492   0.0126   0.0124   0.9464  73.6420 153.8503
  12.000   1.0447   0.02917   0.00760   0.0170   0.0109   0.9517  74.0930 154.2783
  13.000   1.0944   0.03443   0.01112   0.0181   0.0099   0.9579  74.4554 154.7971
  14.000   1.1417   0.04127   0.01619   0.0170   0.0089   0.9637  74.7893 155.3090
  15.000   1.1672   0.05086   0.02349   0.0161   0.0083   0.9687  75.0133 155.7625
