  
       XFOIL         Version 6.99
  
 Calculated polar for: AH 79-100 C AIRFOIL                             
  
 1 1 Reynolds number fixed          Mach number fixed         
  
 xtrf =   1.000 (top)        1.000 (bottom)  
 Mach =   0.000     Re =     1.000 e 6     Ncrit =   9.000  9.000
  
   alpha    CL        CD       CDp       CM     Top_Xtr  Bot_Xtr  Top_Itr  Bot_Itr
  ------ -------- --------- --------- -------- -------- -------- -------- --------
  -6.000   0.2375   0.00961   0.00283  -0.2138   0.8926   0.0181  10.4085  92.4452
  -5.000   0.3588   0.00886   0.00214  -0.2165   0.8671   0.0230  12.1700  93.5548
  -4.000   0.4714   0.00806   0.00132  -0.2172   0.8398   0.0273  14.0233  94.3765
  -3.000   0.5802   0.00751   0.00068  -0.2169   0.8135   0.0316  15.7809  95.0860
  -2.000   0.6885   0.00708   0.00027  -0.2164   0.7883   0.0559  17.4550  97.7635
  -1.000   0.7956   0.00683   0.00015  -0.2159   0.7636   0.1594  19.0906 104.8883
   0.000   0.9012   0.00658   0.00019  -0.2151   0.7396   0.3581  20.6699 117.3282
   1.000   1.0019   0.00601   0.00047  -0.2133   0.7159   0.8452  22.2266 148.0597
   2.000   1.0972   0.00614   0.00039  -0.2098   0.6896   1.0000  23.9490 160.0000
   3.000   1.1907   0.00656   0.00032  -0.2062   0.6572   1.0000  26.0731 160.0000
   4.000   1.2805   0.00707   0.00027  -0.2018   0.6197   1.0000  28.5468 160.0000
   5.000   1.3488   0.00822   0.00032  -0.1931   0.5300   1.0000  34.4584 160.0000
   7.000   1.4581   0.01282   0.00166  -0.1725   0.2751   1.0000  51.2076 160.0000
   8.000   1.4896   0.01673   0.00330  -0.1595   0.1253   1.0000  61.6585 160.0000
   9.000   1.5063   0.02219   0.00610  -0.1455   0.0121   1.0000  74.0384 160.0000
  10.000   1.5571   0.02582   0.00795  -0.1377   0.0094   1.0000  74.9398 160.0000
  11.000   1.6005   0.03036   0.01052  -0.1300   0.0086   1.0000  75.2695 160.0000
  12.000   1.6337   0.03624   0.01417  -0.1226   0.0078   1.0000  75.6217 160.0000
  13.000   1.6481   0.04465   0.01986  -0.1152   0.0073   1.0000  75.8449 160.0000
  14.000   1.6370   0.05718   0.02908  -0.1089   0.0070   1.0000  75.9772 160.0000
  15.000   1.6373   0.06986   0.03882  -0.1059   0.0068   1.0000  76.0477 160.0000
