  
       XFOIL         Version 6.99
  
 Calculated polar for: AH 80-129                                       
  
 1 1 Reynolds number fixed          Mach number fixed         
  
 xtrf =   1.000 (top)        1.000 (bottom)  
 Mach =   0.000     Re =     1.000 e 6     Ncrit =   9.000  9.000
  
   alpha    CL        CD       CDp       CM     Top_Xtr  Bot_Xtr  Top_Itr  Bot_Itr
  ------ -------- --------- --------- -------- -------- -------- -------- --------
  -4.000  -0.0483   0.01139   0.00240  -0.0725   0.7268   0.0093  22.7329  86.8581
  -3.000   0.0470   0.00919   0.00097  -0.0692   0.7173   0.0102  23.4353  87.0459
  -2.000   0.1476   0.00807   0.00055  -0.0674   0.7074   0.0828  24.1694  93.3547
   0.000   0.3177   0.00528   0.00051  -0.0574   0.6846   0.9109  25.8638 152.0273
   1.000   0.4662   0.00544   0.00065  -0.0661   0.6722   0.9624  26.7772 155.6948
   2.000   0.6159   0.00575   0.00071  -0.0753   0.6580   0.9762  27.8286 156.7536
   3.000   0.7502   0.00595   0.00067  -0.0815   0.6417   0.9833  29.0344 157.4160
   4.000   0.8814   0.00614   0.00063  -0.0872   0.6225   0.9906  30.4430 158.2474
   5.000   1.0116   0.00645   0.00050  -0.0929   0.5853   0.9976  33.1724 159.4415
   6.000   1.0628   0.00882   0.00104  -0.0834   0.3634   1.0000  49.2711 160.0000
   7.000   1.0129   0.01419   0.00292  -0.0569   0.0694   1.0000  71.2199 160.0000
   8.000   1.0424   0.01877   0.00478  -0.0477   0.0052   1.0000  78.1400 160.0000
   9.000   1.0907   0.02274   0.00673  -0.0420   0.0041   1.0000  78.5297 160.0000
  10.000   1.1138   0.02882   0.01012  -0.0346   0.0031   1.0000  78.9195 160.0000
  11.000   1.1318   0.03597   0.01356  -0.0258   0.0030   1.0000  78.9728 160.0000
