  
       XFOIL         Version 6.99
  
 Calculated polar for: AH 81-K-144 W-F KLAPPE                          
  
 1 1 Reynolds number fixed          Mach number fixed         
  
 xtrf =   1.000 (top)        1.000 (bottom)  
 Mach =   0.000     Re =     1.000 e 6     Ncrit =   9.000  9.000
  
   alpha    CL        CD       CDp       CM     Top_Xtr  Bot_Xtr  Top_Itr  Bot_Itr
  ------ -------- --------- --------- -------- -------- -------- -------- --------
  -6.000  -0.5324   0.01477   0.00494  -0.0326   0.2572   0.2155  42.0738 116.7162
  -5.000  -0.4270   0.01448   0.00474  -0.0290   0.2495   0.2176  42.4926 116.8393
  -4.000  -0.3244   0.01386   0.00413  -0.0251   0.2398   0.2179  43.0223 116.8603
  -3.000  -0.2181   0.01342   0.00375  -0.0217   0.2352   0.2187  43.2868 116.9113
  -2.000  -0.1122   0.01284   0.00320  -0.0182   0.2292   0.2188  43.6284 116.9161
  -1.000  -0.0069   0.01258   0.00288  -0.0147   0.2226   0.2190  44.0072 116.9249
   0.000   0.1019   0.01223   0.00256  -0.0117   0.2198   0.2192  44.1789 116.9398
   1.000   0.2114   0.01202   0.00230  -0.0089   0.2151   0.2196  44.4578 116.9619
   2.000   0.3205   0.01206   0.00218  -0.0060   0.2085   0.2202  44.8506 116.9979
   3.000   0.4331   0.01194   0.00204  -0.0041   0.2048   0.2232  45.0792 117.1769
   4.000   0.5488   0.01198   0.00204  -0.0027   0.2011   0.2277  45.3081 117.4359
   5.000   0.6652   0.01219   0.00209  -0.0016   0.1957   0.2327  45.6432 117.7282
   6.000   0.7811   0.01263   0.00226  -0.0006   0.1896   0.2371  46.0248 117.9820
   7.000   0.9088   0.01281   0.00240  -0.0020   0.1856   0.2491  46.2941 118.6325
   8.000   1.0292   0.01330   0.00255  -0.0022   0.1753   0.2558  46.9720 118.9988
   9.000   1.1678   0.01387   0.00289  -0.0065   0.1626   0.2695  47.8648 119.6927
  10.000   1.2840   0.01502   0.00353  -0.0069   0.1449   0.2765  49.1718 120.0466
  12.000   1.4776   0.01937   0.00635  -0.0033   0.1051   0.3158  52.5434 121.9173
  13.000   1.5790   0.02130   0.00805  -0.0037   0.1003   0.6473  53.0064 138.9671
  14.000   1.6579   0.02353   0.00983  -0.0010   0.0989   1.0000  53.1547 160.0000
  15.000   1.6742   0.02895   0.01280   0.0053   0.0980   1.0000  53.2431 160.0000
