  
       XFOIL         Version 6.99
  
 Calculated polar for: AH 82-150 F                                     
  
 1 1 Reynolds number fixed          Mach number fixed         
  
 xtrf =   1.000 (top)        1.000 (bottom)  
 Mach =   0.000     Re =     0.500 e 6     Ncrit =   9.000  9.000
  
   alpha    CL        CD       CDp       CM     Top_Xtr  Bot_Xtr  Top_Itr  Bot_Itr
  ------ -------- --------- --------- -------- -------- -------- -------- --------
   0.000   0.3236   0.01450   0.00799  -0.0717   0.7766   0.9023  17.7941 152.1570
   1.000   0.4155   0.01471   0.00770  -0.0671   0.7662   0.9280  18.5405 154.0228
   2.000   0.5516   0.01376   0.00680  -0.0729   0.7611   0.9308  18.9128 154.2321
   3.000   0.6445   0.01316   0.00603  -0.0705   0.7494   0.9354  19.7634 154.5680
   4.000   0.7463   0.01236   0.00505  -0.0699   0.7374   0.9386  20.6476 154.8026
   5.000   0.8569   0.01141   0.00391  -0.0710   0.7231   0.9404  21.7100 154.9350
   7.000   0.9286   0.01125   0.00004  -0.0438   0.5417   0.9540  34.9270 155.9414
   8.000   0.8934   0.01639   0.00088  -0.0234   0.3435   0.9677  48.8845 156.9730
   9.000   0.8855   0.02440   0.00459  -0.0130   0.0175   0.9832  74.2441 158.2114
  10.000   0.9277   0.02949   0.00729  -0.0082   0.0127   1.0000  75.0042 160.0000
  11.000   0.9696   0.03464   0.01035  -0.0037   0.0108   1.0000  75.4252 160.0000
  12.000   1.0085   0.04059   0.01393   0.0005   0.0094   1.0000  75.7398 160.0000
  13.000   1.0839   0.04572   0.01566   0.0029   0.0088   1.0000  75.8763 160.0000
