  
       XFOIL         Version 6.99
  
 Calculated polar for: AH 82-150 F                                     
  
 1 1 Reynolds number fixed          Mach number fixed         
  
 xtrf =   1.000 (top)        1.000 (bottom)  
 Mach =   0.000     Re =     1.000 e 6     Ncrit =   9.000  9.000
  
   alpha    CL        CD       CDp       CM     Top_Xtr  Bot_Xtr  Top_Itr  Bot_Itr
  ------ -------- --------- --------- -------- -------- -------- -------- --------
  -6.000  -0.1813   0.01168   0.00272  -0.0992   0.7836   0.0185  17.2850  89.3609
  -5.000  -0.0809   0.01094   0.00255  -0.0984   0.7807   0.0293  17.4926  90.6798
  -4.000   0.0223   0.01037   0.00238  -0.0981   0.7781   0.0428  17.6801  91.9108
  -3.000   0.1250   0.00970   0.00217  -0.0977   0.7754   0.0969  17.8767  95.9118
  -2.000   0.2056   0.00761   0.00206  -0.0940   0.7709   0.5948  18.2042 130.3778
  -1.000   0.3088   0.00732   0.00259  -0.0928   0.7650   0.8319  18.6321 147.1207
   0.000   0.4191   0.00798   0.00313  -0.0923   0.7583   0.8622  19.1130 149.2709
   1.000   0.5248   0.00825   0.00339  -0.0912   0.7513   0.8783  19.6235 150.4202
   2.000   0.6406   0.00826   0.00310  -0.0933   0.7447   0.8862  20.1097 150.9903
   3.000   0.7531   0.00785   0.00272  -0.0949   0.7355   0.8882  20.7890 151.1378
   4.000   0.8636   0.00754   0.00226  -0.0960   0.7230   0.8902  21.7223 151.2823
   5.000   0.9622   0.00712   0.00139  -0.0945   0.6775   0.8927  25.1301 151.4610
   6.000   0.9502   0.00891   0.00062  -0.0707   0.5153   0.8989  36.7858 151.9090
   8.000   0.8697   0.01963   0.00316  -0.0258   0.0168   0.9116  74.3513 152.8339
   9.000   0.9314   0.02218   0.00395  -0.0209   0.0097   0.9148  75.6810 153.0662
  10.000   0.9814   0.02556   0.00539  -0.0151   0.0074   0.9189  76.3117 153.3607
  11.000   1.0248   0.02972   0.00755  -0.0094   0.0061   0.9233  76.7230 153.6869
  13.000   1.0835   0.04197   0.01499   0.0019   0.0047   0.9341  77.2773 154.4763
  14.000   1.1403   0.04849   0.01861   0.0045   0.0046   0.9380  77.3151 154.7577
