  
       XFOIL         Version 6.99
  
 Calculated polar for: AH 82-150 A                                     
  
 1 1 Reynolds number fixed          Mach number fixed         
  
 xtrf =   1.000 (top)        1.000 (bottom)  
 Mach =   0.000     Re =     1.000 e 6     Ncrit =   9.000  9.000
  
   alpha    CL        CD       CDp       CM     Top_Xtr  Bot_Xtr  Top_Itr  Bot_Itr
  ------ -------- --------- --------- -------- -------- -------- -------- --------
  -6.000  -0.1982   0.01084   0.00223  -0.0983   0.7446   0.0263  19.4622  91.3115
  -5.000  -0.0928   0.01004   0.00177  -0.0983   0.7351   0.0337  20.1213  92.1782
  -4.000   0.0145   0.00919   0.00130  -0.0986   0.7258   0.0469  20.7679  93.3885
  -3.000   0.1219   0.00807   0.00095  -0.0994   0.7166   0.1814  21.4140 102.9463
  -2.000   0.2295   0.00614   0.00081  -0.1011   0.7071   0.6825  22.0742 137.0608
  -1.000   0.3452   0.00645   0.00114  -0.1023   0.6968   0.7261  22.7943 140.0413
   0.000   0.4582   0.00684   0.00152  -0.1027   0.6839   0.7523  23.6989 141.8249
   1.000   0.5733   0.00686   0.00145  -0.1042   0.6716   0.7580  24.5611 142.2107
   2.000   0.6876   0.00690   0.00136  -0.1057   0.6580   0.7617  25.5203 142.4637
   3.000   0.8012   0.00699   0.00126  -0.1070   0.6424   0.7655  26.6157 142.7223
   4.000   0.9127   0.00717   0.00114  -0.1080   0.6228   0.7692  27.9997 142.9804
   5.000   1.0173   0.00739   0.00101  -0.1076   0.5768   0.7733  31.2401 143.2588
   6.000   1.0868   0.00909   0.00127  -0.1006   0.4195   0.7781  42.2217 143.5925
   7.000   1.0949   0.01237   0.00214  -0.0828   0.2102   0.7846  56.8885 144.0338
   8.000   1.0654   0.01790   0.00439  -0.0624   0.0153   0.7925  73.3591 144.5786
   9.000   1.1155   0.02102   0.00578  -0.0558   0.0108   0.7994  74.3746 145.0555
  10.000   1.1493   0.02555   0.00820  -0.0485   0.0085   0.8080  75.0112 145.6568
  11.000   1.1893   0.03017   0.01094  -0.0431   0.0076   0.8173  75.3221 146.2992
  12.000   1.2195   0.03611   0.01478  -0.0382   0.0068   0.8288  75.6385 147.0972
  13.000   1.2225   0.04536   0.02116  -0.0329   0.0058   0.8437  76.0024 148.1356
  14.000   1.2566   0.05243   0.02636  -0.0308   0.0054   0.8713  76.1918 150.0707
  15.000   1.2799   0.06106   0.03293  -0.0290   0.0050   1.0000  76.3728 160.0000
