  
       XFOIL         Version 6.99
  
 Calculated polar for: AH 83-159                                       
  
 1 1 Reynolds number fixed          Mach number fixed         
  
 xtrf =   1.000 (top)        1.000 (bottom)  
 Mach =   0.000     Re =     1.000 e 6     Ncrit =   9.000  9.000
  
   alpha    CL        CD       CDp       CM     Top_Xtr  Bot_Xtr  Top_Itr  Bot_Itr
  ------ -------- --------- --------- -------- -------- -------- -------- --------
  -6.000  -0.1932   0.01320   0.00334  -0.0876   0.7070   0.0102  22.2271  88.6484
  -5.000  -0.0953   0.01129   0.00209  -0.0861   0.6993   0.0112  22.7693  88.9595
  -4.000   0.0066   0.00988   0.00140  -0.0853   0.6917   0.0177  23.2978  90.4010
  -3.000   0.1132   0.00886   0.00107  -0.0857   0.6841   0.0951  23.8270  97.4171
  -2.000   0.2079   0.00615   0.00090  -0.0852   0.6766   0.7254  24.3521 139.6646
  -1.000   0.3226   0.00671   0.00153  -0.0859   0.6690   0.7982  24.8837 144.7709
   0.000   0.4361   0.00740   0.00220  -0.0864   0.6612   0.8186  25.4266 146.1824
   1.000   0.5507   0.00787   0.00242  -0.0876   0.6526   0.8302  26.0273 146.9857
   2.000   0.6631   0.00786   0.00247  -0.0887   0.6428   0.8351  26.7195 147.3309
   3.000   0.7765   0.00794   0.00237  -0.0902   0.6302   0.8405  27.6017 147.7143
   4.000   0.8903   0.00802   0.00221  -0.0920   0.6174   0.8454  28.5034 148.0613
   5.000   0.9998   0.00809   0.00211  -0.0929   0.6015   0.8489  29.6221 148.3157
   6.000   1.1059   0.00828   0.00190  -0.0932   0.5745   0.8529  31.5297 148.6077
   7.000   1.1978   0.00895   0.00168  -0.0910   0.5128   0.8575  35.8669 148.9371
   8.000   1.2247   0.01081   0.00172  -0.0768   0.3987   0.8629  43.7798 149.3299
   9.000   1.1991   0.01515   0.00257  -0.0569   0.2836   0.8700  51.7383 149.8439
  10.000   1.1810   0.02110   0.00485  -0.0425   0.1612   0.8746  60.4355 150.1829
  11.000   1.1849   0.02705   0.00770  -0.0330   0.0748   0.8787  67.0538 150.4783
  12.000   1.2090   0.03278   0.01075  -0.0273   0.0292   0.8817  71.3592 150.6952
  13.000   1.2347   0.03917   0.01442  -0.0231   0.0089   0.8845  75.0759 150.8991
  14.000   1.2656   0.04585   0.01849  -0.0204   0.0053   0.8863  76.5208 151.0360
  15.000   1.2832   0.05449   0.02439  -0.0183   0.0043   0.8888  77.0336 151.2119
