  
       XFOIL         Version 6.99
  
 Calculated polar for: AH 83-150 Q                                     
  
 1 1 Reynolds number fixed          Mach number fixed         
  
 xtrf =   1.000 (top)        1.000 (bottom)  
 Mach =   0.000     Re =     1.000 e 6     Ncrit =   9.000  9.000
  
   alpha    CL        CD       CDp       CM     Top_Xtr  Bot_Xtr  Top_Itr  Bot_Itr
  ------ -------- --------- --------- -------- -------- -------- -------- --------
  -6.000  -0.2227   0.02831   0.01808  -0.0716   0.6599   0.0114  24.4879  90.5529
  -3.000   0.0787   0.01163   0.00242  -0.0659   0.6398   0.0098  25.7846  90.0139
  -2.000   0.1860   0.00965   0.00139  -0.0656   0.6327   0.0104  26.2493  90.2278
  -1.000   0.2989   0.00866   0.00099  -0.0663   0.6244   0.0780  26.7938  99.3668
   0.000   0.3998   0.00708   0.00180  -0.0652   0.6158   0.8240  27.3662 146.7486
   1.000   0.5107   0.00765   0.00228  -0.0646   0.6060   0.8463  28.0195 148.2313
   2.000   0.6274   0.00760   0.00219  -0.0662   0.5949   0.8507  28.7612 148.5306
   3.000   0.7447   0.00763   0.00207  -0.0683   0.5822   0.8544  29.6244 148.7799
   4.000   0.8614   0.00772   0.00193  -0.0703   0.5666   0.8572  30.6861 148.9747
   5.000   0.9743   0.00778   0.00179  -0.0717   0.5380   0.8603  32.6321 149.1866
   7.000   1.1869   0.00889   0.00184  -0.0726   0.4485   0.8664  38.7088 149.6136
   8.000   1.2682   0.01064   0.00229  -0.0693   0.3529   0.8699  45.0903 149.8559
   9.000   1.3190   0.01270   0.00280  -0.0610   0.2708   0.8742  50.5899 150.1592
  10.000   1.3265   0.01651   0.00401  -0.0482   0.2016   0.8802  55.3343 150.5821
  11.000   1.3385   0.02204   0.00653  -0.0399   0.1408   0.8856  59.6752 150.9645
  12.000   1.3648   0.02733   0.00924  -0.0346   0.1058   0.8907  62.3070 151.3232
  13.000   1.3869   0.03349   0.01263  -0.0301   0.0713   0.8962  65.1695 151.7152
  15.000   1.4302   0.04838   0.02199  -0.0254   0.0327   0.9088  69.3329 152.6063
