  
       XFOIL         Version 6.99
  
 Calculated polar for: AH 85-L-120/17                                  
  
 1 1 Reynolds number fixed          Mach number fixed         
  
 xtrf =   1.000 (top)        1.000 (bottom)  
 Mach =   0.000     Re =     0.500 e 6     Ncrit =   9.000  9.000
  
   alpha    CL        CD       CDp       CM     Top_Xtr  Bot_Xtr  Top_Itr  Bot_Itr
  ------ -------- --------- --------- -------- -------- -------- -------- --------
  -6.000  -0.4997   0.01369   0.00286  -0.0318   0.9124   0.0225   9.0126  88.4201
  -5.000  -0.4317   0.01174   0.00222  -0.0243   0.9011   0.0757   9.8246  92.9486
  -4.000  -0.4017   0.00836   0.00183  -0.0103   0.8879   0.5668  10.7692 127.5011
  -3.000  -0.3212   0.00823   0.00277  -0.0034   0.8772   0.7725  11.5327 142.0472
  -2.000  -0.2148   0.00889   0.00352  -0.0019   0.8677   0.8068  12.2098 144.4869
  -1.000  -0.1068   0.00941   0.00409  -0.0007   0.8576   0.8312  12.9344 146.2003
   0.000   0.0000   0.00950   0.00422  -0.0000   0.8452   0.8452  13.8097 147.1903
   1.000   0.1068   0.00941   0.00409   0.0007   0.8312   0.8576  14.7996 148.0655
   2.000   0.2148   0.00889   0.00352   0.0019   0.8068   0.8677  16.5131 148.7902
   3.000   0.3212   0.00823   0.00277   0.0034   0.7725   0.8772  18.9527 149.4673
   4.000   0.4017   0.00836   0.00183   0.0103   0.5668   0.8879  33.4991 150.2309
   5.000   0.4317   0.01174   0.00222   0.0243   0.0756   0.9011  68.0538 151.1754
   6.000   0.4998   0.01369   0.00287   0.0318   0.0225   0.9124  72.5800 151.9877
   7.000   0.5649   0.01646   0.00418   0.0395   0.0175   0.9243  73.2055 152.8419
   8.000   0.6643   0.02150   0.00768   0.0406   0.0156   0.9333  73.5106 153.4928
   9.000   0.7226   0.03558   0.01822   0.0469   0.0184   0.9477  73.0733 154.5286
