  
       XFOIL         Version 6.99
  
 Calculated polar for: AH 93-156                                       
  
 1 1 Reynolds number fixed          Mach number fixed         
  
 xtrf =   1.000 (top)        1.000 (bottom)  
 Mach =   0.000     Re =     1.000 e 6     Ncrit =   9.000  9.000
  
   alpha    CL        CD       CDp       CM     Top_Xtr  Bot_Xtr  Top_Itr  Bot_Itr
  ------ -------- --------- --------- -------- -------- -------- -------- --------
  -6.000  -0.2130   0.01100   0.00214  -0.0817   0.7289   0.0285  19.6605  94.5685
  -5.000  -0.1100   0.01025   0.00174  -0.0808   0.7222   0.0376  20.1025  95.9371
  -4.000  -0.0061   0.00945   0.00141  -0.0800   0.7151   0.0598  20.5640  98.2483
  -3.000   0.0980   0.00874   0.00119  -0.0794   0.7077   0.1367  21.0525 103.7112
  -2.000   0.1939   0.00738   0.00103  -0.0776   0.6994   0.4102  21.5999 120.7537
  -1.000   0.2821   0.00617   0.00128  -0.0733   0.6895   0.8281  22.2582 147.1522
   0.000   0.3948   0.00667   0.00167  -0.0735   0.6795   0.8585  22.9228 149.1639
   1.000   0.5017   0.00731   0.00224  -0.0720   0.6686   0.8798  23.6482 150.5819
   2.000   0.6069   0.00761   0.00239  -0.0706   0.6562   0.8938  24.4815 151.5396
   3.000   0.7185   0.00760   0.00213  -0.0717   0.6400   0.8993  25.5766 151.9233
   4.000   0.8240   0.00757   0.00189  -0.0713   0.6187   0.9035  27.0144 152.2159
   5.000   0.9252   0.00772   0.00166  -0.0703   0.5873   0.9077  29.1376 152.5209
   6.000   1.0164   0.00816   0.00143  -0.0675   0.5385   0.9124  32.4092 152.8508
   7.000   1.0727   0.00894   0.00111  -0.0578   0.4738   0.9178  36.6825 153.2431
   8.000   1.0977   0.01051   0.00069  -0.0431   0.4110   0.9251  40.7912 153.7806
   9.000   1.1133   0.01321   0.00070  -0.0294   0.3377   0.9321  45.5871 154.2983
  10.000   1.1263   0.01695   0.00135  -0.0174   0.2534   0.9389  51.1984 154.8035
  11.000   1.1423   0.02131   0.00268  -0.0076   0.1699   0.9461  56.9412 155.3461
  12.000   1.1631   0.02645   0.00488  -0.0005   0.0938   0.9538  62.5938 155.9351
  13.000   1.1997   0.03304   0.00900   0.0007   0.0358   0.9639  68.1282 156.7099
