  
       XFOIL         Version 6.99
  
 Calculated polar for: AH 93-W-215                                     
  
 1 1 Reynolds number fixed          Mach number fixed         
  
 xtrf =   1.000 (top)        1.000 (bottom)  
 Mach =   0.000     Re =     0.500 e 6     Ncrit =   9.000  9.000
  
   alpha    CL        CD       CDp       CM     Top_Xtr  Bot_Xtr  Top_Itr  Bot_Itr
  ------ -------- --------- --------- -------- -------- -------- -------- --------
  -6.000  -0.2208   0.01292   0.00205  -0.0898   0.6243   0.1915  22.0158 116.6721
  -5.000  -0.1439   0.01198   0.00191  -0.0835   0.6141   0.2537  22.5303 120.1943
  -4.000  -0.0633   0.01105   0.00172  -0.0780   0.6036   0.3765  23.0591 126.6821
  -3.000   0.0260   0.01053   0.00178  -0.0735   0.5935   0.4801  23.5809 132.0155
  -1.000   0.2278   0.01041   0.00187  -0.0687   0.5727   0.5826  24.6631 137.1175
   0.000   0.3307   0.01050   0.00188  -0.0667   0.5620   0.6204  25.2269 138.9523
   1.000   0.4310   0.01049   0.00182  -0.0641   0.5506   0.6611  25.8335 140.9143
   2.000   0.5287   0.01054   0.00179  -0.0611   0.5387   0.6973  26.4812 142.6522
   3.000   0.6267   0.01064   0.00164  -0.0582   0.5263   0.7325  27.1607 144.3416
   4.000   0.7186   0.01073   0.00140  -0.0540   0.5125   0.7711  27.9238 146.1925
   5.000   0.7983   0.01084   0.00111  -0.0474   0.4979   0.8121  28.7467 148.1854
   6.000   0.8642   0.01100   0.00060  -0.0380   0.4819   0.8556  29.6513 150.3943
   7.000   0.9288   0.01130  -0.00002  -0.0288   0.4642   0.9052  30.6638 153.1330
   8.000   1.0615   0.01200   0.00025  -0.0348   0.4417   0.9531  31.9663 156.1995
  10.000   1.2779   0.01474   0.00105  -0.0400   0.3881   1.0000  35.0932 160.0000
  11.000   1.3246   0.01724   0.00145  -0.0328   0.3600   1.0000  36.7467 160.0000
  12.000   1.3591   0.02142   0.00279  -0.0269   0.3302   1.0000  38.5090 160.0000
  13.000   1.3777   0.02760   0.00541  -0.0220   0.2977   1.0000  40.4580 160.0000
  14.000   1.3877   0.03494   0.00901  -0.0179   0.2675   1.0000  42.3040 160.0000
  15.000   1.3918   0.04342   0.01364  -0.0147   0.2374   1.0000  44.1885 160.0000
