  
       XFOIL         Version 6.99
  
 Calculated polar for: AH 93-K-130/15                                  
  
 1 1 Reynolds number fixed          Mach number fixed         
  
 xtrf =   1.000 (top)        1.000 (bottom)  
 Mach =   0.000     Re =     0.500 e 6     Ncrit =   9.000  9.000
  
   alpha    CL        CD       CDp       CM     Top_Xtr  Bot_Xtr  Top_Itr  Bot_Itr
  ------ -------- --------- --------- -------- -------- -------- -------- --------
  -6.000  -0.3450   0.03983   0.02642  -0.0499   0.7900   0.0308  16.9323  92.9974
  -5.000  -0.2881   0.02081   0.01076  -0.0416   0.7805   0.0244  17.6175  92.1832
  -4.000  -0.1877   0.01845   0.00854  -0.0391   0.7762   0.0300  17.9228  92.9050
  -3.000  -0.0834   0.01647   0.00720  -0.0386   0.7662   0.0394  18.6490  93.8568
  -2.000   0.0161   0.01475   0.00582  -0.0358   0.7622   0.0555  18.9355  95.1888
  -1.000   0.1000   0.01207   0.00528  -0.0316   0.7514   0.5666  19.7299 129.4897
   0.000   0.3222   0.01190   0.00628  -0.0528   0.7495   0.9804  19.8639 157.9195
   1.000   0.5055   0.01123   0.00562  -0.0688   0.7411   1.0000  20.4858 160.0000
   2.000   0.6035   0.01012   0.00447  -0.0661   0.7343   1.0000  20.9841 160.0000
   3.000   0.7082   0.00945   0.00375  -0.0653   0.7211   1.0000  21.9631 160.0000
   4.000   0.8152   0.00894   0.00310  -0.0652   0.6995   1.0000  23.5656 160.0000
   5.000   0.9213   0.00851   0.00232  -0.0646   0.6638   1.0000  26.1808 160.0000
   6.000   1.0265   0.00894   0.00188  -0.0646   0.5887   1.0000  31.4751 160.0000
   7.000   1.1183   0.01108   0.00229  -0.0639   0.4495   1.0000  41.0847 160.0000
   8.000   1.1417   0.01553   0.00408  -0.0534   0.2801   1.0000  52.7714 160.0000
   9.000   1.1149   0.01970   0.00572  -0.0328   0.1551   1.0000  61.6028 160.0000
  10.000   1.1207   0.02419   0.00780  -0.0196   0.0593   1.0000  68.9164 160.0000
  11.000   1.1456   0.02854   0.01007  -0.0104   0.0318   1.0000  71.5239 160.0000
  12.000   1.1727   0.03362   0.01307  -0.0031   0.0237   1.0000  72.5319 160.0000
  13.000   1.1919   0.04031   0.01742   0.0030   0.0190   1.0000  73.2315 160.0000
  14.000   1.2139   0.04755   0.02232   0.0072   0.0154   1.0000  73.8644 160.0000
  15.000   1.2281   0.05620   0.02848   0.0107   0.0132   1.0000  74.3540 160.0000
