  
       XFOIL         Version 6.99
  
 Calculated polar for: AH 93-W-257                                     
  
 1 1 Reynolds number fixed          Mach number fixed         
  
 xtrf =   1.000 (top)        1.000 (bottom)  
 Mach =   0.000     Re =     0.500 e 6     Ncrit =   9.000  9.000
  
   alpha    CL        CD       CDp       CM     Top_Xtr  Bot_Xtr  Top_Itr  Bot_Itr
  ------ -------- --------- --------- -------- -------- -------- -------- --------
  -6.000  -0.4218   0.01300   0.00348  -0.0763   0.5881   0.4122  20.2860 126.7834
  -5.000  -0.2924   0.01265   0.00350  -0.0809   0.5773   0.4287  20.7619 127.6865
  -4.000  -0.1631   0.01251   0.00361  -0.0852   0.5668   0.4446  21.2288 128.5498
  -3.000  -0.0340   0.01239   0.00372  -0.0892   0.5574   0.4602  21.6562 129.3980
  -2.000   0.0944   0.01253   0.00387  -0.0930   0.5476   0.4755  22.1023 130.2162
  -1.000   0.2229   0.01263   0.00405  -0.0966   0.5390   0.4897  22.5052 130.9677
   0.000   0.3486   0.01291   0.00430  -0.0995   0.5295   0.5032  22.9525 131.6733
   1.000   0.4747   0.01306   0.00456  -0.1025   0.5214   0.5158  23.3434 132.3267
   2.000   0.6007   0.01334   0.00467  -0.1053   0.5127   0.5279  23.7624 132.9465
   3.000   0.7235   0.01376   0.00504  -0.1074   0.5039   0.5389  24.1987 133.4987
   4.000   0.8477   0.01401   0.00512  -0.1099   0.4944   0.5502  24.6702 134.0628
   5.000   0.9679   0.01451   0.00543  -0.1115   0.4848   0.5601  25.1584 134.5470
   6.000   1.0891   0.01476   0.00538  -0.1133   0.4738   0.5702  25.7227 135.0428
   7.000   1.2049   0.01505   0.00544  -0.1139   0.4597   0.5797  26.4626 135.4979
   8.000   1.3192   0.01532   0.00512  -0.1144   0.4418   0.5895  27.4181 135.9646
   9.000   1.4258   0.01559   0.00484  -0.1135   0.4163   0.5985  28.8123 136.3872
  10.000   1.5225   0.01648   0.00479  -0.1113   0.3830   0.6080  30.6836 136.8309
  11.000   1.5847   0.01836   0.00517  -0.1041   0.3345   0.6167  33.4778 137.2331
  12.000   1.5745   0.02515   0.00853  -0.0924   0.2694   0.6245  37.3375 137.5942
  13.000   1.5190   0.04007   0.01784  -0.0872   0.2095   0.6315  41.0791 137.9155
  14.000   1.4642   0.05581   0.02862  -0.0837   0.1636   0.6373  44.2476 138.1838
  15.000   1.4300   0.07093   0.03960  -0.0822   0.1248   0.6435  47.3840 138.4715
