  
       XFOIL         Version 6.99
  
 Calculated polar for: AH 93-W-174                                     
  
 1 1 Reynolds number fixed          Mach number fixed         
  
 xtrf =   1.000 (top)        1.000 (bottom)  
 Mach =   0.000     Re =     0.500 e 6     Ncrit =   9.000  9.000
  
   alpha    CL        CD       CDp       CM     Top_Xtr  Bot_Xtr  Top_Itr  Bot_Itr
  ------ -------- --------- --------- -------- -------- -------- -------- --------
  -6.000  -0.2334   0.01312   0.00294  -0.0871   0.5966   0.0918  25.7820 104.9803
  -5.000  -0.1269   0.01219   0.00249  -0.0867   0.5857   0.1242  26.4164 107.3910
  -4.000  -0.0175   0.01154   0.00217  -0.0868   0.5751   0.1809  27.0353 111.0286
  -3.000   0.0927   0.01072   0.00201  -0.0871   0.5658   0.2845  27.5889 117.1270
  -2.000   0.2032   0.00997   0.00197  -0.0876   0.5565   0.4728  28.1370 127.9361
  -1.000   0.3158   0.00966   0.00219  -0.0878   0.5475   0.6176  28.6733 136.1969
   0.000   0.4295   0.00986   0.00247  -0.0880   0.5390   0.6955  29.1831 140.5985
   1.000   0.5429   0.01006   0.00272  -0.0881   0.5300   0.7471  29.7240 143.5022
   2.000   0.6553   0.01047   0.00302  -0.0881   0.5217   0.7902  30.2265 145.9383
   3.000   0.7661   0.01076   0.00325  -0.0877   0.5130   0.8263  30.7571 148.0222
   4.000   0.8745   0.01115   0.00351  -0.0872   0.5043   0.8558  31.2913 149.7659
   5.000   0.9816   0.01143   0.00359  -0.0863   0.4953   0.8846  31.8531 151.5060
   6.000   1.0821   0.01176   0.00377  -0.0844   0.4855   0.9173  32.4668 153.5762
   7.000   1.1809   0.01191   0.00357  -0.0821   0.4744   0.9662  33.1637 156.9792
   8.000   1.3021   0.01221   0.00341  -0.0853   0.4586   1.0000  34.1665 160.0000
   9.000   1.4019   0.01249   0.00310  -0.0842   0.4358   1.0000  35.6321 160.0000
  10.000   1.4886   0.01315   0.00287  -0.0808   0.4054   1.0000  37.6050 160.0000
  11.000   1.5381   0.01459   0.00280  -0.0712   0.3590   1.0000  40.6465 160.0000
  12.000   1.5203   0.01935   0.00425  -0.0556   0.2912   1.0000  45.1304 160.0000
  13.000   1.4555   0.03107   0.01063  -0.0448   0.2205   1.0000  49.8457 160.0000
  14.000   1.3987   0.04492   0.01970  -0.0394   0.1630   1.0000  53.7878 160.0000
  15.000   1.3662   0.05872   0.02963  -0.0378   0.1135   1.0000  57.4365 160.0000
