  
       XFOIL         Version 6.99
  
 Calculated polar for: AH 93-W-145                                     
  
 1 1 Reynolds number fixed          Mach number fixed         
  
 xtrf =   1.000 (top)        1.000 (bottom)  
 Mach =   0.000     Re =     1.000 e 6     Ncrit =   9.000  9.000
  
   alpha    CL        CD       CDp       CM     Top_Xtr  Bot_Xtr  Top_Itr  Bot_Itr
  ------ -------- --------- --------- -------- -------- -------- -------- --------
  -6.000  -0.2334   0.01063   0.00211  -0.0866   0.5988   0.0367  27.6139  96.4948
  -5.000  -0.1196   0.00994   0.00164  -0.0873   0.5857   0.0496  28.4370  98.1182
  -4.000  -0.0051   0.00932   0.00126  -0.0882   0.5738   0.0748  29.1935 100.4382
  -3.000   0.1102   0.00877   0.00102  -0.0894   0.5631   0.1325  29.8682 104.5445
  -2.000   0.2263   0.00810   0.00088  -0.0908   0.5535   0.2632  30.4812 112.8032
  -1.000   0.3420   0.00712   0.00085  -0.0926   0.5441   0.5785  31.0882 132.3470
   0.000   0.4582   0.00679   0.00099  -0.0937   0.5355   0.7483  31.6405 142.8317
   1.000   0.5728   0.00691   0.00117  -0.0942   0.5266   0.8238  32.2120 147.4839
   2.000   0.6852   0.00710   0.00134  -0.0942   0.5180   0.8790  32.7760 150.9276
   3.000   0.7967   0.00732   0.00148  -0.0942   0.5091   0.9084  33.3536 152.8287
   4.000   0.9051   0.00758   0.00155  -0.0936   0.4989   0.9340  34.0218 154.5474
   5.000   1.0078   0.00763   0.00144  -0.0917   0.4836   0.9653  35.0374 156.7843
   6.000   1.1258   0.00778   0.00135  -0.0937   0.4655   1.0000  36.2485 160.0000
   7.000   1.2418   0.00822   0.00137  -0.0956   0.4380   1.0000  38.1025 160.0000
   8.000   1.3436   0.00953   0.00167  -0.0951   0.3432   1.0000  44.5684 160.0000
   9.000   1.4061   0.01343   0.00351  -0.0888   0.1656   1.0000  56.7865 160.0000
  10.000   1.4543   0.01688   0.00522  -0.0802   0.0819   1.0000  63.1106 160.0000
  11.000   1.4813   0.02153   0.00781  -0.0710   0.0415   1.0000  67.0590 160.0000
  12.000   1.5016   0.02915   0.01271  -0.0669   0.0224   1.0000  70.0862 160.0000
  13.000   1.5160   0.03821   0.01882  -0.0642   0.0159   1.0000  71.6620 160.0000
  14.000   1.5219   0.04808   0.02562  -0.0616   0.0130   1.0000  72.5188 160.0000
  15.000   1.5186   0.05947   0.03380  -0.0597   0.0113   1.0000  73.1046 160.0000
