  
       XFOIL         Version 6.99
  
 Calculated polar for: AH 94-145                                       
  
 1 1 Reynolds number fixed          Mach number fixed         
  
 xtrf =   1.000 (top)        1.000 (bottom)  
 Mach =   0.000     Re =     1.000 e 6     Ncrit =   9.000  9.000
  
   alpha    CL        CD       CDp       CM     Top_Xtr  Bot_Xtr  Top_Itr  Bot_Itr
  ------ -------- --------- --------- -------- -------- -------- -------- --------
  -6.000  -0.0480   0.01135   0.00297  -0.1237   0.6598   0.0212  22.9350  95.4178
  -5.000   0.0703   0.01033   0.00222  -0.1256   0.6542   0.0263  23.2837  96.6604
  -4.000   0.1896   0.00952   0.00168  -0.1277   0.6480   0.0371  23.6753  98.7546
  -3.000   0.3090   0.00911   0.00146  -0.1297   0.6415   0.0609  24.0834 101.8291
  -2.000   0.4290   0.00871   0.00130  -0.1319   0.6352   0.0905  24.4832 104.2984
  -1.000   0.5503   0.00802   0.00119  -0.1349   0.6287   0.2794  24.8985 115.7473
   0.000   0.6738   0.00695   0.00137  -0.1387   0.6223   0.7223  25.3105 141.4742
   1.000   0.7889   0.00689   0.00156  -0.1395   0.6155   0.8619  25.7509 149.6376
   2.000   0.8934   0.00709   0.00175  -0.1378   0.6081   0.9325  26.2342 154.1446
   3.000   0.9921   0.00708   0.00167  -0.1350   0.6002   0.9702  26.7567 156.9918
   4.000   1.1103   0.00718   0.00159  -0.1373   0.5897   0.9998  27.4488 160.0000
   5.000   1.2316   0.00734   0.00143  -0.1403   0.5707   0.9998  28.7216 160.0000
   6.000   1.3489   0.00769   0.00140  -0.1427   0.5479   0.9998  30.2567 160.0000
   7.000   1.4608   0.00827   0.00144  -0.1441   0.5124   0.9998  32.6519 160.0000
   8.000   1.5542   0.00990   0.00187  -0.1426   0.4249   0.9998  38.4976 160.0000
   9.000   1.5762   0.01473   0.00394  -0.1304   0.2637   0.9998  49.1365 160.0000
  10.000   1.5802   0.02205   0.00797  -0.1206   0.1691   0.9998  55.5482 160.0000
  11.000   1.5900   0.03012   0.01275  -0.1136   0.1128   0.9998  59.6522 160.0000
  12.000   1.6046   0.03780   0.01736  -0.1075   0.0798   0.9998  62.3578 160.0000
  13.000   1.6239   0.04555   0.02211  -0.1025   0.0582   0.9998  64.4578 160.0000
  14.000   1.6433   0.05372   0.02724  -0.0983   0.0434   0.9998  66.2223 160.0000
  15.000   1.6621   0.06229   0.03275  -0.0948   0.0341   0.9998  67.6104 160.0000
