  
       XFOIL         Version 6.99
  
 Calculated polar for: AH 94-156                                       
  
 1 1 Reynolds number fixed          Mach number fixed         
  
 xtrf =   1.000 (top)        1.000 (bottom)  
 Mach =   0.000     Re =     0.500 e 6     Ncrit =   9.000  9.000
  
   alpha    CL        CD       CDp       CM     Top_Xtr  Bot_Xtr  Top_Itr  Bot_Itr
  ------ -------- --------- --------- -------- -------- -------- -------- --------
  -6.000  -0.2242   0.01662   0.00559  -0.0812   0.7616   0.0219  17.7649  92.7362
  -5.000  -0.1281   0.01434   0.00412  -0.0793   0.7539   0.0269  18.2722  93.6219
  -4.000  -0.0311   0.01272   0.00318  -0.0774   0.7457   0.0383  18.8099  95.1713
  -3.000   0.0621   0.01096   0.00270  -0.0754   0.7373   0.2241  19.3656 108.2914
  -2.000   0.1403   0.00919   0.00332  -0.0693   0.7289   0.8019  19.9273 145.4032
  -1.000   0.2440   0.01048   0.00454  -0.0663   0.7186   0.8574  20.6110 149.1265
   0.000   0.3445   0.01112   0.00497  -0.0628   0.7082   0.8856  21.3073 151.0635
   1.000   0.4487   0.01113   0.00477  -0.0605   0.6976   0.9051  22.0208 152.4481
   2.000   0.5517   0.01085   0.00438  -0.0593   0.6848   0.9189  22.8808 153.4490
   3.000   0.6543   0.01056   0.00391  -0.0586   0.6705   0.9282  23.8531 154.1378
   4.000   0.7600   0.01026   0.00336  -0.0585   0.6539   0.9342  24.9831 154.5828
   5.000   0.8594   0.01007   0.00286  -0.0576   0.6304   0.9391  26.5894 154.9492
   6.000   0.9556   0.00992   0.00228  -0.0559   0.5994   0.9427  28.7160 155.2154
   7.000   1.0399   0.01015   0.00173  -0.0522   0.5552   0.9467  31.7288 155.5116
   8.000   1.0866   0.01110   0.00104  -0.0419   0.4914   0.9521  36.0339 155.9123
   9.000   1.1153   0.01340   0.00095  -0.0308   0.4183   0.9594  40.9008 156.4548
  10.000   1.1504   0.01716   0.00204  -0.0239   0.3355   0.9691  46.4115 157.1736
  11.000   1.1854   0.02269   0.00469  -0.0205   0.2314   1.0000  53.4765 160.0000
  12.000   1.1927   0.02947   0.00819  -0.0135   0.1269   1.0000  60.9348 160.0000
  13.000   1.1994   0.03739   0.01298  -0.0083   0.0492   1.0000  67.3714 160.0000
  14.000   1.2100   0.04610   0.01877  -0.0050   0.0225   1.0000  70.8085 160.0000
  15.000   1.2169   0.05628   0.02614  -0.0035   0.0163   1.0000  72.0970 160.0000
