  
       XFOIL         Version 6.99
  
 Calculated polar for: AH 95-160                                       
  
 1 1 Reynolds number fixed          Mach number fixed         
  
 xtrf =   1.000 (top)        1.000 (bottom)  
 Mach =   0.000     Re =     1.000 e 6     Ncrit =   9.000  9.000
  
   alpha    CL        CD       CDp       CM     Top_Xtr  Bot_Xtr  Top_Itr  Bot_Itr
  ------ -------- --------- --------- -------- -------- -------- -------- --------
  -6.000  -0.0606   0.01109   0.00270  -0.1193   0.6533   0.0277  22.6129  98.1420
  -5.000   0.0562   0.01036   0.00215  -0.1209   0.6465   0.0361  23.0254  99.9575
  -4.000   0.1746   0.00970   0.00183  -0.1227   0.6415   0.0526  23.3343 102.6084
  -3.000   0.2933   0.00929   0.00161  -0.1246   0.6353   0.0727  23.7126 104.8949
  -2.000   0.4122   0.00899   0.00145  -0.1266   0.6292   0.1030  24.0944 107.3511
  -1.000   0.5315   0.00805   0.00133  -0.1293   0.6232   0.3375  24.4700 120.9838
   0.000   0.6504   0.00726   0.00142  -0.1318   0.6165   0.6828  24.8877 140.2001
   1.000   0.7678   0.00720   0.00160  -0.1334   0.6102   0.7926  25.2896 146.2828
   2.000   0.8791   0.00720   0.00174  -0.1334   0.6033   0.8954  25.7319 152.2049
   3.000   0.9827   0.00730   0.00178  -0.1318   0.5956   0.9561  26.2224 156.1211
   4.000   1.1027   0.00739   0.00169  -0.1344   0.5866   0.9998  26.8050 160.0000
   5.000   1.2206   0.00759   0.00158  -0.1367   0.5719   0.9998  27.7654 160.0000
   6.000   1.3347   0.00789   0.00147  -0.1383   0.5511   0.9998  29.1413 160.0000
   7.000   1.4456   0.00835   0.00148  -0.1395   0.5271   0.9998  30.7294 160.0000
   8.000   1.5474   0.00921   0.00158  -0.1392   0.4849   0.9998  33.5217 160.0000
   9.000   1.6060   0.01186   0.00236  -0.1319   0.3817   0.9998  40.2636 160.0000
  10.000   1.5906   0.01918   0.00591  -0.1178   0.2631   0.9998  47.9224 160.0000
  11.000   1.5798   0.02854   0.01121  -0.1088   0.1847   0.9998  53.1245 160.0000
  12.000   1.5788   0.03730   0.01635  -0.1014   0.1329   0.9998  56.7900 160.0000
  13.000   1.5920   0.04549   0.02126  -0.0960   0.0988   0.9998  59.4565 160.0000
  14.000   1.6102   0.05365   0.02623  -0.0917   0.0756   0.9998  61.5453 160.0000
  15.000   1.6292   0.06204   0.03143  -0.0882   0.0588   0.9998  63.3433 160.0000
