  
       XFOIL         Version 6.99
  
 Calculated polar for: Apex 16 (normalized using XFOIL date021206)     
  
 1 1 Reynolds number fixed          Mach number fixed         
  
 xtrf =   1.000 (top)        1.000 (bottom)  
 Mach =   0.000     Re =     1.000 e 6     Ncrit =   9.000  9.000
  
   alpha    CL        CD       CDp       CM     Top_Xtr  Bot_Xtr  Top_Itr  Bot_Itr
  ------ -------- --------- --------- -------- -------- -------- -------- --------
  -5.000  -0.0726   0.01643   0.00874  -0.1088   0.8925   0.0198  10.5819  90.1829
  -3.000   0.1200   0.00933   0.00229  -0.1033   0.8491   0.0197  13.5716  90.1749
  -2.000   0.2163   0.00801   0.00113  -0.1007   0.8268   0.0230  15.1281  90.5160
  -1.000   0.3191   0.00746   0.00056  -0.0993   0.8027   0.0273  16.8073  90.9504
   0.000   0.4092   0.00582   0.00021  -0.0960   0.7762   0.5175  18.6329 126.2546
   1.000   0.5101   0.00561   0.00024  -0.0942   0.7480   0.6435  20.5605 134.6446
   2.000   0.6114   0.00570   0.00020  -0.0924   0.7134   0.6937  22.9280 137.9727
   3.000   0.7025   0.00595   0.00012  -0.0883   0.6476   0.7409  27.4666 141.1442
   4.000   0.7854   0.00644   0.00013  -0.0826   0.5721   0.8000  32.6180 145.0723
   5.000   0.8507   0.00727   0.00014  -0.0733   0.4576   0.8728  40.4286 150.0967
   6.000   0.9365   0.00957   0.00090  -0.0704   0.2325   1.0000  55.8526 160.0000
   7.000   0.9826   0.01194   0.00149  -0.0590   0.0823   1.0000  66.6723 160.0000
   8.000   1.0390   0.01420   0.00229  -0.0501   0.0236   1.0000  72.2418 160.0000
   9.000   1.1009   0.01638   0.00323  -0.0427   0.0181   1.0000  73.0445 160.0000
  10.000   1.1653   0.01852   0.00426  -0.0366   0.0154   1.0000  73.5426 160.0000
  11.000   1.2121   0.02194   0.00607  -0.0290   0.0123   1.0000  74.1346 160.0000
  12.000   1.2700   0.02487   0.00763  -0.0239   0.0098   1.0000  74.7142 160.0000
  13.000   1.2950   0.03054   0.01115  -0.0164   0.0082   1.0000  75.1403 160.0000
  14.000   1.3265   0.03626   0.01494  -0.0114   0.0071   1.0000  75.4755 160.0000
  15.000   1.3503   0.04330   0.01985  -0.0079   0.0063   1.0000  75.7380 160.0000
