  
       XFOIL         Version 6.99
  
 Calculated polar for: APEX 16                                         
  
 1 1 Reynolds number fixed          Mach number fixed         
  
 xtrf =   1.000 (top)        1.000 (bottom)  
 Mach =   0.000     Re =     0.500 e 6     Ncrit =   9.000  9.000
  
   alpha    CL        CD       CDp       CM     Top_Xtr  Bot_Xtr  Top_Itr  Bot_Itr
  ------ -------- --------- --------- -------- -------- -------- -------- --------
  -3.000   0.1159   0.01190   0.00397  -0.1043   0.8956   0.0263   9.1307  92.4398
  -2.000   0.2264   0.00998   0.00232  -0.1049   0.8748   0.0342  10.5730  93.4025
  -1.000   0.3402   0.00767   0.00157  -0.1073   0.8539   0.5469  12.0131 128.9451
   0.000   0.4523   0.00742   0.00160  -0.1078   0.8283   0.6597  13.7807 136.3408
   1.000   0.5651   0.00736   0.00151  -0.1084   0.7996   0.7132  15.7491 139.8340
   2.000   0.6759   0.00740   0.00145  -0.1086   0.7663   0.7686  18.0293 143.4670
   3.000   0.7823   0.00753   0.00143  -0.1078   0.7237   0.8260  20.9396 147.2646
   4.000   0.8807   0.00778   0.00142  -0.1051   0.6680   0.8900  24.7230 151.5419
   5.000   0.9674   0.00827   0.00125  -0.0999   0.5769   1.0000  30.9089 160.0000
   6.000   1.0460   0.01034   0.00163  -0.0948   0.3916   1.0000  43.4522 160.0000
   7.000   1.1066   0.01359   0.00271  -0.0870   0.1757   1.0000  58.2995 160.0000
   8.000   1.1565   0.01712   0.00417  -0.0776   0.0432   1.0000  68.6146 160.0000
   9.000   1.2114   0.02057   0.00585  -0.0695   0.0209   1.0000  71.4336 160.0000
  10.000   1.2552   0.02490   0.00825  -0.0608   0.0158   1.0000  72.4156 160.0000
  11.000   1.2789   0.03130   0.01206  -0.0510   0.0133   1.0000  73.0015 160.0000
  12.000   1.3186   0.03688   0.01575  -0.0447   0.0117   1.0000  73.4450 160.0000
  13.000   1.3444   0.04429   0.02083  -0.0383   0.0107   1.0000  73.7418 160.0000
  14.000   1.3514   0.05469   0.02830  -0.0323   0.0101   1.0000  73.9376 160.0000
  15.000   1.3120   0.07161   0.04233  -0.0281   0.0099   1.0000  73.9965 160.0000
