  
       XFOIL         Version 6.99
  
 Calculated polar for: ARA-D 10% AIRFOIL                               
  
 1 1 Reynolds number fixed          Mach number fixed         
  
 xtrf =   1.000 (top)        1.000 (bottom)  
 Mach =   0.000     Re =     0.500 e 6     Ncrit =   9.000  9.000
  
   alpha    CL        CD       CDp       CM     Top_Xtr  Bot_Xtr  Top_Itr  Bot_Itr
  ------ -------- --------- --------- -------- -------- -------- -------- --------
  -6.000  -0.2609   0.01470   0.00596  -0.0800   0.9855   0.0261   2.5617  96.9323
  -5.000  -0.1190   0.01241   0.00425  -0.0862   0.9712   0.0337   3.7272  98.6280
  -4.000  -0.0016   0.01115   0.00339  -0.0862   0.9376   0.0497   5.9669 101.2943
  -3.000   0.1071   0.01045   0.00290  -0.0842   0.8922   0.0699   8.7221 103.6924
  -2.000   0.2176   0.00989   0.00237  -0.0825   0.8258   0.0994  12.6871 106.2528
  -1.000   0.3315   0.00967   0.00206  -0.0819   0.7559   0.1425  16.8470 109.1026
   0.000   0.4467   0.00955   0.00188  -0.0819   0.6872   0.2049  20.9162 112.7947
   1.000   0.5529   0.00759   0.00169  -0.0803   0.6145   1.0000  25.2295 160.0000
   2.000   0.6668   0.00832   0.00174  -0.0803   0.5220   1.0000  30.7506 160.0000
   3.000   0.7777   0.00951   0.00200  -0.0801   0.3879   1.0000  38.8429 160.0000
   4.000   0.8863   0.01107   0.00254  -0.0799   0.2688   1.0000  46.1421 160.0000
   5.000   0.9955   0.01229   0.00310  -0.0797   0.2180   1.0000  49.3065 160.0000
   6.000   1.1033   0.01349   0.00369  -0.0792   0.1878   1.0000  51.2446 160.0000
   7.000   1.2085   0.01476   0.00433  -0.0784   0.1650   1.0000  52.7655 160.0000
   8.000   1.3099   0.01621   0.00508  -0.0771   0.1458   1.0000  54.0948 160.0000
   9.000   1.4084   0.01767   0.00584  -0.0754   0.1293   1.0000  55.3055 160.0000
  10.000   1.5004   0.01938   0.00670  -0.0728   0.1142   1.0000  56.4729 160.0000
  11.000   1.5829   0.02141   0.00771  -0.0688   0.1011   1.0000  57.5624 160.0000
  12.000   1.6505   0.02390   0.00900  -0.0627   0.0902   1.0000  58.5345 160.0000
  13.000   1.6932   0.02737   0.01094  -0.0534   0.0813   1.0000  59.3743 160.0000
  14.000   1.7273   0.03235   0.01393  -0.0459   0.0734   1.0000  60.1792 160.0000
  15.000   1.7487   0.03935   0.01841  -0.0405   0.0657   1.0000  61.0180 160.0000
