  
       XFOIL         Version 6.99
  
 Calculated polar for: ARA-D 6% AIRFOIL                                
  
 1 1 Reynolds number fixed          Mach number fixed         
  
 xtrf =   1.000 (top)        1.000 (bottom)  
 Mach =   0.000     Re =     1.000 e 6     Ncrit =   9.000  9.000
  
   alpha    CL        CD       CDp       CM     Top_Xtr  Bot_Xtr  Top_Itr  Bot_Itr
  ------ -------- --------- --------- -------- -------- -------- -------- --------
  -2.000   0.3933   0.00758   0.00142  -0.1367   0.8958   0.0201   9.2718  90.6645
  -1.000   0.5071   0.00699   0.00099  -0.1366   0.8582   0.0749  11.8971  95.8339
   0.000   0.6191   0.00690   0.00087  -0.1362   0.7965   0.1504  16.1992 101.1007
   1.000   0.7316   0.00691   0.00086  -0.1363   0.7321   0.2731  20.6674 109.5853
   3.000   0.9435   0.00715   0.00118  -0.1343   0.4972   1.0000  36.8608 160.0000
   4.000   1.0433   0.00940   0.00188  -0.1327   0.2534   1.0000  53.6884 160.0000
   5.000   1.1479   0.01068   0.00237  -0.1318   0.1737   1.0000  59.2432 160.0000
   6.000   1.2514   0.01185   0.00283  -0.1307   0.1262   1.0000  62.6595 160.0000
   7.000   1.3512   0.01327   0.00341  -0.1291   0.0824   1.0000  66.0031 160.0000
   8.000   1.4470   0.01489   0.00415  -0.1268   0.0513   1.0000  68.6636 160.0000
   9.000   1.5378   0.01676   0.00505  -0.1237   0.0309   1.0000  70.7285 160.0000
  10.000   1.6167   0.01948   0.00638  -0.1186   0.0094   1.0000  74.5375 160.0000
  11.000   1.6806   0.02297   0.00820  -0.1109   0.0055   1.0000  75.9667 160.0000
  12.000   1.7249   0.02669   0.01034  -0.1002   0.0048   1.0000  76.3213 160.0000
  13.000   1.7470   0.03195   0.01370  -0.0879   0.0043   1.0000  76.6050 160.0000
  14.000   1.7429   0.04041   0.01965  -0.0763   0.0039   1.0000  76.8236 160.0000
  15.000   1.6911   0.05629   0.03207  -0.0687   0.0036   1.0000  76.9645 160.0000
