  
       XFOIL         Version 6.99
  
 Calculated polar for: AS5045 (15%) | Ref: http://www.krnet.org/as504x/
  
 1 1 Reynolds number fixed          Mach number fixed         
  
 xtrf =   1.000 (top)        1.000 (bottom)  
 Mach =   0.000     Re =     1.000 e 6     Ncrit =   9.000  9.000
  
   alpha    CL        CD       CDp       CM     Top_Xtr  Bot_Xtr  Top_Itr  Bot_Itr
  ------ -------- --------- --------- -------- -------- -------- -------- --------
  -6.000  -0.4645   0.01317   0.00353  -0.0388   0.7009   0.0107  21.0166  89.1842
  -5.000  -0.3514   0.01152   0.00260  -0.0406   0.6964   0.0125  21.2978  89.8047
  -4.000  -0.2345   0.01036   0.00204  -0.0426   0.6909   0.0212  21.6436  92.1784
  -3.000  -0.1119   0.00691   0.00121  -0.0487   0.6847   0.5916  22.0352 132.4813
  -2.000   0.0084   0.00719   0.00162  -0.0502   0.6767   0.6298  22.5345 134.9531
  -1.000   0.1277   0.00730   0.00173  -0.0517   0.6672   0.6417  23.1347 135.7154
   0.000   0.2475   0.00723   0.00167  -0.0534   0.6560   0.6500  23.8378 136.2433
   1.000   0.3669   0.00717   0.00158  -0.0549   0.6416   0.6576  24.7623 136.7204
   2.000   0.4863   0.00708   0.00135  -0.0566   0.6223   0.6627  26.0217 137.0445
   3.000   0.6046   0.00698   0.00118  -0.0581   0.5828   0.6680  28.6509 137.3803
   5.000   0.8227   0.00930   0.00172  -0.0587   0.3085   0.6779  46.2521 137.9983
   6.000   0.9281   0.01059   0.00228  -0.0586   0.2083   0.6836  52.7235 138.3602
   7.000   1.0316   0.01198   0.00289  -0.0583   0.1401   0.6892  57.3252 138.7121
   8.000   1.1317   0.01353   0.00361  -0.0575   0.0919   0.6945  60.8783 139.0521
   9.000   1.2278   0.01512   0.00446  -0.0561   0.0623   0.7008  63.4301 139.4504
  10.000   1.3171   0.01703   0.00548  -0.0538   0.0450   0.7074  65.2908 139.8687
  11.000   1.3964   0.01921   0.00669  -0.0504   0.0354   0.7146  66.5719 140.3294
  12.000   1.4539   0.02195   0.00819  -0.0443   0.0288   0.7226  67.6170 140.8347
  13.000   1.5043   0.02630   0.01089  -0.0409   0.0246   0.7319  68.4156 141.4273
  14.000   1.5444   0.03227   0.01475  -0.0387   0.0210   0.7435  69.1613 142.1688
  15.000   1.5726   0.03930   0.01944  -0.0364   0.0180   0.7590  69.9017 143.1494
