  
       XFOIL         Version 6.99
  
 Calculated polar for: AS6098 | Ananda-Selig | AIAA Paper 2018-0310    
  
 1 1 Reynolds number fixed          Mach number fixed         
  
 xtrf =   1.000 (top)        1.000 (bottom)  
 Mach =   0.000     Re =     1.000 e 6     Ncrit =   9.000  9.000
  
   alpha    CL        CD       CDp       CM     Top_Xtr  Bot_Xtr  Top_Itr  Bot_Itr
  ------ -------- --------- --------- -------- -------- -------- -------- --------
   0.000   1.0737   0.00744   0.00160  -0.2445   0.7573   0.0209  18.3783  91.1281
   1.000   1.1822   0.00716   0.00088  -0.2430   0.6875   0.0236  22.9329  91.6052
   2.000   1.2865   0.00750   0.00093  -0.2409   0.6077   0.1436  28.0789 101.5187
   3.000   1.3859   0.00850   0.00133  -0.2379   0.5185   0.1889  33.8151 104.6206
   4.000   1.4831   0.00972   0.00179  -0.2348   0.4222   0.2120  40.0147 106.2393
   5.000   1.5779   0.01117   0.00236  -0.2315   0.3229   0.2316  46.4493 107.6238
   6.000   1.6700   0.01280   0.00307  -0.2278   0.2373   0.2595  52.0922 109.5952
   8.000   1.8424   0.01626   0.00512  -0.2190   0.1080   1.0000  61.1395 160.0000
   9.000   1.9193   0.01863   0.00622  -0.2130   0.0710   1.0000  64.0749 160.0000
  10.000   1.9818   0.02123   0.00744  -0.2044   0.0516   1.0000  65.8337 160.0000
  11.000   2.0326   0.02438   0.00901  -0.1944   0.0402   1.0000  67.0145 160.0000
  12.000   2.0786   0.02824   0.01102  -0.1847   0.0323   1.0000  67.9614 160.0000
  13.000   2.1202   0.03274   0.01344  -0.1757   0.0275   1.0000  68.6343 160.0000
  14.000   2.1502   0.03879   0.01691  -0.1669   0.0224   1.0000  69.4533 160.0000
  15.000   2.1678   0.04685   0.02181  -0.1590   0.0180   1.0000  70.2815 160.0000
