  
       XFOIL         Version 6.99
  
 Calculated polar for: AS6094 | Ananda-Selig | AIAA Paper 2018-0310    
  
 1 1 Reynolds number fixed          Mach number fixed         
  
 xtrf =   1.000 (top)        1.000 (bottom)  
 Mach =   0.000     Re =     1.000 e 6     Ncrit =   9.000  9.000
  
   alpha    CL        CD       CDp       CM     Top_Xtr  Bot_Xtr  Top_Itr  Bot_Itr
  ------ -------- --------- --------- -------- -------- -------- -------- --------
   0.000   0.8444   0.00710   0.00141  -0.1907   0.7975   0.0148  15.7940  88.8513
   1.000   0.9547   0.00638   0.00040  -0.1895   0.7285   0.0184  20.5257  89.4880
   2.000   1.0595   0.00671   0.00046  -0.1875   0.6278   0.1625  27.3660 101.1711
   3.000   1.1611   0.00772   0.00081  -0.1851   0.5089   0.1950  35.3855 103.5235
   4.000   1.2601   0.00910   0.00130  -0.1825   0.3663   0.2143  45.0272 104.9271
   5.000   1.3573   0.01072   0.00201  -0.1800   0.2343   0.2435  54.0416 107.0643
   6.000   1.4520   0.01172   0.00308  -0.1773   0.1336   1.0000  61.1495 160.0000
   7.000   1.5458   0.01360   0.00402  -0.1742   0.0727   1.0000  65.7733 160.0000
   8.000   1.6379   0.01546   0.00504  -0.1709   0.0444   1.0000  68.2312 160.0000
   9.000   1.7262   0.01751   0.00620  -0.1671   0.0320   1.0000  69.5199 160.0000
  10.000   1.8095   0.01977   0.00751  -0.1626   0.0248   1.0000  70.4178 160.0000
  11.000   1.8832   0.02252   0.00910  -0.1568   0.0196   1.0000  71.1701 160.0000
  12.000   1.9383   0.02581   0.01097  -0.1483   0.0150   1.0000  71.9916 160.0000
  13.000   1.9850   0.02892   0.01272  -0.1391   0.0117   1.0000  72.7513 160.0000
  14.000   2.0091   0.03469   0.01627  -0.1290   0.0071   1.0000  74.1525 160.0000
  15.000   2.0074   0.04417   0.02275  -0.1197   0.0049   1.0000  75.0605 160.0000
