  
       XFOIL         Version 6.99
  
 Calculated polar for: AS6099 | Ananda-Selig | AIAA Paper 2018-0310    
  
 1 1 Reynolds number fixed          Mach number fixed         
  
 xtrf =   1.000 (top)        1.000 (bottom)  
 Mach =   0.000     Re =     0.500 e 6     Ncrit =   9.000  9.000
  
   alpha    CL        CD       CDp       CM     Top_Xtr  Bot_Xtr  Top_Itr  Bot_Itr
  ------ -------- --------- --------- -------- -------- -------- -------- --------
   0.000   1.0698   0.00806   0.00136  -0.2470   0.7823   0.0785  16.6789  97.6693
   1.000   1.1745   0.00859   0.00164  -0.2445   0.7233   0.1789  20.4473 104.6008
   2.000   1.2768   0.00931   0.00184  -0.2415   0.6595   0.2122  24.5030 106.8116
   3.000   1.3778   0.01000   0.00199  -0.2387   0.5916   0.2346  28.8086 108.3268
   4.000   1.4763   0.01092   0.00226  -0.2355   0.5179   0.2600  33.4710 110.0469
   5.000   1.5717   0.01211   0.00272  -0.2320   0.4376   0.2970  38.5673 112.5443
   6.000   1.6626   0.01317   0.00354  -0.2282   0.3497   1.0000  44.1892 160.0000
   7.000   1.7479   0.01534   0.00435  -0.2233   0.2613   1.0000  49.9410 160.0000
   8.000   1.8257   0.01800   0.00547  -0.2173   0.1779   1.0000  55.5530 160.0000
   9.000   1.8912   0.02123   0.00694  -0.2095   0.1130   1.0000  60.1997 160.0000
  10.000   1.9365   0.02502   0.00886  -0.1983   0.0751   1.0000  63.2131 160.0000
  11.000   1.9721   0.02993   0.01159  -0.1869   0.0561   1.0000  64.9186 160.0000
  12.000   1.9975   0.03627   0.01541  -0.1761   0.0462   1.0000  65.9299 160.0000
  13.000   2.0200   0.04367   0.02013  -0.1673   0.0396   1.0000  66.6770 160.0000
  14.000   2.0238   0.05431   0.02743  -0.1599   0.0342   1.0000  67.3599 160.0000
  15.000   2.0082   0.06938   0.03849  -0.1558   0.0294   1.0000  68.0104 160.0000
