  
       XFOIL         Version 6.99
  
 Calculated polar for: AS6096 | Ananda-Selig | AIAA Paper 2018-0310    
  
 1 1 Reynolds number fixed          Mach number fixed         
  
 xtrf =   1.000 (top)        1.000 (bottom)  
 Mach =   0.000     Re =     1.000 e 6     Ncrit =   9.000  9.000
  
   alpha    CL        CD       CDp       CM     Top_Xtr  Bot_Xtr  Top_Itr  Bot_Itr
  ------ -------- --------- --------- -------- -------- -------- -------- --------
  -2.000   0.6194   0.00842   0.00220  -0.1909   0.7787   0.0167  16.5827  89.9300
  -1.000   0.7351   0.00711   0.00083  -0.1908   0.7236   0.0193  20.1899  90.4495
   0.000   0.8470   0.00672   0.00033  -0.1899   0.6643   0.0763  24.0664  96.5990
   1.000   0.9556   0.00707   0.00058  -0.1884   0.6029   0.1646  28.0780 102.9965
   2.000   1.0632   0.00759   0.00081  -0.1868   0.5376   0.1871  32.3409 104.5117
   4.000   1.2743   0.00903   0.00132  -0.1834   0.3912   0.2146  41.9220 106.3944
   5.000   1.3769   0.01007   0.00176  -0.1814   0.3121   0.2349  47.1598 107.8159
   6.000   1.4770   0.01135   0.00239  -0.1792   0.2318   0.2862  52.5558 111.3603
   8.000   1.6648   0.01436   0.00444  -0.1733   0.0961   1.0000  62.2441 160.0000
   9.000   1.7534   0.01652   0.00560  -0.1696   0.0588   1.0000  65.3374 160.0000
  10.000   1.8369   0.01886   0.00690  -0.1651   0.0395   1.0000  67.2543 160.0000
  11.000   1.9130   0.02140   0.00832  -0.1597   0.0297   1.0000  68.4564 160.0000
  12.000   1.9722   0.02435   0.00997  -0.1517   0.0239   1.0000  69.3062 160.0000
  13.000   2.0015   0.02856   0.01249  -0.1402   0.0197   1.0000  70.0264 160.0000
  14.000   2.0339   0.03347   0.01555  -0.1316   0.0167   1.0000  70.6467 160.0000
  15.000   2.0510   0.04084   0.02043  -0.1244   0.0131   1.0000  71.5040 160.0000
