  
       XFOIL         Version 6.99
  
 Calculated polar for: AS6095 | Ananda-Selig | AIAA Paper 2018-0310    
  
 1 1 Reynolds number fixed          Mach number fixed         
  
 xtrf =   1.000 (top)        1.000 (bottom)  
 Mach =   0.000     Re =     0.500 e 6     Ncrit =   9.000  9.000
  
   alpha    CL        CD       CDp       CM     Top_Xtr  Bot_Xtr  Top_Itr  Bot_Itr
  ------ -------- --------- --------- -------- -------- -------- -------- --------
   0.000   0.8475   0.00797   0.00130  -0.1917   0.8096   0.0278  14.7537  91.3760
   1.000   0.9559   0.00780   0.00116  -0.1898   0.7530   0.1661  18.5458 102.2133
   2.000   1.0601   0.00845   0.00131  -0.1872   0.6777   0.2028  23.5971 104.7924
   3.000   1.1629   0.00906   0.00138  -0.1846   0.5885   0.2219  29.5306 106.1599
   4.000   1.2633   0.01003   0.00166  -0.1820   0.4846   0.2422  36.4345 107.6150
   5.000   1.3608   0.01140   0.00219  -0.1792   0.3705   0.2737  44.0336 109.8466
   6.000   1.4546   0.01245   0.00312  -0.1761   0.2587   1.0000  51.5609 160.0000
   7.000   1.5454   0.01472   0.00413  -0.1726   0.1617   1.0000  58.2754 160.0000
   8.000   1.6315   0.01732   0.00545  -0.1685   0.0911   1.0000  63.4825 160.0000
   9.000   1.7119   0.02025   0.00709  -0.1635   0.0561   1.0000  66.3734 160.0000
  10.000   1.7819   0.02368   0.00911  -0.1570   0.0417   1.0000  67.7419 160.0000
  11.000   1.8327   0.02751   0.01146  -0.1477   0.0341   1.0000  68.5695 160.0000
  12.000   1.8600   0.03267   0.01481  -0.1365   0.0285   1.0000  69.2615 160.0000
  13.000   1.8796   0.03948   0.01943  -0.1274   0.0238   1.0000  69.9032 160.0000
  14.000   1.8994   0.04735   0.02509  -0.1212   0.0201   1.0000  70.5120 160.0000
  15.000   1.8934   0.05991   0.03460  -0.1177   0.0165   1.0000  71.1742 160.0000
