  
       XFOIL         Version 6.99
  
 Calculated polar for: AS6091 | Ananda-Selig | AIAA Paper 2018-0310    
  
 1 1 Reynolds number fixed          Mach number fixed         
  
 xtrf =   1.000 (top)        1.000 (bottom)  
 Mach =   0.000     Re =     0.500 e 6     Ncrit =   9.000  9.000
  
   alpha    CL        CD       CDp       CM     Top_Xtr  Bot_Xtr  Top_Itr  Bot_Itr
  ------ -------- --------- --------- -------- -------- -------- -------- --------
  -1.000   0.4820   0.00783   0.00141  -0.1374   0.9443   0.0241   5.5678  88.6311
   0.000   0.5945   0.00670   0.00056  -0.1357   0.8874   0.1359   9.6385  97.5239
   1.000   0.6981   0.00721   0.00078  -0.1323   0.8009   0.1932  15.7732 101.6908
   2.000   0.8019   0.00762   0.00069  -0.1295   0.6888   0.2163  23.6899 103.3897
   3.000   0.9040   0.00852   0.00080  -0.1269   0.5320   0.2426  34.7515 105.3445
   4.000   1.0047   0.00999   0.00123  -0.1247   0.3376   0.2786  48.4814 108.0097
   5.000   1.1004   0.01132   0.00227  -0.1223   0.1293   1.0000  63.4336 160.0000
   6.000   1.1981   0.01383   0.00362  -0.1198   0.0487   1.0000  69.6416 160.0000
   7.000   1.2939   0.01650   0.00541  -0.1168   0.0367   1.0000  70.7076 160.0000
   8.000   1.3871   0.01919   0.00728  -0.1137   0.0283   1.0000  71.5230 160.0000
   9.000   1.4777   0.02186   0.00899  -0.1106   0.0203   1.0000  72.4425 160.0000
  10.000   1.5643   0.02472   0.01013  -0.1072   0.0094   1.0000  74.3831 160.0000
  11.000   1.6208   0.03193   0.01502  -0.1004   0.0070   1.0000  75.0648 160.0000
  12.000   1.6374   0.04128   0.02238  -0.0898   0.0062   1.0000  75.3435 160.0000
  13.000   1.5888   0.05564   0.03491  -0.0807   0.0060   1.0000  75.4483 160.0000
  14.000   1.5103   0.08392   0.06170  -0.0920   0.0060   1.0000  75.4322 160.0000
  15.000   1.4036   0.13378   0.11539  -0.1239   0.0065   1.0000  75.2351 160.0000
