  
       XFOIL         Version 6.99
  
 Calculated polar for: AVISTAR                                         
  
 1 1 Reynolds number fixed          Mach number fixed         
  
 xtrf =   1.000 (top)        1.000 (bottom)  
 Mach =   0.000     Re =     0.500 e 6     Ncrit =   9.000  9.000
  
   alpha    CL        CD       CDp       CM     Top_Xtr  Bot_Xtr  Top_Itr  Bot_Itr
  ------ -------- --------- --------- -------- -------- -------- -------- --------
  -6.000  -0.4226   0.02256   0.01234  -0.0490   0.8539   0.0404  10.7601  99.7836
  -5.000  -0.3224   0.01769   0.00784  -0.0467   0.8324   0.0397  11.9012  99.6509
  -4.000  -0.2173   0.01536   0.00543  -0.0451   0.8096   0.0417  13.1010 100.0184
  -3.000  -0.1156   0.01297   0.00386  -0.0432   0.7846   0.0451  14.4258 100.5762
  -2.000  -0.0159   0.01153   0.00265  -0.0405   0.7561   0.0488  15.9528 101.1672
  -1.000   0.0860   0.01052   0.00183  -0.0382   0.7200   0.0561  17.9259 102.1931
   0.000   0.1755   0.00859   0.00113  -0.0340   0.6728   0.4034  20.5838 124.3154
   1.000   0.2550   0.00727   0.00120  -0.0264   0.6142   0.8445  23.9098 147.6300
   2.000   0.4529   0.00771   0.00149  -0.0454   0.5619   0.9525  26.8600 154.5403
   3.000   0.6054   0.00859   0.00198  -0.0544   0.5120   0.9882  29.6438 158.3240
   4.000   0.7389   0.00921   0.00213  -0.0601   0.4527   1.0000  32.9452 160.0000
   5.000   0.7889   0.01300   0.00333  -0.0504   0.0727   1.0000  58.8148 160.0000
   6.000   0.8627   0.01508   0.00445  -0.0437   0.0356   1.0000  63.9808 160.0000
   7.000   0.9343   0.01706   0.00564  -0.0370   0.0313   1.0000  64.8541 160.0000
   8.000   0.9812   0.01973   0.00727  -0.0262   0.0293   1.0000  65.2824 160.0000
   9.000   1.0138   0.02305   0.00938  -0.0149   0.0279   1.0000  65.6082 160.0000
  10.000   1.0497   0.02773   0.01231  -0.0070   0.0265   1.0000  65.9183 160.0000
  11.000   1.1039   0.03226   0.01511  -0.0016   0.0256   1.0000  66.1523 160.0000
  12.000   1.1747   0.03656   0.01775   0.0023   0.0250   1.0000  66.3079 160.0000
  13.000   1.2539   0.04189   0.02116   0.0052   0.0247   1.0000  66.3810 160.0000
  14.000   1.3150   0.05000   0.02682   0.0086   0.0252   1.0000  66.2609 160.0000
