  
       XFOIL         Version 6.99
  
 Calculated polar for: B-29 ROOT AIRFOIL                               
  
 1 1 Reynolds number fixed          Mach number fixed         
  
 xtrf =   1.000 (top)        1.000 (bottom)  
 Mach =   0.000     Re =     1.000 e 6     Ncrit =   9.000  9.000
  
   alpha    CL        CD       CDp       CM     Top_Xtr  Bot_Xtr  Top_Itr  Bot_Itr
  ------ -------- --------- --------- -------- -------- -------- -------- --------
  -6.000  -0.3918   0.01025  -0.00038  -0.0442   0.6137   0.2056  21.2809 118.4248
  -5.000  -0.3304   0.00915  -0.00025  -0.0349   0.5952   0.3093  22.2078 124.3321
  -4.000  -0.2520   0.00864  -0.00008  -0.0283   0.5767   0.3679  23.1491 127.3844
  -3.000  -0.1698   0.00838   0.00009  -0.0222   0.5588   0.4162  24.0632 129.8254
  -1.000  -0.0002   0.00797   0.00032  -0.0110   0.5253   0.5218  25.8088 134.9995
   0.000   0.0848   0.00775   0.00039  -0.0054   0.5094   0.5896  26.6459 138.2674
   1.000   0.1735   0.00766   0.00042  -0.0006   0.4942   0.6478  27.4564 141.0707
   2.000   0.2597   0.00763   0.00042   0.0047   0.4792   0.7073  28.2539 143.9191
   3.000   0.3432   0.00767   0.00036   0.0106   0.4641   0.7651  29.0711 146.6832
   4.000   0.4272   0.00772   0.00025   0.0163   0.4506   0.8237  29.8043 149.5349
   5.000   0.5164   0.00790   0.00018   0.0209   0.4381   0.8824  30.4857 152.5156
   6.000   0.6220   0.00843   0.00023   0.0216   0.4247   0.9251  31.2265 154.8373
   7.000   0.7499   0.00921   0.00045   0.0171   0.4094   0.9471  32.0756 156.1266
   8.000   0.8691   0.01011   0.00055   0.0143   0.3893   0.9617  33.2085 157.0480
   9.000   1.0030   0.01125   0.00082   0.0078   0.3653   0.9680  34.5915 157.4733
  10.000   1.1121   0.01268   0.00104   0.0054   0.3416   0.9790  35.9772 158.2436
  11.000   1.2104   0.01464   0.00144   0.0036   0.3100   0.9897  37.8768 159.0475
  12.000   1.2991   0.01826   0.00295  -0.0005   0.2576   0.9981  41.1280 159.8209
  13.000   1.2674   0.02534   0.00594   0.0116   0.1930   1.0000  45.4081 160.0000
  14.000   1.2189   0.03415   0.01041   0.0234   0.1477   1.0000  48.7217 160.0000
  15.000   1.1952   0.04330   0.01566   0.0301   0.1167   1.0000  51.3203 160.0000
