  
       XFOIL         Version 6.99
  
 Calculated polar for: BELL 540 AIRFOIL (MODIFIED NACA 0012)           
  
 1 1 Reynolds number fixed          Mach number fixed         
  
 xtrf =   1.000 (top)        1.000 (bottom)  
 Mach =   0.000     Re =     0.500 e 6     Ncrit =   9.000  9.000
  
   alpha    CL        CD       CDp       CM     Top_Xtr  Bot_Xtr  Top_Itr  Bot_Itr
  ------ -------- --------- --------- -------- -------- -------- -------- --------
  -6.000  -0.6767   0.01153   0.00273  -0.0025   1.0000   0.0708   1.0000 100.4186
  -5.000  -0.5661   0.01004   0.00186  -0.0021   1.0000   0.1167   1.0000 104.0856
  -4.000  -0.4548   0.00874   0.00131  -0.0019   1.0000   0.2067   1.0000 110.1941
  -3.000  -0.3427   0.00780   0.00106  -0.0016   1.0000   0.3075   1.0000 116.6538
  -2.000  -0.2306   0.00723   0.00100  -0.0010   1.0000   0.3942   1.0000 122.0643
  -1.000  -0.1044   0.00701   0.00100  -0.0027   0.8548   0.4692  11.0101 126.6162
   0.000   0.0000   0.00756   0.00088   0.0000   0.5698   0.5698  28.2859 132.7140
   1.000   0.1044   0.00701   0.00100   0.0027   0.4692   0.8547  34.3839 149.9885
   2.000   0.2306   0.00723   0.00100   0.0010   0.3942   1.0000  38.9356 160.0000
   3.000   0.3426   0.00780   0.00106   0.0016   0.3075   1.0000  44.3459 160.0000
   4.000   0.4548   0.00874   0.00131   0.0019   0.2067   1.0000  50.8058 160.0000
   5.000   0.5661   0.01004   0.00186   0.0021   0.1167   1.0000  56.9146 160.0000
   6.000   0.6767   0.01153   0.00273   0.0025   0.0708   1.0000  60.5816 160.0000
   7.000   0.7855   0.01323   0.00387   0.0031   0.0508   1.0000  62.6579 160.0000
   8.000   0.8903   0.01551   0.00546   0.0041   0.0398   1.0000  64.1046 160.0000
   9.000   0.9910   0.01819   0.00745   0.0054   0.0334   1.0000  65.1320 160.0000
  10.000   1.0843   0.02173   0.01006   0.0072   0.0287   1.0000  66.0012 160.0000
  11.000   1.1730   0.02535   0.01320   0.0095   0.0261   1.0000  66.5604 160.0000
  12.000   1.2394   0.03150   0.01796   0.0126   0.0240   1.0000  67.0228 160.0000
  13.000   1.2759   0.03855   0.02424   0.0168   0.0227   1.0000  67.3293 160.0000
  14.000   1.2451   0.05438   0.03829   0.0101   0.0221   1.0000  67.4765 160.0000
  15.000   1.1175   0.09483   0.07750  -0.0193   0.0225   1.0000  67.3705 160.0000
