  
       XFOIL         Version 6.99
  
 Calculated polar for: BOEING 707 .08 SPAN AIRFOIL                     
  
 1 1 Reynolds number fixed          Mach number fixed         
  
 xtrf =   1.000 (top)        1.000 (bottom)  
 Mach =   0.000     Re =     1.000 e 6     Ncrit =   9.000  9.000
  
   alpha    CL        CD       CDp       CM     Top_Xtr  Bot_Xtr  Top_Itr  Bot_Itr
  ------ -------- --------- --------- -------- -------- -------- -------- --------
  -6.000  -0.6790   0.01284   0.00267  -0.0011   0.3188   0.0148  38.0309  93.6990
  -5.000  -0.5783   0.01189   0.00210   0.0015   0.3170   0.0167  38.1517  94.4060
  -4.000  -0.4749   0.01112   0.00177   0.0036   0.3142   0.0455  38.3386 101.9904
  -3.000  -0.3674   0.01082   0.00169   0.0051   0.3093   0.0570  38.6608 103.9130
  -2.000  -0.2605   0.01047   0.00146   0.0067   0.3024   0.0659  39.1275 105.1547
  -1.000  -0.1637   0.00869   0.00083   0.0097   0.2913   0.3618  39.9014 126.7353
   0.000  -0.0522   0.00856   0.00087   0.0107   0.2776   0.4098  40.9128 129.4130
   1.000   0.0604   0.00855   0.00062   0.0115   0.1944   0.4236  47.0590 130.1275
   2.000   0.1688   0.00894   0.00078   0.0129   0.1399   0.4375  50.8283 130.8280
   3.000   0.2766   0.00944   0.00097   0.0144   0.0901   0.4520  55.3603 131.5450
   4.000   0.3827   0.01021   0.00138   0.0161   0.0485   0.4665  61.6104 132.2588
   5.000   0.4900   0.01066   0.00165   0.0177   0.0399   0.4911  63.4181 133.4467
   6.000   0.5918   0.01145   0.00224   0.0201   0.0143   0.5705  71.5353 137.2672
   7.000   0.6938   0.01147   0.00304   0.0226   0.0130   0.9481  72.1110 155.9263
   8.000   0.8552   0.01329   0.00436   0.0118   0.0124   0.9995  72.3779 159.9484
   9.000   0.9420   0.01514   0.00567   0.0167   0.0122   1.0000  72.4497 160.0000
  10.000   1.0212   0.01740   0.00731   0.0225   0.0121   1.0000  72.4993 160.0000
  11.000   1.0921   0.02018   0.00936   0.0289   0.0120   1.0000  72.5756 160.0000
  12.000   1.1496   0.02356   0.01179   0.0365   0.0120   1.0000  72.5701 160.0000
  13.000   1.1756   0.02770   0.01460   0.0472   0.0120   1.0000  72.5546 160.0000
  14.000   1.1660   0.03551   0.02037   0.0531   0.0121   1.0000  72.5297 160.0000
  15.000   1.1202   0.06056   0.04213   0.0328   0.0122   1.0000  72.4712 160.0000
