  
       XFOIL         Version 6.99
  
 Calculated polar for: BOEING 707 .19 SPAN AIRFOIL                     
  
 1 1 Reynolds number fixed          Mach number fixed         
  
 xtrf =   1.000 (top)        1.000 (bottom)  
 Mach =   0.000     Re =     1.000 e 6     Ncrit =   9.000  9.000
  
   alpha    CL        CD       CDp       CM     Top_Xtr  Bot_Xtr  Top_Itr  Bot_Itr
  ------ -------- --------- --------- -------- -------- -------- -------- --------
  -6.000  -0.6432   0.01526   0.00497   0.0125   0.6226   0.0257  27.0513  93.4573
  -5.000  -0.5487   0.01328   0.00351   0.0157   0.6150   0.0266  27.4949  93.6295
  -4.000  -0.4523   0.01182   0.00246   0.0190   0.6034   0.0242  28.1801  93.1690
  -3.000  -0.3505   0.01082   0.00169   0.0212   0.5878   0.0234  29.1123  93.0160
  -2.000  -0.2475   0.00977   0.00109   0.0232   0.5600   0.0224  30.8464  92.8057
   0.000  -0.0402   0.01021   0.00094   0.0261   0.2397   0.0210  51.2402  92.4927
   1.000   0.0627   0.01084   0.00107   0.0274   0.0838   0.0218  61.9541  92.6550
   2.000   0.1564   0.00976   0.00108   0.0304   0.0770   0.4172  62.5499 120.7525
   3.000   0.2395   0.00876   0.00133   0.0360   0.0707   0.7925  63.1053 143.1996
   4.000   0.3397   0.00891   0.00168   0.0386   0.0651   0.9030  63.6321 151.1595
   5.000   0.4540   0.00947   0.00203   0.0379   0.0594   0.9500  64.1806 155.1408
   6.000   0.5811   0.01016   0.00231   0.0341   0.0514   0.9713  65.0225 157.0861
   7.000   0.7133   0.01123   0.00277   0.0287   0.0293   0.9819  68.1824 158.0950
   8.000   0.8417   0.01277   0.00369   0.0237   0.0191   0.9909  70.5523 158.9610
   9.000   0.9751   0.01441   0.00471   0.0172   0.0176   0.9979  70.9706 159.7591
  10.000   1.0591   0.01637   0.00603   0.0204   0.0166   1.0000  71.2890 160.0000
  11.000   1.1006   0.01922   0.00788   0.0308   0.0149   1.0000  71.7833 160.0000
  12.000   1.1114   0.02277   0.00976   0.0443   0.0138   1.0000  72.1517 160.0000
  13.000   1.1367   0.02766   0.01295   0.0497   0.0123   1.0000  72.6292 160.0000
  14.000   1.1161   0.03823   0.02049   0.0520   0.0112   1.0000  73.0083 160.0000
  15.000   1.1372   0.04630   0.02718   0.0510   0.0103   1.0000  73.3383 160.0000
