  
       XFOIL         Version 6.99
  
 Calculated polar for: BOEING 707 .99 SPAN AIRFOIL                     
  
 1 1 Reynolds number fixed          Mach number fixed         
  
 xtrf =   1.000 (top)        1.000 (bottom)  
 Mach =   0.000     Re =     0.500 e 6     Ncrit =   9.000  9.000
  
   alpha    CL        CD       CDp       CM     Top_Xtr  Bot_Xtr  Top_Itr  Bot_Itr
  ------ -------- --------- --------- -------- -------- -------- -------- --------
   0.000   0.2280   0.00900   0.00111  -0.0442   0.7643   0.0287  18.4872  90.3912
   1.000   0.3111   0.00664   0.00045  -0.0386   0.7018   0.6956  22.9406 137.9823
   2.000   0.4815   0.00793   0.00057  -0.0514   0.3410   0.9970  48.7443 159.6278
   3.000   0.5630   0.00993   0.00116  -0.0470   0.0713   1.0000  68.4515 160.0000
   4.000   0.6490   0.01078   0.00155  -0.0422   0.0438   1.0000  70.8461 160.0000
   5.000   0.7346   0.01192   0.00227  -0.0376   0.0354   1.0000  71.6690 160.0000
   6.000   0.8217   0.01307   0.00288  -0.0334   0.0268   1.0000  72.5820 160.0000
   8.000   0.9778   0.01730   0.00433  -0.0217   0.0099   1.0000  75.4386 160.0000
   9.000   1.0341   0.02202   0.00721  -0.0130   0.0092   1.0000  75.6335 160.0000
  10.000   1.0802   0.03462   0.01679  -0.0040   0.0100   1.0000  75.3986 160.0000
