  
       XFOIL         Version 6.99
  
 Calculated polar for: BOEING 707 .19 SPAN AIRFOIL                     
  
 1 1 Reynolds number fixed          Mach number fixed         
  
 xtrf =   1.000 (top)        1.000 (bottom)  
 Mach =   0.000     Re =     0.500 e 6     Ncrit =   9.000  9.000
  
   alpha    CL        CD       CDp       CM     Top_Xtr  Bot_Xtr  Top_Itr  Bot_Itr
  ------ -------- --------- --------- -------- -------- -------- -------- --------
  -6.000  -0.6266   0.01736   0.00564   0.0093   0.6663   0.0301  24.4208  94.2573
  -5.000  -0.5336   0.01531   0.00409   0.0128   0.6605   0.0293  24.7714  94.1289
  -4.000  -0.4399   0.01378   0.00303   0.0163   0.6497   0.0284  25.4313  93.9747
  -3.000  -0.3437   0.01242   0.00219   0.0195   0.6370   0.0277  26.1949  93.8560
  -2.000  -0.2405   0.01152   0.00164   0.0216   0.6176   0.0274  27.3431  93.7810
  -1.000  -0.1336   0.01088   0.00127   0.0230   0.5952   0.0278  28.6668  93.8738
   0.000  -0.0321   0.01083   0.00093   0.0250   0.3807   0.0734  42.5314  98.9487
   1.000   0.0478   0.00934   0.00082   0.0300   0.2664   0.5741  49.5516 130.1472
   2.000   0.1393   0.00895   0.00108   0.0344   0.2143   0.7805  52.9318 142.4236
   3.000   0.2339   0.01005   0.00182   0.0382   0.0866   0.9143  61.7204 152.0765
   4.000   0.3585   0.01113   0.00258   0.0353   0.0779   0.9515  62.4721 155.2707
   5.000   0.4908   0.01270   0.00354   0.0300   0.0710   0.9706  63.0805 157.0147
   6.000   0.6358   0.01366   0.00414   0.0220   0.0640   0.9825  63.7372 158.1482
   7.000   0.7776   0.01482   0.00478   0.0142   0.0595   0.9939  64.1651 159.2976
   8.000   0.8993   0.01535   0.00489   0.0107   0.0539   1.0000  64.7481 160.0000
   9.000   0.9726   0.01615   0.00507   0.0169   0.0483   1.0000  65.3818 160.0000
  10.000   1.0353   0.01787   0.00568   0.0244   0.0238   1.0000  69.3388 160.0000
  11.000   1.0869   0.02032   0.00699   0.0331   0.0208   1.0000  70.0957 160.0000
  12.000   1.1057   0.02390   0.00896   0.0450   0.0189   1.0000  70.6156 160.0000
  13.000   1.1015   0.03119   0.01357   0.0516   0.0173   1.0000  71.0687 160.0000
  14.000   1.0997   0.04024   0.02036   0.0536   0.0161   1.0000  71.4456 160.0000
  15.000   1.0725   0.05337   0.03122   0.0521   0.0150   1.0000  71.7684 160.0000
