  
       XFOIL         Version 6.99
  
 Calculated polar for: BOEING 737 OUTBOARD AIRFOIL                     
  
 1 1 Reynolds number fixed          Mach number fixed         
  
 xtrf =   1.000 (top)        1.000 (bottom)  
 Mach =   0.000     Re =     0.500 e 6     Ncrit =   9.000  9.000
  
   alpha    CL        CD       CDp       CM     Top_Xtr  Bot_Xtr  Top_Itr  Bot_Itr
  ------ -------- --------- --------- -------- -------- -------- -------- --------
  -6.000  -0.4256   0.03865   0.02583  -0.0379   0.9340   0.0201   7.9225  89.9919
  -5.000  -0.3458   0.01540   0.01488  -0.0340   0.8714   0.0246  12.3810  90.5389
  -3.000  -0.1529   0.01333   0.00423  -0.0277   0.8276   0.0190  15.4326  89.8153
  -2.000  -0.0526   0.01023   0.00187  -0.0253   0.8027   0.0226  17.1230  90.2968
  -1.000   0.0417   0.00698   0.00102  -0.0232   0.7772   0.6613  18.8459 134.5227
   0.000   0.1489   0.00674   0.00115  -0.0219   0.7543   0.7815  20.4006 142.5702
   1.000   0.2570   0.00666   0.00119  -0.0209   0.7287   0.8490  22.1409 147.1357
   2.000   0.3638   0.00657   0.00114  -0.0195   0.6924   0.9072  24.6003 151.1357
   3.000   0.4799   0.00666   0.00114  -0.0203   0.6531   0.9679  27.2562 156.1706
   4.000   0.6266   0.00703   0.00104  -0.0286   0.5629   0.9967  33.4035 159.5103
   5.000   0.7181   0.00880   0.00135  -0.0263   0.3340   1.0000  49.0495 160.0000
   6.000   0.8067   0.01063   0.00199  -0.0235   0.1903   1.0000  58.9890 160.0000
   7.000   0.8993   0.01245   0.00273  -0.0215   0.0948   1.0000  65.8020 160.0000
   8.000   0.9824   0.01548   0.00431  -0.0180   0.0302   1.0000  71.3084 160.0000
   9.000   1.0611   0.01871   0.00627  -0.0141   0.0223   1.0000  72.2630 160.0000
  10.000   1.1220   0.02355   0.00923  -0.0084   0.0169   1.0000  73.0380 160.0000
  11.000   1.1799   0.02729   0.01179  -0.0026   0.0137   1.0000  73.6562 160.0000
  12.000   1.1990   0.03563   0.01759   0.0049   0.0116   1.0000  74.0825 160.0000
  13.000   1.2005   0.04536   0.02551   0.0094   0.0106   1.0000  74.3378 160.0000
  14.000   1.1616   0.06139   0.03966   0.0085   0.0102   1.0000  74.4661 160.0000
  15.000   1.0836   0.08859   0.06599  -0.0045   0.0102   1.0000  74.4446 160.0000
