  
       XFOIL         Version 6.99
  
 Calculated polar for: BOEING 737 ROOT AIRFOIL                         
  
 1 1 Reynolds number fixed          Mach number fixed         
  
 xtrf =   1.000 (top)        1.000 (bottom)  
 Mach =   0.000     Re =     0.500 e 6     Ncrit =   9.000  9.000
  
   alpha    CL        CD       CDp       CM     Top_Xtr  Bot_Xtr  Top_Itr  Bot_Itr
  ------ -------- --------- --------- -------- -------- -------- -------- --------
  -6.000  -0.5158   0.01207   0.00311  -0.0131   0.8459   0.1262  10.3913 113.8453
  -5.000  -0.4094   0.01149   0.00258  -0.0107   0.7803   0.1297  13.4695 114.2497
  -4.000  -0.3006   0.01091   0.00208  -0.0088   0.7245   0.1345  15.9652 114.7946
  -3.000  -0.1903   0.01045   0.00168  -0.0070   0.6559   0.1428  18.9518 115.7219
  -2.000  -0.0849   0.01049   0.00146  -0.0046   0.4594   0.2059  27.6833 121.1926
  -1.000   0.0205   0.01145   0.00169  -0.0028   0.2596   0.2332  36.8635 122.8504
   0.000   0.1317   0.01165   0.00186  -0.0017   0.2255   0.2638  38.6146 124.4965
   1.000   0.2412   0.01166   0.00201  -0.0005   0.2030   0.3484  39.8778 128.5455
   2.000   0.3460   0.01113   0.00239   0.0014   0.1887   0.6464  40.7502 142.0800
   3.000   0.4564   0.01162   0.00286   0.0028   0.1749   0.7192  41.6589 145.3034
   4.000   0.5662   0.01217   0.00327   0.0042   0.1611   0.7715  42.6473 147.7125
   6.000   0.7787   0.01324   0.00405   0.0079   0.1358   0.8861  44.7290 153.1496
   7.000   0.9062   0.01412   0.00456   0.0048   0.1231   1.0000  45.9341 160.0000
   8.000   1.0094   0.01523   0.00513   0.0061   0.1139   1.0000  46.9080 160.0000
   9.000   1.1108   0.01647   0.00580   0.0075   0.1059   1.0000  47.8147 160.0000
  10.000   1.2089   0.01787   0.00658   0.0091   0.0986   1.0000  48.6893 160.0000
  11.000   1.3025   0.01946   0.00740   0.0110   0.0907   1.0000  49.7105 160.0000
  12.000   1.3878   0.02141   0.00837   0.0136   0.0807   1.0000  51.1031 160.0000
  13.000   1.4567   0.02396   0.00967   0.0175   0.0668   1.0000  53.3014 160.0000
  14.000   1.4908   0.02949   0.01309   0.0209   0.0478   1.0000  57.0155 160.0000
  15.000   1.4918   0.03992   0.02060   0.0195   0.0439   1.0000  57.8988 160.0000
