  
       XFOIL         Version 6.99
  
 Calculated polar for: BOEING 737 MIDSPAN AIRFOIL                      
  
 1 1 Reynolds number fixed          Mach number fixed         
  
 xtrf =   1.000 (top)        1.000 (bottom)  
 Mach =   0.000     Re =     1.000 e 6     Ncrit =   9.000  9.000
  
   alpha    CL        CD       CDp       CM     Top_Xtr  Bot_Xtr  Top_Itr  Bot_Itr
  ------ -------- --------- --------- -------- -------- -------- -------- --------
  -6.000  -0.5413   0.00985   0.00234  -0.0110   0.9852   0.0338   2.6505  97.8364
  -5.000  -0.4061   0.00840   0.00145  -0.0155   0.9206   0.0782   7.8249 103.7368
  -4.000  -0.3073   0.00725   0.00080  -0.0125   0.7718   0.2609  16.3910 116.2516
  -3.000  -0.2001   0.00669   0.00054  -0.0111   0.6912   0.3819  20.8628 123.3201
  -2.000  -0.0910   0.00620   0.00047  -0.0100   0.6311   0.5302  24.2288 131.8841
  -1.000   0.0215   0.00617   0.00046  -0.0093   0.5733   0.5932  27.4850 135.4578
   0.000   0.1339   0.00627   0.00048  -0.0087   0.5027   0.6483  31.4904 138.4974
   1.000   0.2450   0.00658   0.00055  -0.0080   0.4094   0.7000  36.8852 141.3454
   2.000   0.3534   0.00716   0.00078  -0.0070   0.2911   0.7666  43.8597 145.0593
   3.000   0.4583   0.00747   0.00111  -0.0050   0.2297   0.8852  47.5179 151.6816
   4.000   0.5710   0.00802   0.00145  -0.0045   0.1850   0.9720  50.2969 157.2075
   6.000   0.8192   0.00968   0.00225  -0.0103   0.1226   1.0000  54.5902 160.0000
   7.000   0.9177   0.01063   0.00275  -0.0078   0.1044   1.0000  56.0159 160.0000
   8.000   1.0199   0.01157   0.00327  -0.0063   0.0917   1.0000  57.1147 160.0000
   9.000   1.1218   0.01265   0.00387  -0.0050   0.0791   1.0000  58.3273 160.0000
  10.000   1.2207   0.01400   0.00462  -0.0036   0.0659   1.0000  59.7905 160.0000
  11.000   1.3155   0.01562   0.00557  -0.0018   0.0533   1.0000  61.4491 160.0000
  12.000   1.4019   0.01778   0.00689   0.0008   0.0428   1.0000  63.0894 160.0000
  13.000   1.4789   0.02028   0.00844   0.0042   0.0366   1.0000  64.2029 160.0000
  14.000   1.5279   0.02378   0.01061   0.0105   0.0324   1.0000  65.0211 160.0000
  15.000   1.5665   0.02860   0.01376   0.0142   0.0301   1.0000  65.5419 160.0000
