  
       XFOIL         Version 6.99
  
 Calculated polar for: BOEING HSNLF AIRFOIL                            
  
 1 1 Reynolds number fixed          Mach number fixed         
  
 xtrf =   1.000 (top)        1.000 (bottom)  
 Mach =   0.000     Re =     1.000 e 6     Ncrit =   9.000  9.000
  
   alpha    CL        CD       CDp       CM     Top_Xtr  Bot_Xtr  Top_Itr  Bot_Itr
  ------ -------- --------- --------- -------- -------- -------- -------- --------
  -5.000  -0.3098   0.01131   0.00271  -0.0685   0.9712   0.0049   3.8897  84.9423
  -4.000  -0.2012   0.00909   0.00158  -0.0690   0.9625   0.0050   4.5703  84.9849
  -3.000  -0.0870   0.00741   0.00118  -0.0710   0.9561   0.1904   5.0710 100.9587
  -2.000   0.0193   0.00557   0.00112  -0.0716   0.9460   0.6459   5.8565 133.9351
  -1.000   0.1315   0.00555   0.00121  -0.0721   0.9352   0.6735   6.6679 135.9225
   0.000   0.2437   0.00539   0.00106  -0.0725   0.9202   0.6865   7.7719 136.8550
   1.000   0.3514   0.00503   0.00060  -0.0713   0.8797   0.6992  10.7892 137.7753
   2.000   0.4576   0.00518   0.00030  -0.0700   0.7804   0.7123  18.0684 138.7240
   3.000   0.5248   0.00872   0.00092  -0.0621   0.1630   0.7265  62.6619 139.7575
   4.000   0.6222   0.01032   0.00131  -0.0602   0.0120   0.7425  75.0041 140.9114
   5.000   0.7229   0.01163   0.00183  -0.0584   0.0067   0.7615  76.2859 142.2792
   6.000   0.8155   0.01406   0.00307  -0.0550   0.0050   0.7887  76.8499 144.2347
