  
       XFOIL         Version 6.99
  
 Calculated polar for: BOEING BACXXX AIRFOIL                           
  
 1 1 Reynolds number fixed          Mach number fixed         
  
 xtrf =   1.000 (top)        1.000 (bottom)  
 Mach =   0.000     Re =     1.000 e 6     Ncrit =   9.000  9.000
  
   alpha    CL        CD       CDp       CM     Top_Xtr  Bot_Xtr  Top_Itr  Bot_Itr
  ------ -------- --------- --------- -------- -------- -------- -------- --------
  -5.000  -0.2888   0.01355   0.00497  -0.0534   0.9658   0.0102   4.7181  88.0309
  -4.000  -0.1863   0.00997   0.00256  -0.0518   0.9523   0.0113   5.7779  88.3037
  -3.000  -0.0844   0.00847   0.00142  -0.0495   0.9306   0.0128   7.3094  88.6746
  -2.000   0.0096   0.00593   0.00054  -0.0465   0.9086   0.4064   8.8311 118.0110
  -1.000   0.1126   0.00507   0.00042  -0.0447   0.8745   0.6210  11.2507 132.7317
   0.000   0.2198   0.00495   0.00031  -0.0435   0.8172   0.6821  15.2664 136.8879
   1.000   0.3119   0.00562   0.00029  -0.0391   0.6179   0.7308  29.0588 140.2007
   2.000   0.4038   0.00663   0.00057  -0.0355   0.4107   0.8047  43.2073 145.2514
   3.000   0.5021   0.00710   0.00083  -0.0329   0.3184   0.9045  49.5001 152.0341
   4.000   0.6176   0.00775   0.00112  -0.0340   0.2595   0.9768  53.5681 157.3271
   5.000   0.7562   0.00867   0.00143  -0.0411   0.1937   0.9965  58.1782 159.5033
   6.000   0.8591   0.00952   0.00169  -0.0403   0.1480   1.0000  61.4188 160.0000
   7.000   0.9464   0.01050   0.00201  -0.0360   0.1122   1.0000  64.1031 160.0000
   8.000   1.0362   0.01180   0.00250  -0.0327   0.0686   1.0000  67.5694 160.0000
   9.000   1.1260   0.01337   0.00326  -0.0296   0.0431   1.0000  69.8011 160.0000
  10.000   1.2149   0.01497   0.00401  -0.0266   0.0283   1.0000  71.4050 160.0000
  11.000   1.2892   0.01771   0.00542  -0.0216   0.0097   1.0000  74.7074 160.0000
  12.000   1.3501   0.02070   0.00710  -0.0145   0.0066   1.0000  75.7160 160.0000
  13.000   1.3897   0.02464   0.00947  -0.0054   0.0051   1.0000  76.3533 160.0000
  14.000   1.4114   0.02998   0.01306   0.0033   0.0041   1.0000  76.8191 160.0000
  15.000   1.3831   0.04116   0.02147   0.0099   0.0037   1.0000  77.0509 160.0000
