  
       XFOIL         Version 6.99
  
 Calculated polar for: Bambino 6                                       
  
 1 1 Reynolds number fixed          Mach number fixed         
  
 xtrf =   1.000 (top)        1.000 (bottom)  
 Mach =   0.000     Re =     1.000 e 6     Ncrit =   9.000  9.000
  
   alpha    CL        CD       CDp       CM     Top_Xtr  Bot_Xtr  Top_Itr  Bot_Itr
  ------ -------- --------- --------- -------- -------- -------- -------- --------
  -6.000  -0.3470   0.01036   0.00161  -0.0627   0.9093   0.0401   8.4781  93.8590
  -5.000  -0.2334   0.00977   0.00120  -0.0627   0.8508   0.0474  12.4031  94.4843
  -4.000  -0.1534   0.00952   0.00083  -0.0551   0.7352   0.0523  20.0114  94.8978
  -3.000  -0.0777   0.00955   0.00064  -0.0470   0.6113   0.0626  28.1872  95.6909
  -2.000   0.0088   0.00944   0.00039  -0.0414   0.5258   0.0710  33.7601  96.3454
  -1.000   0.0596   0.01128   0.00064  -0.0290   0.0621   0.0780  65.3885  96.8937
   1.000   0.2380   0.01134   0.00079  -0.0196   0.0514   0.1494  66.3214 102.3424
   2.000   0.3195   0.01193   0.00104  -0.0135   0.0445   0.1651  67.0030 103.3973
   3.000   0.4126   0.01170   0.00092  -0.0104   0.0350   0.1978  68.5151 105.5365
   4.000   0.4058   0.01024   0.00070   0.0151   0.0165   0.8575  74.2158 148.6635
   5.000   0.4726   0.01093   0.00097   0.0241   0.0143   0.8815  74.8132 150.3930
