  
       XFOIL         Version 6.99
  
 Calculated polar for: BE50 (smoothed)                                 
  
 1 1 Reynolds number fixed          Mach number fixed         
  
 xtrf =   1.000 (top)        1.000 (bottom)  
 Mach =   0.000     Re =     1.000 e 6     Ncrit =   9.000  9.000
  
   alpha    CL        CD       CDp       CM     Top_Xtr  Bot_Xtr  Top_Itr  Bot_Itr
  ------ -------- --------- --------- -------- -------- -------- -------- --------
  -6.000  -0.1966   0.04386   0.04179  -0.0664   0.9835   0.0151   2.7276  88.9595
  -5.000  -0.0670   0.01049   0.00379  -0.1098   0.9783   0.0114   3.1459  88.1459
  -4.000   0.0485   0.00861   0.00215  -0.1100   0.9481   0.0148   5.3452  88.8968
  -3.000   0.1587   0.00717   0.00095  -0.1089   0.9087   0.0237   8.1546  90.2570
  -2.000   0.2701   0.00656   0.00041  -0.1081   0.8555   0.0479  11.9351  92.5973
  -1.000   0.3819   0.00620   0.00019  -0.1077   0.7835   0.1543  17.0361 100.2705
   0.000   0.4937   0.00581   0.00026  -0.1078   0.6945   0.4534  23.3220 121.0454
   1.000   0.5974   0.00514   0.00040  -0.1058   0.5941   1.0000  30.3861 160.0000
   2.000   0.7069   0.00602   0.00056  -0.1052   0.4677   1.0000  39.2833 160.0000
   3.000   0.8158   0.00695   0.00082  -0.1047   0.3662   1.0000  46.4261 160.0000
   4.000   0.9251   0.00771   0.00109  -0.1043   0.3099   1.0000  50.3957 160.0000
   5.000   1.0334   0.00850   0.00139  -0.1037   0.2634   1.0000  53.6904 160.0000
   7.000   1.2364   0.01165   0.00264  -0.1009   0.0866   1.0000  66.8897 160.0000
   8.000   1.3262   0.01469   0.00431  -0.0977   0.0141   1.0000  74.1108 160.0000
   9.000   1.4163   0.01721   0.00577  -0.0944   0.0095   1.0000  75.1215 160.0000
  10.000   1.4940   0.02060   0.00785  -0.0896   0.0066   1.0000  76.0254 160.0000
  11.000   1.5648   0.02384   0.00994  -0.0840   0.0054   1.0000  76.5052 160.0000
  12.000   1.6004   0.02843   0.01300  -0.0737   0.0046   1.0000  76.8237 160.0000
  13.000   1.5635   0.03942   0.02111  -0.0603   0.0042   1.0000  77.0113 160.0000
  14.000   1.5552   0.05142   0.03096  -0.0581   0.0040   1.0000  77.1040 160.0000
  15.000   1.5152   0.07125   0.04823  -0.0632   0.0038   1.0000  77.1814 160.0000
