  
       XFOIL         Version 6.99
  
 Calculated polar for: BOEING 106 AIRFOIL                              
  
 1 1 Reynolds number fixed          Mach number fixed         
  
 xtrf =   1.000 (top)        1.000 (bottom)  
 Mach =   0.000     Re =     0.500 e 6     Ncrit =   9.000  9.000
  
   alpha    CL        CD       CDp       CM     Top_Xtr  Bot_Xtr  Top_Itr  Bot_Itr
  ------ -------- --------- --------- -------- -------- -------- -------- --------
  -6.000  -0.2811   0.01443   0.00518  -0.0730   0.8679   0.0452  10.5760  98.9444
  -5.000  -0.1807   0.01216   0.00345  -0.0709   0.8386   0.0504  12.4150  99.5262
  -4.000  -0.0773   0.01081   0.00230  -0.0689   0.8090   0.0574  14.2582 100.2661
  -3.000   0.0273   0.00974   0.00156  -0.0672   0.7765   0.0930  16.2779 103.3091
  -2.000   0.1298   0.00867   0.00119  -0.0655   0.7393   0.2696  18.5817 114.4561
  -1.000   0.2208   0.00712   0.00109  -0.0614   0.7028   0.7036  20.8533 140.6698
   0.000   0.3265   0.00686   0.00132  -0.0586   0.6626   0.9228  23.3705 153.9045
   1.000   0.4694   0.00734   0.00149  -0.0646   0.6185   0.9746  26.1554 157.4429
   2.000   0.6438   0.00776   0.00154  -0.0783   0.5716   1.0000  29.1156 159.9982
   3.000   0.7388   0.00818   0.00152  -0.0755   0.5280   1.0000  31.8507 160.0000
   4.000   0.8310   0.00871   0.00160  -0.0719   0.4837   1.0000  34.6176 160.0000
   5.000   0.9208   0.00936   0.00173  -0.0679   0.4391   1.0000  37.4351 160.0000
   6.000   1.0070   0.01018   0.00191  -0.0633   0.3878   1.0000  40.7228 160.0000
   7.000   1.0937   0.01113   0.00218  -0.0590   0.3444   1.0000  43.5030 160.0000
   8.000   1.1774   0.01238   0.00257  -0.0545   0.2873   1.0000  47.1622 160.0000
   9.000   1.2336   0.01519   0.00366  -0.0464   0.1630   1.0000  55.7445 160.0000
  10.000   1.2864   0.01800   0.00503  -0.0384   0.1157   1.0000  59.0263 160.0000
  11.000   1.3394   0.02118   0.00667  -0.0321   0.0879   1.0000  61.1832 160.0000
  12.000   1.3869   0.02514   0.00892  -0.0268   0.0725   1.0000  62.5268 160.0000
  13.000   1.4262   0.03026   0.01204  -0.0224   0.0618   1.0000  63.5358 160.0000
  14.000   1.4574   0.03663   0.01611  -0.0192   0.0516   1.0000  64.6048 160.0000
  15.000   1.4772   0.04473   0.02144  -0.0172   0.0366   1.0000  66.5717 160.0000
