  
       XFOIL         Version 6.99
  
 Calculated polar for: BOEING 103 AIRFOIL                              
  
 1 1 Reynolds number fixed          Mach number fixed         
  
 xtrf =   1.000 (top)        1.000 (bottom)  
 Mach =   0.000     Re =     0.500 e 6     Ncrit =   9.000  9.000
  
   alpha    CL        CD       CDp       CM     Top_Xtr  Bot_Xtr  Top_Itr  Bot_Itr
  ------ -------- --------- --------- -------- -------- -------- -------- --------
  -6.000  -0.2058   0.01530   0.00605  -0.0915   0.9193   0.0386   7.6818  98.9729
  -5.000  -0.0994   0.01222   0.00372  -0.0904   0.8882   0.0413   9.6125  99.3348
  -4.000   0.0062   0.01080   0.00249  -0.0886   0.8542   0.0442  11.6873  99.7110
  -3.000   0.1128   0.00986   0.00165  -0.0869   0.8160   0.0499  14.0153 100.4067
  -2.000   0.2168   0.00895   0.00120  -0.0849   0.7690   0.1587  16.9098 108.5962
  -1.000   0.3160   0.00761   0.00103  -0.0827   0.7243   0.5271  19.6752 130.5636
   0.000   0.4108   0.00689   0.00118  -0.0781   0.6823   0.8475  22.2770 149.5301
   1.000   0.5581   0.00726   0.00140  -0.0844   0.6304   0.9881  25.4771 158.6557
   2.000   0.6872   0.00765   0.00136  -0.0884   0.5794   1.0000  28.5984 160.0000
   3.000   0.7736   0.00825   0.00132  -0.0832   0.5038   1.0000  33.2544 160.0000
   5.000   0.9431   0.01049   0.00185  -0.0730   0.3230   1.0000  44.5778 160.0000
   6.000   1.0341   0.01168   0.00226  -0.0695   0.2653   1.0000  48.1816 160.0000
   7.000   1.1164   0.01345   0.00289  -0.0650   0.1752   1.0000  54.1542 160.0000
   8.000   1.1902   0.01557   0.00386  -0.0592   0.1195   1.0000  58.0949 160.0000
   9.000   1.2626   0.01739   0.00473  -0.0534   0.1033   1.0000  59.3287 160.0000
  10.000   1.3303   0.01954   0.00580  -0.0476   0.0926   1.0000  60.1627 160.0000
  11.000   1.3903   0.02228   0.00720  -0.0418   0.0821   1.0000  60.9880 160.0000
  12.000   1.4531   0.02509   0.00858  -0.0374   0.0709   1.0000  61.9609 160.0000
  13.000   1.4998   0.02937   0.01075  -0.0327   0.0426   1.0000  65.4052 160.0000
  14.000   1.5149   0.03685   0.01547  -0.0275   0.0261   1.0000  68.0880 160.0000
  15.000   1.5051   0.04800   0.02332  -0.0242   0.0136   1.0000  72.0066 160.0000
