  
       XFOIL         Version 6.99
  
 Calculated polar for: RYAN BQM-34 FIREBEE WING AIRFOIL                
  
 1 1 Reynolds number fixed          Mach number fixed         
  
 xtrf =   1.000 (top)        1.000 (bottom)  
 Mach =   0.000     Re =     1.000 e 6     Ncrit =   9.000  9.000
  
   alpha    CL        CD       CDp       CM     Top_Xtr  Bot_Xtr  Top_Itr  Bot_Itr
  ------ -------- --------- --------- -------- -------- -------- -------- --------
  -6.000  -0.7059   0.00998   0.00215   0.0081   1.0000   0.0325   1.0000  93.3777
  -5.000  -0.5727   0.00882   0.00150   0.0029   0.9918   0.0596   2.0312  96.2941
  -4.000  -0.4385   0.00748   0.00095  -0.0026   0.9745   0.1531   3.4691 103.2517
  -3.000  -0.3122   0.00600   0.00049  -0.0063   0.9306   0.3550   6.4657 116.8283
  -2.000  -0.2104   0.00521   0.00029  -0.0039   0.8534   0.5406  11.4740 129.1168
  -1.000  -0.1063   0.00499   0.00025  -0.0017   0.7861   0.6474  15.8371 136.1393
   0.000  -0.0000   0.00496   0.00024   0.0000   0.7200   0.7200  20.1238 140.8762
   1.000   0.1063   0.00499   0.00025   0.0017   0.6474   0.7861  24.8598 145.1630
   2.000   0.2104   0.00521   0.00029   0.0039   0.5406   0.8534  31.8829 149.5260
   3.000   0.3122   0.00599   0.00049   0.0063   0.3550   0.9306  44.1716 154.5345
   4.000   0.4385   0.00748   0.00095   0.0026   0.1530   0.9745  57.7507 157.5310
   5.000   0.5727   0.00882   0.00150  -0.0029   0.0596   0.9918  64.7063 158.9695
   6.000   0.7059   0.00998   0.00215  -0.0081   0.0325   1.0000  67.6227 160.0000
   7.000   0.7903   0.01126   0.00296  -0.0029   0.0232   1.0000  69.1168 160.0000
   8.000   0.8769   0.01276   0.00395   0.0018   0.0179   1.0000  70.2330 160.0000
   9.000   0.9606   0.01473   0.00529   0.0065   0.0144   1.0000  71.1078 160.0000
  10.000   1.0436   0.01676   0.00674   0.0111   0.0125   1.0000  71.6756 160.0000
  11.000   1.1077   0.02051   0.00947   0.0177   0.0113   1.0000  72.0729 160.0000
  12.000   1.1660   0.02400   0.01216   0.0245   0.0105   1.0000  72.3444 160.0000
  13.000   1.1944   0.02779   0.01484   0.0344   0.0098   1.0000  72.6172 160.0000
  14.000   1.1988   0.03465   0.02000   0.0402   0.0093   1.0000  72.7821 160.0000
  15.000   1.1663   0.04969   0.03265   0.0357   0.0090   1.0000  72.8831 160.0000
