  
       XFOIL         Version 6.99
  
 Calculated polar for: BTE-FK                                          
  
 1 1 Reynolds number fixed          Mach number fixed         
  
 xtrf =   1.000 (top)        1.000 (bottom)  
 Mach =   0.000     Re =     1.000 e 6     Ncrit =   9.000  9.000
  
   alpha    CL        CD       CDp       CM     Top_Xtr  Bot_Xtr  Top_Itr  Bot_Itr
  ------ -------- --------- --------- -------- -------- -------- -------- --------
  -6.000  -0.4910   0.00931   0.00208  -0.0459   0.8665   0.1009   9.8714 108.0983
  -5.000  -0.3762   0.00869   0.00174  -0.0461   0.8388   0.1309  11.3729 110.5726
  -4.000  -0.2601   0.00821   0.00148  -0.0465   0.8150   0.1614  12.6582 112.7582
  -3.000  -0.1432   0.00786   0.00131  -0.0469   0.7930   0.1961  13.8452 115.0325
  -2.000  -0.0257   0.00759   0.00119  -0.0474   0.7664   0.2311  15.2829 117.1543
  -1.000   0.0919   0.00740   0.00108  -0.0478   0.7371   0.2618  16.8882 118.9004
   0.000   0.2099   0.00720   0.00096  -0.0484   0.7018   0.2948  18.8787 120.7104
   1.000   0.3270   0.00706   0.00085  -0.0488   0.6402   0.3592  22.4360 124.1646
   2.000   0.4397   0.00657   0.00092  -0.0491   0.5297   0.6960  28.7933 142.0832
   3.000   0.5500   0.00678   0.00115  -0.0480   0.3863   1.0002  37.0232 160.0000
   4.000   0.6611   0.00786   0.00148  -0.0478   0.2724   1.0002  43.6473 160.0000
   5.000   0.7725   0.00884   0.00185  -0.0477   0.2036   1.0002  47.8069 160.0000
   6.000   0.8827   0.00986   0.00228  -0.0474   0.1516   1.0002  51.2178 160.0000
   7.000   0.9907   0.01100   0.00281  -0.0467   0.1101   1.0002  54.3633 160.0000
   9.000   1.1989   0.01359   0.00416  -0.0444   0.0625   1.0002  59.2588 160.0000
  10.000   1.2961   0.01524   0.00505  -0.0424   0.0427   1.0002  62.3544 160.0000
  11.000   1.3826   0.01757   0.00639  -0.0389   0.0242   1.0002  66.5846 160.0000
  12.000   1.4589   0.02016   0.00793  -0.0340   0.0198   1.0002  67.9271 160.0000
  13.000   1.5151   0.02299   0.00963  -0.0263   0.0182   1.0002  68.4722 160.0000
  14.000   1.5489   0.02774   0.01267  -0.0186   0.0168   1.0002  68.9387 160.0000
  15.000   1.5760   0.03414   0.01705  -0.0137   0.0162   1.0002  69.1809 160.0000
