  
       XFOIL         Version 6.99
  
 Calculated polar for: LOCKHEED C-141 BL113.6 AIRFOIL                  
  
 1 1 Reynolds number fixed          Mach number fixed         
  
 xtrf =   1.000 (top)        1.000 (bottom)  
 Mach =   0.000     Re =     1.000 e 6     Ncrit =   9.000  9.000
  
   alpha    CL        CD       CDp       CM     Top_Xtr  Bot_Xtr  Top_Itr  Bot_Itr
  ------ -------- --------- --------- -------- -------- -------- -------- --------
  -6.000  -0.4341   0.00993   0.00244  -0.0555   0.9409   0.0586   5.9079 100.5343
  -5.000  -0.3321   0.00912   0.00203  -0.0539   0.9298   0.0843   6.6290 102.9785
  -4.000  -0.2292   0.00823   0.00165  -0.0525   0.9190   0.1504   7.3207 107.6386
  -3.000  -0.1299   0.00694   0.00124  -0.0506   0.9071   0.3390   8.0762 119.1459
  -2.000  -0.0343   0.00565   0.00100  -0.0475   0.8933   0.6037   8.9500 135.0524
  -1.000   0.0713   0.00525   0.00096  -0.0460   0.8782   0.7084   9.9036 141.3101
   0.000   0.1776   0.00498   0.00079  -0.0442   0.8496   0.7661  11.6744 144.7295
   1.000   0.2811   0.00478   0.00065  -0.0418   0.8028   0.8316  14.6057 148.6121
   2.000   0.3792   0.00504   0.00057  -0.0383   0.7054   0.8792  20.7436 151.4249
   3.000   0.4642   0.00608   0.00082  -0.0322   0.5330   0.9294  31.2325 154.4781
   4.000   0.5416   0.00828   0.00145  -0.0257   0.2420   0.9692  48.9525 157.1152
   5.000   0.6642   0.00988   0.00207  -0.0292   0.1155   0.9838  57.0904 158.2830
   6.000   0.7957   0.01119   0.00267  -0.0347   0.0665   0.9929  61.0858 159.1318
   7.000   0.9283   0.01244   0.00330  -0.0405   0.0460   0.9993  63.4734 159.9125
   8.000   0.9918   0.01351   0.00368  -0.0315   0.0365   1.0000  64.9092 160.0000
   9.000   1.0424   0.01466   0.00407  -0.0197   0.0305   1.0000  66.0186 160.0000
  10.000   1.1084   0.01615   0.00473  -0.0118   0.0257   1.0000  67.0508 160.0000
  11.000   1.1788   0.01805   0.00570  -0.0057   0.0222   1.0000  67.8920 160.0000
  12.000   1.2451   0.02034   0.00697   0.0003   0.0200   1.0000  68.5015 160.0000
  13.000   1.2955   0.02375   0.00895   0.0076   0.0181   1.0000  69.0417 160.0000
  14.000   1.3455   0.02730   0.01117   0.0138   0.0170   1.0000  69.3865 160.0000
  15.000   1.3817   0.03210   0.01428   0.0198   0.0160   1.0000  69.6995 160.0000
