  
       XFOIL         Version 6.99
  
 Calculated polar for: LOCKHEED C-141 BL426.57 AIRFOIL                 
  
 1 1 Reynolds number fixed          Mach number fixed         
  
 xtrf =   1.000 (top)        1.000 (bottom)  
 Mach =   0.000     Re =     0.500 e 6     Ncrit =   9.000  9.000
  
   alpha    CL        CD       CDp       CM     Top_Xtr  Bot_Xtr  Top_Itr  Bot_Itr
  ------ -------- --------- --------- -------- -------- -------- -------- --------
  -6.000  -0.4930   0.01428   0.00502  -0.0430   0.9695   0.0394   3.8845  96.0549
  -5.000  -0.3771   0.01267   0.00405  -0.0449   0.9592   0.0549   4.6123  97.7713
  -4.000  -0.2405   0.01124   0.00318  -0.0510   0.9542   0.0939   4.9616 100.9447
  -3.000  -0.1323   0.00950   0.00259  -0.0512   0.9409   0.2941   5.8579 114.0405
  -2.000  -0.0367   0.00749   0.00234  -0.0481   0.9260   0.7070   6.8655 140.3457
  -1.000   0.0712   0.00695   0.00225  -0.0462   0.9107   0.8304   7.9027 148.1267
   0.000   0.1787   0.00681   0.00232  -0.0438   0.8923   0.9121   9.1267 153.3490
   1.000   0.2933   0.00673   0.00214  -0.0424   0.8550   0.9561  11.5528 156.2089
   2.000   0.4351   0.00674   0.00189  -0.0482   0.8011   0.9736  15.1127 157.4534
   3.000   0.5739   0.00719   0.00165  -0.0539   0.6726   0.9892  23.5415 158.7511
   4.000   0.6811   0.00986   0.00203  -0.0549   0.2746   1.0000  49.3258 160.0000
   5.000   0.7471   0.01163   0.00252  -0.0469   0.1158   1.0000  59.9163 160.0000
   6.000   0.8170   0.01300   0.00307  -0.0391   0.0666   1.0000  63.6826 160.0000
   7.000   0.8881   0.01453   0.00382  -0.0315   0.0461   1.0000  65.6799 160.0000
   8.000   0.9593   0.01666   0.00497  -0.0244   0.0347   1.0000  67.1209 160.0000
   9.000   1.0306   0.01935   0.00655  -0.0179   0.0285   1.0000  68.0736 160.0000
  10.000   1.1010   0.02189   0.00819  -0.0117   0.0248   1.0000  68.7469 160.0000
  11.000   1.1621   0.02646   0.01133  -0.0049   0.0225   1.0000  69.2026 160.0000
  12.000   1.2134   0.03065   0.01443   0.0024   0.0205   1.0000  69.6484 160.0000
  13.000   1.2416   0.03740   0.01929   0.0104   0.0192   1.0000  69.9517 160.0000
  14.000   1.2212   0.04804   0.02828   0.0191   0.0186   1.0000  70.0962 160.0000
  15.000   1.1607   0.06511   0.04377   0.0198   0.0183   1.0000  70.1650 160.0000
