  
       XFOIL         Version 6.99
  
 Calculated polar for: LOCKHEED C-141 BL958.89 AIRFOIL                 
  
 1 1 Reynolds number fixed          Mach number fixed         
  
 xtrf =   1.000 (top)        1.000 (bottom)  
 Mach =   0.000     Re =     0.500 e 6     Ncrit =   9.000  9.000
  
   alpha    CL        CD       CDp       CM     Top_Xtr  Bot_Xtr  Top_Itr  Bot_Itr
  ------ -------- --------- --------- -------- -------- -------- -------- --------
  -6.000  -0.3869   0.02995   0.02208  -0.0657   0.9717   0.0385   3.8680 101.9046
  -5.000  -0.2832   0.01886   0.01006  -0.0664   0.9609   0.0389   4.6690 101.9963
  -4.000  -0.1444   0.01551   0.00718  -0.0727   0.9570   0.0431   4.9574 102.8366
  -3.000  -0.0205   0.01338   0.00538  -0.0751   0.9457   0.0482   5.7134 103.7858
  -2.000   0.1096   0.01161   0.00390  -0.0783   0.9330   0.0556   6.5259 104.9956
  -1.000   0.2283   0.01008   0.00278  -0.0787   0.9151   0.0688   7.6347 106.7603
   0.000   0.3385   0.00876   0.00179  -0.0770   0.8843   0.1198   9.5893 111.1030
   1.000   0.4370   0.00605   0.00143  -0.0723   0.8242   0.9692  13.3203 157.0114
   2.000   0.5898   0.00662   0.00121  -0.0802   0.6922   1.0000  20.8330 160.0000
   3.000   0.6472   0.00899   0.00148  -0.0692   0.3374   1.0000  40.7610 160.0000
   4.000   0.7308   0.01042   0.00192  -0.0636   0.2164   1.0000  47.5200 160.0000
   5.000   0.8228   0.01165   0.00232  -0.0597   0.1381   1.0000  52.4117 160.0000
   6.000   0.9138   0.01316   0.00301  -0.0558   0.0987   1.0000  55.6240 160.0000
   7.000   1.0031   0.01480   0.00390  -0.0517   0.0842   1.0000  57.0080 160.0000
   8.000   1.0935   0.01627   0.00473  -0.0481   0.0737   1.0000  58.1433 160.0000
   9.000   1.1822   0.01767   0.00547  -0.0443   0.0624   1.0000  59.5408 160.0000
  10.000   1.2663   0.01905   0.00594  -0.0399   0.0472   1.0000  61.8873 160.0000
  11.000   1.3378   0.02132   0.00703  -0.0338   0.0341   1.0000  64.6139 160.0000
  12.000   1.3902   0.02485   0.00915  -0.0256   0.0284   1.0000  66.0666 160.0000
  13.000   1.4311   0.02916   0.01193  -0.0172   0.0254   1.0000  66.8939 160.0000
  14.000   1.4579   0.03486   0.01590  -0.0091   0.0236   1.0000  67.4322 160.0000
  15.000   1.4698   0.04249   0.02141  -0.0028   0.0223   1.0000  67.8219 160.0000
