  
       XFOIL         Version 6.99
  
 Calculated polar for: LOCKHEED C-141 BL761.11 AIRFOIL                 
  
 1 1 Reynolds number fixed          Mach number fixed         
  
 xtrf =   1.000 (top)        1.000 (bottom)  
 Mach =   0.000     Re =     1.000 e 6     Ncrit =   9.000  9.000
  
   alpha    CL        CD       CDp       CM     Top_Xtr  Bot_Xtr  Top_Itr  Bot_Itr
  ------ -------- --------- --------- -------- -------- -------- -------- --------
  -6.000  -0.3791   0.01068   0.00337  -0.0676   0.9648   0.0330   4.3276  98.1487
  -5.000  -0.2636   0.00953   0.00256  -0.0685   0.9562   0.0391   4.9522  99.2736
  -4.000  -0.1567   0.00867   0.00199  -0.0672   0.9429   0.0496   5.8640 100.8890
  -3.000  -0.0484   0.00795   0.00154  -0.0662   0.9279   0.0690   6.8534 103.1060
  -2.000   0.0617   0.00733   0.00117  -0.0655   0.9108   0.1000   7.9678 105.6034
  -1.000   0.1641   0.00590   0.00073  -0.0637   0.8813   0.3927   9.8781 123.0904
   0.000   0.2616   0.00464   0.00056  -0.0603   0.8340   0.7754  12.8681 145.4661
   1.000   0.3598   0.00457   0.00068  -0.0560   0.7698   0.9300  16.8041 154.5385
   2.000   0.4672   0.00528   0.00084  -0.0541   0.6562   0.9798  23.7564 157.9074
   3.000   0.5895   0.00775   0.00140  -0.0577   0.2809   0.9932  46.4959 159.1489
   4.000   0.7173   0.00917   0.00184  -0.0623   0.1322   1.0000  55.8324 160.0000
   5.000   0.7951   0.01014   0.00217  -0.0556   0.0803   1.0000  59.8100 160.0000
   6.000   0.8784   0.01103   0.00250  -0.0499   0.0553   1.0000  62.3196 160.0000
   7.000   0.9645   0.01229   0.00307  -0.0450   0.0363   1.0000  65.1131 160.0000
   8.000   1.0538   0.01369   0.00385  -0.0410   0.0307   1.0000  66.1771 160.0000
   9.000   1.1384   0.01550   0.00491  -0.0365   0.0270   1.0000  66.9655 160.0000
  10.000   1.2215   0.01721   0.00597  -0.0320   0.0249   1.0000  67.4847 160.0000
  11.000   1.2826   0.02000   0.00766  -0.0241   0.0227   1.0000  68.0155 160.0000
  12.000   1.3485   0.02236   0.00920  -0.0177   0.0214   1.0000  68.3582 160.0000
  13.000   1.4043   0.02536   0.01107  -0.0109   0.0200   1.0000  68.7487 160.0000
  14.000   1.4329   0.03065   0.01463  -0.0023   0.0189   1.0000  69.0626 160.0000
  15.000   1.4629   0.03614   0.01857   0.0039   0.0181   1.0000  69.3000 160.0000
