  
       XFOIL         Version 6.99
  
 Calculated polar for: LOCKHEED C-141 BL958.89 AIRFOIL                 
  
 1 1 Reynolds number fixed          Mach number fixed         
  
 xtrf =   1.000 (top)        1.000 (bottom)  
 Mach =   0.000     Re =     1.000 e 6     Ncrit =   9.000  9.000
  
   alpha    CL        CD       CDp       CM     Top_Xtr  Bot_Xtr  Top_Itr  Bot_Itr
  ------ -------- --------- --------- -------- -------- -------- -------- --------
  -6.000  -0.3146   0.01295   0.00571  -0.0826   0.9667   0.0302   4.2504  99.9405
  -5.000  -0.1987   0.01123   0.00438  -0.0836   0.9591   0.0327   4.8047 100.5675
  -4.000  -0.0906   0.00996   0.00333  -0.0824   0.9480   0.0358   5.5619 101.3104
  -3.000   0.0174   0.00887   0.00242  -0.0809   0.9329   0.0399   6.5363 102.2093
  -2.000   0.1259   0.00794   0.00168  -0.0794   0.9143   0.0456   7.6851 103.3152
  -1.000   0.2351   0.00722   0.00106  -0.0780   0.8815   0.0549   9.7727 104.8799
   0.000   0.3432   0.00688   0.00061  -0.0763   0.8102   0.0902  14.1216 108.9164
   1.000   0.4356   0.00509   0.00055  -0.0725   0.7157   0.8018  19.5020 147.6624
   2.000   0.5247   0.00649   0.00095  -0.0667   0.4344   0.9832  35.3341 158.1619
   3.000   0.6544   0.00825   0.00147  -0.0715   0.2157   1.0000  47.5556 160.0000
   4.000   0.7451   0.00895   0.00165  -0.0670   0.1659   1.0000  50.5204 160.0000
   5.000   0.8359   0.01017   0.00207  -0.0628   0.0926   1.0000  56.1913 160.0000
   6.000   0.9335   0.01116   0.00256  -0.0599   0.0778   1.0000  57.6957 160.0000
   7.000   1.0317   0.01214   0.00306  -0.0574   0.0690   1.0000  58.6961 160.0000
   8.000   1.1285   0.01317   0.00355  -0.0548   0.0610   1.0000  59.7309 160.0000
   9.000   1.2239   0.01420   0.00397  -0.0520   0.0510   1.0000  61.2290 160.0000
  10.000   1.3114   0.01573   0.00461  -0.0481   0.0316   1.0000  65.2260 160.0000
  11.000   1.3855   0.01785   0.00579  -0.0420   0.0238   1.0000  67.3695 160.0000
  12.000   1.4521   0.02025   0.00718  -0.0351   0.0204   1.0000  68.4332 160.0000
  13.000   1.5071   0.02334   0.00903  -0.0273   0.0184   1.0000  69.1092 160.0000
  14.000   1.5568   0.02674   0.01112  -0.0198   0.0171   1.0000  69.5850 160.0000
  15.000   1.5765   0.03255   0.01494  -0.0109   0.0159   1.0000  70.0011 160.0000
