  
       XFOIL         Version 6.99
  
 Calculated polar for: LOCKHEED C-141 BL426.57 AIRFOIL                 
  
 1 1 Reynolds number fixed          Mach number fixed         
  
 xtrf =   1.000 (top)        1.000 (bottom)  
 Mach =   0.000     Re =     1.000 e 6     Ncrit =   9.000  9.000
  
   alpha    CL        CD       CDp       CM     Top_Xtr  Bot_Xtr  Top_Itr  Bot_Itr
  ------ -------- --------- --------- -------- -------- -------- -------- --------
  -6.000  -0.4331   0.01007   0.00262  -0.0548   0.9559   0.0345   4.8460  95.3688
  -5.000  -0.3290   0.00920   0.00208  -0.0534   0.9430   0.0467   5.7174  96.9292
  -4.000  -0.2242   0.00831   0.00159  -0.0522   0.9293   0.0765   6.6397  99.6268
  -3.000  -0.1190   0.00739   0.00120  -0.0511   0.9145   0.1674   7.6423 105.9057
  -2.000  -0.0215   0.00567   0.00080  -0.0489   0.8976   0.5093   8.7801 127.7491
  -1.000   0.0812   0.00487   0.00073  -0.0469   0.8787   0.7317  10.0115 141.9139
   0.000   0.1874   0.00456   0.00067  -0.0452   0.8501   0.8240  11.8759 147.7238
   1.000   0.2897   0.00449   0.00068  -0.0421   0.7953   0.9150  15.4978 153.5332
   2.000   0.3917   0.00489   0.00071  -0.0393   0.7143   0.9534  20.8247 156.0218
   3.000   0.4979   0.00607   0.00096  -0.0381   0.5300   0.9781  32.7837 157.7955
   4.000   0.6159   0.00855   0.00164  -0.0414   0.1911   0.9893  54.8023 158.7544
   5.000   0.7452   0.00995   0.00216  -0.0466   0.0832   0.9967  62.3221 159.5857
   6.000   0.8496   0.01103   0.00262  -0.0461   0.0489   1.0000  65.3753 160.0000
   7.000   0.9223   0.01210   0.00309  -0.0386   0.0343   1.0000  67.1755 160.0000
   8.000   0.9980   0.01333   0.00368  -0.0319   0.0260   1.0000  68.5271 160.0000
   9.000   1.0781   0.01491   0.00454  -0.0265   0.0211   1.0000  69.5195 160.0000
  10.000   1.1537   0.01709   0.00583  -0.0208   0.0183   1.0000  70.1586 160.0000
  11.000   1.2240   0.01916   0.00707  -0.0145   0.0165   1.0000  70.6401 160.0000
  12.000   1.2735   0.02281   0.00939  -0.0060   0.0150   1.0000  71.0440 160.0000
  13.000   1.3251   0.02627   0.01175   0.0010   0.0142   1.0000  71.3083 160.0000
  14.000   1.3621   0.03092   0.01500   0.0080   0.0133   1.0000  71.5790 160.0000
  15.000   1.3824   0.03733   0.01959   0.0140   0.0125   1.0000  71.8291 160.0000
