  
       XFOIL         Version 6.99
  
 Calculated polar for: LOCKHEED C-5A BL576 AIRFOIL                     
  
 1 1 Reynolds number fixed          Mach number fixed         
  
 xtrf =   1.000 (top)        1.000 (bottom)  
 Mach =   0.000     Re =     1.000 e 6     Ncrit =   9.000  9.000
  
   alpha    CL        CD       CDp       CM     Top_Xtr  Bot_Xtr  Top_Itr  Bot_Itr
  ------ -------- --------- --------- -------- -------- -------- -------- --------
  -6.000  -0.3994   0.01090   0.00336  -0.0697   0.9605   0.0227   4.8237  93.4625
  -5.000  -0.2939   0.00993   0.00273  -0.0689   0.9509   0.0302   5.5087  94.7809
  -4.000  -0.1833   0.00903   0.00211  -0.0690   0.9429   0.0411   6.0604  96.2362
  -3.000  -0.0797   0.00784   0.00161  -0.0677   0.9316   0.1467   6.8160 104.5868
  -2.000   0.0198   0.00611   0.00116  -0.0660   0.9181   0.4631   7.7215 124.8337
  -1.000   0.1232   0.00505   0.00097  -0.0642   0.9021   0.7164   8.8201 140.8662
   0.000   0.2324   0.00471   0.00067  -0.0630   0.8674   0.7747  11.1969 144.5067
   1.000   0.3405   0.00463   0.00055  -0.0617   0.8189   0.8275  14.3863 147.7977
   2.000   0.4313   0.00525   0.00053  -0.0565   0.6555   0.8888  25.0840 151.6263
   3.000   0.5072   0.00701   0.00097  -0.0490   0.3672   0.9551  43.5387 155.8472
   4.000   0.6158   0.00908   0.00160  -0.0496   0.1164   0.9884  60.1054 158.6237
   5.000   0.7543   0.01031   0.00212  -0.0565   0.0587   0.9997  64.6512 159.9637
   6.000   0.8319   0.01122   0.00250  -0.0499   0.0476   1.0000  65.7678 160.0000
   7.000   0.9194   0.01228   0.00307  -0.0454   0.0429   1.0000  66.2814 160.0000
   8.000   1.0047   0.01394   0.00398  -0.0409   0.0366   1.0000  67.0130 160.0000
   9.000   1.0998   0.01478   0.00433  -0.0384   0.0314   1.0000  67.7555 160.0000
  10.000   1.1859   0.01604   0.00484  -0.0344   0.0257   1.0000  68.7151 160.0000
  11.000   1.2644   0.01769   0.00563  -0.0293   0.0215   1.0000  69.5892 160.0000
  12.000   1.3348   0.01987   0.00681  -0.0234   0.0185   1.0000  70.2796 160.0000
  13.000   1.3970   0.02254   0.00831  -0.0169   0.0157   1.0000  71.0322 160.0000
  14.000   1.4562   0.02534   0.00997  -0.0108   0.0135   1.0000  71.7223 160.0000
  15.000   1.4999   0.02935   0.01247  -0.0039   0.0110   1.0000  72.5640 160.0000
