  
       XFOIL         Version 6.99
  
 Calculated polar for: LOCKHEED C-5A BL758.6 AIRFOIL                   
  
 1 1 Reynolds number fixed          Mach number fixed         
  
 xtrf =   1.000 (top)        1.000 (bottom)  
 Mach =   0.000     Re =     1.000 e 6     Ncrit =   9.000  9.000
  
   alpha    CL        CD       CDp       CM     Top_Xtr  Bot_Xtr  Top_Itr  Bot_Itr
  ------ -------- --------- --------- -------- -------- -------- -------- --------
  -6.000  -0.4116   0.01076   0.00314  -0.0658   0.9647   0.0178   4.5743  92.6260
  -5.000  -0.2976   0.00959   0.00242  -0.0667   0.9560   0.0288   5.2377  94.9407
  -4.000  -0.1861   0.00868   0.00184  -0.0669   0.9454   0.0430   6.0021  96.9027
  -3.000  -0.0804   0.00764   0.00137  -0.0659   0.9316   0.1249   6.9367 103.6020
  -1.000   0.1247   0.00496   0.00079  -0.0629   0.8952   0.6892   9.3616 139.3029
   0.000   0.2326   0.00469   0.00061  -0.0614   0.8533   0.7721  12.1279 144.4291
   1.000   0.3382   0.00476   0.00048  -0.0594   0.7769   0.8217  17.0845 147.4788
   2.000   0.4334   0.00542   0.00055  -0.0555   0.6303   0.8734  26.4913 150.6686
   3.000   0.5150   0.00710   0.00095  -0.0493   0.3452   0.9274  44.6226 154.0331
   4.000   0.6107   0.00884   0.00152  -0.0466   0.1291   0.9805  58.7619 157.8532
   5.000   0.7437   0.01022   0.00211  -0.0522   0.0559   0.9989  64.5001 159.8534
   6.000   0.8320   0.01116   0.00258  -0.0478   0.0487   1.0000  65.2437 160.0000
   7.000   0.9215   0.01254   0.00336  -0.0439   0.0425   1.0000  65.9231 160.0000
   8.000   1.0158   0.01368   0.00404  -0.0411   0.0386   1.0000  66.4123 160.0000
   9.000   1.1031   0.01533   0.00496  -0.0373   0.0336   1.0000  67.0679 160.0000
  10.000   1.1969   0.01625   0.00529  -0.0347   0.0288   1.0000  67.8395 160.0000
  11.000   1.2793   0.01760   0.00579  -0.0303   0.0229   1.0000  68.9838 160.0000
  12.000   1.3535   0.01948   0.00671  -0.0248   0.0178   1.0000  70.2275 160.0000
  13.000   1.4130   0.02234   0.00837  -0.0178   0.0144   1.0000  71.1967 160.0000
  14.000   1.4581   0.02619   0.01077  -0.0100   0.0122   1.0000  71.9353 160.0000
  15.000   1.4930   0.03094   0.01394  -0.0026   0.0112   1.0000  72.3310 160.0000
