  
       XFOIL         Version 6.99
  
 Calculated polar for: CAL1215j                                        
  
 1 1 Reynolds number fixed          Mach number fixed         
  
 xtrf =   1.000 (top)        1.000 (bottom)  
 Mach =   0.000     Re =     0.500 e 6     Ncrit =   9.000  9.000
  
   alpha    CL        CD       CDp       CM     Top_Xtr  Bot_Xtr  Top_Itr  Bot_Itr
  ------ -------- --------- --------- -------- -------- -------- -------- --------
  -6.000  -0.3707   0.01138   0.00244  -0.0643   0.9426   0.0516   5.7302  95.3634
  -5.000  -0.2669   0.01023   0.00192  -0.0625   0.9177   0.0994   7.4201  99.1553
  -4.000  -0.1663   0.00915   0.00148  -0.0600   0.8901   0.1853   9.2823 105.1662
  -3.000  -0.0652   0.00820   0.00115  -0.0576   0.8587   0.3096  11.3978 113.5310
  -2.000   0.0366   0.00743   0.00095  -0.0552   0.8246   0.4609  13.7015 123.5598
  -1.000   0.1362   0.00677   0.00085  -0.0521   0.7850   0.6375  16.3798 135.1877
   0.000   0.2339   0.00622   0.00085  -0.0481   0.7413   0.8393  19.3328 148.4685
   1.000   0.3991   0.00647   0.00088  -0.0586   0.6872   0.9613  22.9884 156.5923
   2.000   0.5574   0.00698   0.00081  -0.0685   0.6187   0.9952  27.6130 159.4063
   3.000   0.6635   0.00744   0.00081  -0.0678   0.5425   1.0000  32.7620 160.0000
   4.000   0.7502   0.00812   0.00097  -0.0629   0.4680   1.0000  37.7891 160.0000
   5.000   0.8358   0.00905   0.00123  -0.0578   0.3893   1.0000  43.1148 160.0000
   6.000   0.9202   0.01013   0.00157  -0.0527   0.3154   1.0000  48.1365 160.0000
   7.000   1.0010   0.01145   0.00201  -0.0471   0.2424   1.0000  53.1586 160.0000
   8.000   1.0757   0.01307   0.00256  -0.0408   0.1683   1.0000  58.3768 160.0000
   9.000   1.1424   0.01501   0.00327  -0.0334   0.1074   1.0000  62.8697 160.0000
  10.000   1.1932   0.01722   0.00406  -0.0235   0.0622   1.0000  66.5470 160.0000
  11.000   1.2323   0.02033   0.00535  -0.0134   0.0258   1.0000  70.5177 160.0000
  12.000   1.2543   0.02518   0.00782  -0.0034   0.0114   1.0000  73.5066 160.0000
  13.000   1.2674   0.03167   0.01191   0.0038   0.0094   1.0000  74.1463 160.0000
  14.000   1.2730   0.04025   0.01807   0.0075   0.0084   1.0000  74.5423 160.0000
  15.000   1.2584   0.05286   0.02801   0.0073   0.0079   1.0000  74.7405 160.0000
