  
       XFOIL         Version 6.99
  
 Calculated polar for: CAL2263m                                        
  
 1 1 Reynolds number fixed          Mach number fixed         
  
 xtrf =   1.000 (top)        1.000 (bottom)  
 Mach =   0.000     Re =     0.500 e 6     Ncrit =   9.000  9.000
  
   alpha    CL        CD       CDp       CM     Top_Xtr  Bot_Xtr  Top_Itr  Bot_Itr
  ------ -------- --------- --------- -------- -------- -------- -------- --------
  -6.000  -0.2073   0.01583   0.00599  -0.0978   0.9289   0.0178   6.8371  92.8067
  -5.000  -0.1099   0.01240   0.00335  -0.0946   0.9064   0.0195   8.3493  93.2184
  -4.000  -0.0068   0.01055   0.00204  -0.0925   0.8819   0.0268   9.9810  94.6833
  -3.000   0.0933   0.00902   0.00126  -0.0898   0.8517   0.1244  11.9835 103.3498
  -2.000   0.1913   0.00783   0.00101  -0.0871   0.8178   0.3689  14.2236 119.1146
  -1.000   0.2810   0.00663   0.00091  -0.0823   0.7797   0.7107  16.7434 140.6055
   0.000   0.4298   0.00648   0.00101  -0.0888   0.7393   0.9574  19.4090 156.2674
   1.000   0.5957   0.00693   0.00090  -0.1001   0.6904   0.9934  22.6245 159.1623
   2.000   0.7090   0.00722   0.00085  -0.1009   0.6370   1.0000  26.1315 160.0000
   3.000   0.7913   0.00768   0.00092  -0.0950   0.5806   1.0000  29.8276 160.0000
   4.000   0.8731   0.00831   0.00104  -0.0889   0.5214   1.0000  33.7107 160.0000
   5.000   0.9528   0.00911   0.00121  -0.0826   0.4601   1.0000  37.7383 160.0000
   6.000   1.0260   0.01016   0.00140  -0.0751   0.3845   1.0000  42.7303 160.0000
   7.000   1.0961   0.01137   0.00166  -0.0673   0.3170   1.0000  47.2209 160.0000
   8.000   1.1572   0.01275   0.00193  -0.0581   0.2553   1.0000  51.3741 160.0000
   9.000   1.2147   0.01450   0.00237  -0.0490   0.1941   1.0000  55.5907 160.0000
  10.000   1.2633   0.01702   0.00325  -0.0397   0.1254   1.0000  60.5642 160.0000
  11.000   1.3019   0.02041   0.00479  -0.0302   0.0772   1.0000  64.4000 160.0000
  12.000   1.3350   0.02455   0.00702  -0.0217   0.0588   1.0000  66.0429 160.0000
  13.000   1.3639   0.02962   0.01003  -0.0148   0.0486   1.0000  67.0752 160.0000
  14.000   1.3831   0.03623   0.01431  -0.0095   0.0400   1.0000  68.0447 160.0000
  15.000   1.3957   0.04449   0.02002  -0.0064   0.0326   1.0000  69.0085 160.0000
