  
       XFOIL         Version 6.99
  
 Calculated polar for: CAP 21   (TraCFoil)                             
  
 1 1 Reynolds number fixed          Mach number fixed         
  
 xtrf =   1.000 (top)        1.000 (bottom)  
 Mach =   0.000     Re =     0.500 e 6     Ncrit =   9.000  9.000
  
   alpha    CL        CD       CDp       CM     Top_Xtr  Bot_Xtr  Top_Itr  Bot_Itr
  ------ -------- --------- --------- -------- -------- -------- -------- --------
  -6.000  -0.5746   0.01506   0.00578  -0.0252   0.8355   0.1702   9.9954  79.9104
  -5.000  -0.4758   0.01699   0.00563  -0.0213   0.2909   0.1727  51.9381  79.9794
  -4.000  -0.3680   0.01425   0.00356  -0.0200   0.2813   0.1836  52.1225  80.2247
  -3.000  -0.2546   0.01381   0.00325  -0.0187   0.2707   0.1947  52.3096  80.4714
  -2.000  -0.1407   0.01365   0.00301  -0.0175   0.2547   0.2036  52.5908  80.6692
  -1.000  -0.0287   0.01434   0.00334  -0.0160   0.2310   0.2108  53.0085  80.8283
   0.000   0.0858   0.01416   0.00319  -0.0148   0.2289   0.2146  53.0546  80.9125
   1.000   0.2002   0.01414   0.00320  -0.0136   0.2251   0.2172  53.1354  80.9697
   2.000   0.3136   0.01386   0.00309  -0.0123   0.2186   0.2267  53.2735  81.1446
   3.000   0.4272   0.01364   0.00299  -0.0110   0.2089   0.2538  53.4795  81.6279
   4.000   0.5404   0.01387   0.00312  -0.0097   0.1975   0.2683  53.7218  81.8854
   5.000   0.6485   0.01579   0.00464  -0.0082   0.1835   0.3064  54.0224  82.7300
   6.000   0.7583   0.01397   0.00478  -0.0058   0.1802   0.9909  54.1113 159.4444
   7.000   0.8736   0.01414   0.00475  -0.0051   0.1725   0.9995  54.3181 160.0000
   8.000   0.9810   0.01438   0.00458  -0.0028   0.1619   0.9995  54.6015 160.0000
   9.000   1.0826   0.01600   0.00556  -0.0004   0.1460   0.9995  55.0296 160.0000
  10.000   1.1906   0.01635   0.00559   0.0013   0.1393   0.9995  55.2489 160.0000
  11.000   1.2930   0.01736   0.00595   0.0034   0.1270   0.9995  55.6470 160.0000
  12.000   1.3835   0.01990   0.00776   0.0064   0.1152   0.9995  56.0341 160.0000
  13.000   1.4775   0.02145   0.00875   0.0090   0.1104   0.9995  56.2228 160.0000
  14.000   1.5589   0.02367   0.01001   0.0125   0.1025   0.9995  56.5306 160.0000
  15.000   1.5888   0.02897   0.01354   0.0198   0.0919   0.9995  56.9458 160.0000
