  
       XFOIL         Version 6.99
  
 Calculated polar for: CAST 10-2/DOA 2 AIRFOIL                         
  
 1 1 Reynolds number fixed          Mach number fixed         
  
 xtrf =   1.000 (top)        1.000 (bottom)  
 Mach =   0.000     Re =     1.000 e 6     Ncrit =   9.000  9.000
  
   alpha    CL        CD       CDp       CM     Top_Xtr  Bot_Xtr  Top_Itr  Bot_Itr
  ------ -------- --------- --------- -------- -------- -------- -------- --------
  -6.000  -0.3727   0.01701   0.00838  -0.0639   0.9133   0.0150   7.8231  91.0685
  -5.000  -0.2688   0.01291   0.00516  -0.0633   0.9046   0.0159   8.3928  91.2886
  -4.000  -0.1629   0.01098   0.00352  -0.0629   0.8961   0.0181   8.9474  91.8436
  -3.000  -0.0554   0.00929   0.00234  -0.0632   0.8875   0.0207   9.5127  92.4035
  -2.000   0.0575   0.00845   0.00172  -0.0642   0.8797   0.0263  10.0261  93.4412
  -1.000   0.1638   0.00572   0.00108  -0.0649   0.8629   0.6473  11.1495 135.9924
   0.000   0.2778   0.00557   0.00093  -0.0653   0.8367   0.6938  12.9057 138.9693
   1.000   0.3930   0.00549   0.00084  -0.0663   0.8109   0.7141  14.6369 140.2617
   2.000   0.5060   0.00554   0.00068  -0.0668   0.7532   0.7290  18.5428 141.2142
   3.000   0.5901   0.00772   0.00107  -0.0619   0.3962   0.7465  42.1237 142.3266
   4.000   0.6868   0.00914   0.00150  -0.0600   0.2265   0.7668  53.1666 143.6283
   5.000   0.7882   0.01013   0.00187  -0.0589   0.1526   0.7906  58.1475 145.1659
   6.000   0.8885   0.01104   0.00225  -0.0576   0.1058   0.8223  61.4745 147.2234
   7.000   0.9790   0.01255   0.00292  -0.0546   0.0379   0.8741  67.6585 150.5781
   8.000   1.0624   0.01409   0.00380  -0.0497   0.0224   1.0000  70.0251 160.0000
   9.000   1.1513   0.01603   0.00487  -0.0468   0.0185   1.0000  70.8323 160.0000
  10.000   1.2276   0.01835   0.00620  -0.0417   0.0164   1.0000  71.3324 160.0000
  11.000   1.2936   0.02103   0.00777  -0.0353   0.0147   1.0000  71.7589 160.0000
  12.000   1.3377   0.02529   0.01044  -0.0267   0.0135   1.0000  72.1036 160.0000
  13.000   1.3825   0.02946   0.01323  -0.0195   0.0126   1.0000  72.3806 160.0000
  14.000   1.4118   0.03497   0.01709  -0.0122   0.0118   1.0000  72.6306 160.0000
  15.000   1.4220   0.04261   0.02270  -0.0060   0.0110   1.0000  72.8575 160.0000
