  
       XFOIL         Version 6.99
  
 Calculated polar for: CAST 10-2/DOA 2 AIRFOIL                         
  
 1 1 Reynolds number fixed          Mach number fixed         
  
 xtrf =   1.000 (top)        1.000 (bottom)  
 Mach =   0.000     Re =     0.500 e 6     Ncrit =   9.000  9.000
  
   alpha    CL        CD       CDp       CM     Top_Xtr  Bot_Xtr  Top_Itr  Bot_Itr
  ------ -------- --------- --------- -------- -------- -------- -------- --------
  -4.000  -0.1426   0.01442   0.00571  -0.0702   0.9307   0.0261   6.6782  93.4118
  -3.000  -0.0395   0.01264   0.00426  -0.0693   0.9218   0.0296   7.2698  93.9694
  -2.000   0.0671   0.01116   0.00333  -0.0691   0.9129   0.0384   7.8502  95.0720
  -1.000   0.1660   0.00881   0.00339  -0.0683   0.9017   0.7025   8.5807 139.5269
   0.000   0.2774   0.00834   0.00293  -0.0670   0.8812   0.7424   9.9265 142.0677
   1.000   0.3885   0.00777   0.00229  -0.0662   0.8528   0.7581  11.8275 143.0695
   2.000   0.5006   0.00749   0.00197  -0.0662   0.8249   0.7752  13.6938 144.1687
   3.000   0.6084   0.00727   0.00148  -0.0649   0.7502   0.7947  18.7452 145.4327
   4.000   0.6762   0.00991   0.00179  -0.0566   0.3543   0.8198  44.8307 147.0621
   5.000   0.7649   0.01148   0.00233  -0.0532   0.2073   0.8522  54.4411 149.1612
   6.000   0.8535   0.01256   0.00279  -0.0493   0.1452   0.9061  58.6659 152.6672
   7.000   0.9480   0.01366   0.00312  -0.0470   0.0998   1.0000  61.9281 160.0000
   8.000   1.0337   0.01613   0.00407  -0.0438   0.0340   1.0000  68.1689 160.0000
   9.000   1.1105   0.01884   0.00554  -0.0388   0.0267   1.0000  69.2795 160.0000
  10.000   1.1670   0.02289   0.00788  -0.0310   0.0226   1.0000  69.9992 160.0000
  11.000   1.2280   0.02667   0.01036  -0.0245   0.0208   1.0000  70.3666 160.0000
  12.000   1.2761   0.03158   0.01367  -0.0175   0.0189   1.0000  70.7474 160.0000
  13.000   1.3001   0.04011   0.01965  -0.0093   0.0176   1.0000  71.0429 160.0000
  14.000   1.2959   0.04907   0.02708  -0.0012   0.0170   1.0000  71.1952 160.0000
  15.000   1.2549   0.06354   0.03984   0.0025   0.0165   1.0000  71.3014 160.0000
