  
       XFOIL         Version 6.99
  
 Calculated polar for: CH10 (smoothed)                                 
  
 1 1 Reynolds number fixed          Mach number fixed         
  
 xtrf =   1.000 (top)        1.000 (bottom)  
 Mach =   0.000     Re =     1.000 e 6     Ncrit =   9.000  9.000
  
   alpha    CL        CD       CDp       CM     Top_Xtr  Bot_Xtr  Top_Itr  Bot_Itr
  ------ -------- --------- --------- -------- -------- -------- -------- --------
  -6.000   0.4483   0.05559   0.04795  -0.1885   0.7164   0.0187  21.1742  93.9825
  -5.000   0.6667   0.01231   0.00497  -0.2724   0.7034   0.0199  22.0272  94.2807
  -4.000   0.7846   0.01065   0.00301  -0.2753   0.6912   0.0224  22.8236  94.9120
  -3.000   0.9008   0.00955   0.00189  -0.2774   0.6791   0.0264  23.6149  95.7718
  -2.000   1.0149   0.00905   0.00132  -0.2788   0.6670   0.0351  24.3998  97.3220
  -1.000   1.1264   0.00894   0.00110  -0.2797   0.6549   0.0525  25.1970  99.4566
   0.000   1.2361   0.00899   0.00097  -0.2803   0.6420   0.0821  26.0340 101.8228
   1.000   1.3456   0.00886   0.00101  -0.2811   0.6295   0.2870  26.8563 114.0990
   2.000   1.4522   0.00895   0.00120  -0.2814   0.6166   0.5271  27.6991 128.5694
   3.000   1.5527   0.00885   0.00142  -0.2804   0.6030   1.0000  28.5878 160.0000
   4.000   1.6483   0.00943   0.00141  -0.2784   0.5883   1.0000  29.5537 160.0000
   5.000   1.7374   0.01015   0.00141  -0.2752   0.5723   1.0000  30.6027 160.0000
   6.000   1.8198   0.01109   0.00145  -0.2710   0.5550   1.0000  31.7423 160.0000
   7.000   1.8944   0.01239   0.00158  -0.2656   0.5362   1.0000  32.9766 160.0000
   8.000   1.9671   0.01391   0.00181  -0.2604   0.5167   1.0000  34.2509 160.0000
   9.000   2.0228   0.01640   0.00235  -0.2528   0.4884   1.0000  36.1144 160.0000
  10.000   2.0530   0.02067   0.00369  -0.2420   0.4408   1.0000  39.2405 160.0000
  11.000   2.0544   0.02757   0.00654  -0.2286   0.3787   1.0000  43.3325 160.0000
  12.000   2.0236   0.03810   0.01192  -0.2134   0.3014   1.0000  48.4692 160.0000
  13.000   1.9803   0.05109   0.01953  -0.1996   0.2239   1.0000  53.7511 160.0000
  14.000   1.9183   0.06726   0.03029  -0.1869   0.1375   1.0000  60.0464 160.0000
  15.000   1.8463   0.08608   0.04453  -0.1766   0.0534   1.0000  67.2929 160.0000
