  
       XFOIL         Version 6.99
  
 Calculated polar for: CLARK YM-15 AIRFOIL                             
  
 1 1 Reynolds number fixed          Mach number fixed         
  
 xtrf =   1.000 (top)        1.000 (bottom)  
 Mach =   0.000     Re =     1.000 e 6     Ncrit =   9.000  9.000
  
   alpha    CL        CD       CDp       CM     Top_Xtr  Bot_Xtr  Top_Itr  Bot_Itr
  ------ -------- --------- --------- -------- -------- -------- -------- --------
  -6.000  -0.2481   0.01001   0.00221  -0.0849   0.8078   0.0409  13.6846 101.1284
  -5.000  -0.1399   0.00920   0.00160  -0.0839   0.7767   0.0507  15.4764 102.7318
  -4.000  -0.0307   0.00860   0.00126  -0.0832   0.7460   0.0871  17.2503 106.8820
  -3.000   0.0791   0.00817   0.00097  -0.0825   0.7115   0.1193  19.2435 109.3496
  -1.000   0.2963   0.00734   0.00069  -0.0810   0.6385   0.3160  23.4987 121.0293
   0.000   0.4015   0.00688   0.00064  -0.0797   0.5969   0.5085  25.9428 131.5968
   1.000   0.4999   0.00633   0.00076  -0.0767   0.5491   0.8051  28.7410 147.8078
   2.000   0.5999   0.00663   0.00102  -0.0734   0.4939   0.9484  31.9637 155.8773
   3.000   0.7238   0.00760   0.00132  -0.0762   0.3980   0.9847  37.6909 158.4973
   4.000   0.8718   0.00862   0.00174  -0.0847   0.3390   0.9987  41.1950 159.8579
   5.000   0.9600   0.00930   0.00190  -0.0804   0.3106   1.0000  42.8394 160.0000
   6.000   1.0443   0.00987   0.00201  -0.0751   0.2946   1.0000  43.7773 160.0000
   7.000   1.1363   0.01051   0.00215  -0.0716   0.2797   1.0000  44.6584 160.0000
   8.000   1.2286   0.01125   0.00231  -0.0684   0.2626   1.0000  45.7009 160.0000
   9.000   1.3141   0.01217   0.00249  -0.0642   0.2395   1.0000  47.1665 160.0000
  10.000   1.3845   0.01397   0.00300  -0.0582   0.1828   1.0000  51.0428 160.0000
  11.000   1.4377   0.01689   0.00422  -0.0506   0.1279   1.0000  55.0211 160.0000
  12.000   1.4930   0.01996   0.00562  -0.0445   0.1001   1.0000  57.2370 160.0000
  13.000   1.5461   0.02347   0.00731  -0.0394   0.0858   1.0000  58.5214 160.0000
  14.000   1.5924   0.02779   0.00951  -0.0347   0.0751   1.0000  59.5693 160.0000
  15.000   1.6282   0.03332   0.01251  -0.0305   0.0646   1.0000  60.7215 160.0000
