  
       XFOIL         Version 6.99
  
 Calculated polar for: CLARK YM-15 AIRFOIL                             
  
 1 1 Reynolds number fixed          Mach number fixed         
  
 xtrf =   1.000 (top)        1.000 (bottom)  
 Mach =   0.000     Re =     0.500 e 6     Ncrit =   9.000  9.000
  
   alpha    CL        CD       CDp       CM     Top_Xtr  Bot_Xtr  Top_Itr  Bot_Itr
  ------ -------- --------- --------- -------- -------- -------- -------- --------
  -6.000  -0.2358   0.01232   0.00338  -0.0882   0.8595   0.0535  10.6691 103.1545
  -5.000  -0.1312   0.01116   0.00257  -0.0865   0.8279   0.0718  12.5204 105.3947
  -4.000  -0.0242   0.01036   0.00204  -0.0852   0.7963   0.1103  14.3463 108.7102
  -3.000   0.0823   0.00957   0.00161  -0.0840   0.7643   0.1835  16.1939 113.5376
  -2.000   0.1890   0.00901   0.00142  -0.0828   0.7288   0.2985  18.2409 120.0712
  -1.000   0.2939   0.00837   0.00126  -0.0813   0.6948   0.4566  20.2129 128.7587
   0.000   0.3896   0.00750   0.00131  -0.0775   0.6572   0.7686  22.4039 145.8141
   1.000   0.4967   0.00764   0.00159  -0.0748   0.6159   0.9456  24.8249 155.7062
   2.000   0.6440   0.00824   0.00173  -0.0820   0.5617   0.9834  28.0046 158.3827
   3.000   0.7920   0.00894   0.00184  -0.0903   0.4859   1.0000  32.4329 160.0000
   4.000   0.8621   0.00992   0.00194  -0.0824   0.4026   1.0000  37.4181 160.0000
   6.000   1.0171   0.01190   0.00248  -0.0696   0.3299   1.0000  41.7212 160.0000
   7.000   1.1043   0.01289   0.00281  -0.0655   0.3111   1.0000  42.8123 160.0000
   8.000   1.1877   0.01393   0.00312  -0.0609   0.2932   1.0000  43.8591 160.0000
   9.000   1.2691   0.01513   0.00347  -0.0563   0.2735   1.0000  45.0281 160.0000
  10.000   1.3498   0.01641   0.00383  -0.0523   0.2478   1.0000  46.6290 160.0000
  11.000   1.4125   0.01880   0.00460  -0.0465   0.1943   1.0000  50.2315 160.0000
  12.000   1.4486   0.02326   0.00677  -0.0390   0.1396   1.0000  54.1533 160.0000
  13.000   1.4834   0.02840   0.00960  -0.0330   0.1127   1.0000  56.2014 160.0000
  14.000   1.5147   0.03435   0.01311  -0.0284   0.0989   1.0000  57.3446 160.0000
  15.000   1.5368   0.04178   0.01777  -0.0251   0.0883   1.0000  58.2824 160.0000
