  
       XFOIL         Version 6.99
  
 Calculated polar for: CLARK-Y 11.7% smoothed                          
  
 1 1 Reynolds number fixed          Mach number fixed         
  
 xtrf =   1.000 (top)        1.000 (bottom)  
 Mach =   0.000     Re =     0.500 e 6     Ncrit =   9.000  9.000
  
   alpha    CL        CD       CDp       CM     Top_Xtr  Bot_Xtr  Top_Itr  Bot_Itr
  ------ -------- --------- --------- -------- -------- -------- -------- --------
  -6.000  -0.2202   0.01268   0.00381  -0.0946   0.9252   0.0385   6.9243  97.7471
  -5.000  -0.1136   0.01114   0.00273  -0.0933   0.8976   0.0516   8.7087  99.4223
  -4.000  -0.0081   0.01011   0.00199  -0.0916   0.8673   0.0722  10.6445 101.3989
  -3.000   0.0957   0.00932   0.00140  -0.0894   0.8344   0.1051  12.7429 103.8805
  -2.000   0.1944   0.00842   0.00098  -0.0863   0.7936   0.2318  15.3438 112.0390
  -1.000   0.2887   0.00749   0.00083  -0.0826   0.7550   0.4894  17.8002 127.7538
   0.000   0.4271   0.00654   0.00098  -0.0873   0.7153   0.9428  20.3284 155.3992
   2.000   0.7162   0.00740   0.00086  -0.1010   0.6121   1.0000  26.9152 160.0000
   3.000   0.7963   0.00790   0.00094  -0.0943   0.5487   1.0000  30.9621 160.0000
   4.000   0.8738   0.00865   0.00111  -0.0873   0.4740   1.0000  35.7447 160.0000
   5.000   0.9459   0.00975   0.00138  -0.0793   0.3889   1.0000  41.2135 160.0000
   6.000   1.0211   0.01083   0.00169  -0.0722   0.3323   1.0000  44.8689 160.0000
   7.000   1.0979   0.01185   0.00198  -0.0656   0.2931   1.0000  47.4111 160.0000
   8.000   1.1670   0.01294   0.00221  -0.0576   0.2565   1.0000  49.8115 160.0000
   9.000   1.2263   0.01447   0.00248  -0.0484   0.1912   1.0000  54.2668 160.0000
  10.000   1.2560   0.01800   0.00395  -0.0362   0.0948   1.0000  61.4677 160.0000
  11.000   1.2969   0.02138   0.00569  -0.0272   0.0758   1.0000  63.0215 160.0000
  12.000   1.3369   0.02531   0.00789  -0.0199   0.0646   1.0000  64.0266 160.0000
  13.000   1.3740   0.03000   0.01069  -0.0143   0.0555   1.0000  64.9265 160.0000
  14.000   1.4078   0.03556   0.01422  -0.0102   0.0481   1.0000  65.7530 160.0000
  15.000   1.4275   0.04313   0.01937  -0.0073   0.0412   1.0000  66.6138 160.0000
