  
       XFOIL         Version 6.99
  
 Calculated polar for: CLARK YM-18 AIRFOIL                             
  
 1 1 Reynolds number fixed          Mach number fixed         
  
 xtrf =   1.000 (top)        1.000 (bottom)  
 Mach =   0.000     Re =     1.000 e 6     Ncrit =   9.000  9.000
  
   alpha    CL        CD       CDp       CM     Top_Xtr  Bot_Xtr  Top_Itr  Bot_Itr
  ------ -------- --------- --------- -------- -------- -------- -------- --------
  -6.000  -0.2441   0.00998   0.00207  -0.0842   0.7621   0.0854  15.2026 109.8633
  -5.000  -0.1366   0.00943   0.00167  -0.0831   0.7320   0.1002  16.7879 111.3865
  -4.000  -0.0296   0.00885   0.00131  -0.0819   0.7026   0.1347  18.3364 114.2990
  -3.000   0.0750   0.00826   0.00107  -0.0803   0.6689   0.2240  20.1258 120.0241
  -2.000   0.1835   0.00805   0.00096  -0.0794   0.6367   0.2764  21.8409 122.8037
  -1.000   0.2913   0.00796   0.00087  -0.0783   0.5998   0.3230  23.8252 125.1365
   0.000   0.3954   0.00776   0.00081  -0.0766   0.5606   0.4244  25.9311 130.1506
   1.000   0.4919   0.00727   0.00085  -0.0735   0.5168   0.6760  28.2830 142.4871
   2.000   0.5869   0.00749   0.00103  -0.0698   0.4505   0.8257  31.8917 149.8117
   3.000   0.6767   0.00832   0.00138  -0.0652   0.3671   0.9164  36.5429 154.3907
   4.000   0.7801   0.00914   0.00174  -0.0634   0.3339   0.9708  38.3575 157.6340
   5.000   0.9215   0.01006   0.00219  -0.0703   0.3134   0.9919  39.4660 159.2309
   6.000   1.0473   0.01085   0.00248  -0.0744   0.2976   1.0000  40.3325 160.0000
   7.000   1.0880   0.01148   0.00231  -0.0607   0.2850   1.0000  41.0317 160.0000
   8.000   1.1738   0.01224   0.00239  -0.0566   0.2744   1.0000  41.6378 160.0000
   9.000   1.2594   0.01330   0.00260  -0.0531   0.2627   1.0000  42.3227 160.0000
  10.000   1.3422   0.01462   0.00290  -0.0496   0.2484   1.0000  43.1814 160.0000
  11.000   1.4213   0.01625   0.00329  -0.0462   0.2297   1.0000  44.3707 160.0000
  12.000   1.4865   0.01879   0.00409  -0.0416   0.1975   1.0000  46.5488 160.0000
  13.000   1.5257   0.02316   0.00594  -0.0352   0.1544   1.0000  49.7041 160.0000
  14.000   1.5536   0.02881   0.00871  -0.0293   0.1200   1.0000  52.4987 160.0000
  15.000   1.5791   0.03535   0.01219  -0.0249   0.1007   1.0000  54.2792 160.0000
