  
       XFOIL         Version 6.99
  
 Calculated polar for: CLARK Y AIRFOIL                                 
  
 1 1 Reynolds number fixed          Mach number fixed         
  
 xtrf =   1.000 (top)        1.000 (bottom)  
 Mach =   0.000     Re =     1.000 e 6     Ncrit =   9.000  9.000
  
   alpha    CL        CD       CDp       CM     Top_Xtr  Bot_Xtr  Top_Itr  Bot_Itr
  ------ -------- --------- --------- -------- -------- -------- -------- --------
  -6.000  -0.2586   0.01131   0.00401  -0.0874   0.8792   0.0318   9.8142  96.4229
  -5.000  -0.1519   0.01002   0.00276  -0.0862   0.8451   0.0341  12.0101  96.7891
  -4.000  -0.0441   0.00899   0.00177  -0.0852   0.8068   0.0358  14.4809  97.0599
  -3.000   0.0647   0.00818   0.00106  -0.0843   0.7689   0.0407  16.9215  97.7205
  -2.000   0.1748   0.00767   0.00067  -0.0837   0.7297   0.0658  19.4418 100.3551
  -1.000   0.2833   0.00700   0.00049  -0.0831   0.6925   0.2227  21.8337 110.9493
   0.000   0.3916   0.00646   0.00045  -0.0826   0.6536   0.4315  24.3314 123.8970
   1.000   0.4863   0.00538   0.00063  -0.0786   0.6079   0.9213  27.2838 154.1191
   2.000   0.6464   0.00585   0.00078  -0.0889   0.5458   1.0000  31.2985 160.0000
   3.000   0.7423   0.00647   0.00086  -0.0857   0.4719   1.0000  36.0727 160.0000
   4.000   0.8326   0.00757   0.00112  -0.0816   0.3603   1.0000  43.3442 160.0000
   5.000   0.9313   0.00837   0.00140  -0.0792   0.3172   1.0000  46.1320 160.0000
   6.000   1.0331   0.00908   0.00166  -0.0775   0.2896   1.0000  47.9183 160.0000
   7.000   1.1340   0.00987   0.00190  -0.0759   0.2501   1.0000  50.5350 160.0000
   8.000   1.2217   0.01161   0.00253  -0.0724   0.1588   1.0000  56.9598 160.0000
   9.000   1.3009   0.01381   0.00354  -0.0676   0.0880   1.0000  62.3143 160.0000
  10.000   1.3625   0.01663   0.00484  -0.0603   0.0259   1.0000  69.3695 160.0000
  11.000   1.4140   0.01975   0.00653  -0.0519   0.0131   1.0000  72.6667 160.0000
  12.000   1.4621   0.02335   0.00856  -0.0448   0.0109   1.0000  73.4338 160.0000
  13.000   1.4887   0.02905   0.01214  -0.0375   0.0094   1.0000  74.0329 160.0000
  14.000   1.5172   0.03546   0.01643  -0.0329   0.0085   1.0000  74.4285 160.0000
  15.000   1.5232   0.04499   0.02330  -0.0299   0.0078   1.0000  74.7414 160.0000
