  
       XFOIL         Version 6.99
  
 Calculated polar for: CLARK Z AIRFOIL                                 
  
 1 1 Reynolds number fixed          Mach number fixed         
  
 xtrf =   1.000 (top)        1.000 (bottom)  
 Mach =   0.000     Re =     1.000 e 6     Ncrit =   9.000  9.000
  
   alpha    CL        CD       CDp       CM     Top_Xtr  Bot_Xtr  Top_Itr  Bot_Itr
  ------ -------- --------- --------- -------- -------- -------- -------- --------
  -5.000  -0.0950   0.01159   0.00437  -0.0935   0.8229   0.0310  13.2550  98.7009
  -4.000   0.0133   0.01033   0.00296  -0.0924   0.7847   0.0323  15.5772  98.9699
  -3.000   0.1199   0.00892   0.00177  -0.0911   0.7461   0.0341  17.9092  99.3051
  -2.000   0.2298   0.00834   0.00116  -0.0902   0.7087   0.0369  20.1684  99.8110
  -1.000   0.3401   0.00793   0.00075  -0.0895   0.6701   0.0428  22.5057 100.7777
   0.000   0.4489   0.00749   0.00056  -0.0886   0.6290   0.1472  25.0026 109.4477
   1.000   0.5491   0.00608   0.00063  -0.0868   0.5840   0.7332  27.7390 143.1436
   2.000   0.6939   0.00608   0.00087  -0.0933   0.5272   1.0000  31.2080 160.0000
   3.000   0.7900   0.00671   0.00096  -0.0901   0.4585   1.0000  35.4236 160.0000
   4.000   0.8872   0.00745   0.00114  -0.0871   0.3989   1.0000  39.0885 160.0000
   5.000   0.9874   0.00821   0.00137  -0.0849   0.3484   1.0000  42.2039 160.0000
   6.000   1.0879   0.00904   0.00165  -0.0830   0.3047   1.0000  44.9324 160.0000
   7.000   1.1859   0.01006   0.00201  -0.0809   0.2531   1.0000  48.2330 160.0000
   8.000   1.2718   0.01188   0.00273  -0.0770   0.1655   1.0000  54.1389 160.0000
   9.000   1.3481   0.01414   0.00378  -0.0718   0.0973   1.0000  59.1860 160.0000
  10.000   1.4247   0.01578   0.00455  -0.0666   0.0827   1.0000  60.4255 160.0000
  11.000   1.4953   0.01764   0.00541  -0.0610   0.0731   1.0000  61.3025 160.0000
  12.000   1.5597   0.01996   0.00650  -0.0554   0.0644   1.0000  62.1579 160.0000
  13.000   1.6177   0.02289   0.00789  -0.0501   0.0529   1.0000  63.4759 160.0000
  15.000   1.6384   0.03799   0.01738  -0.0371   0.0151   1.0000  71.1827 160.0000
