  
       XFOIL         Version 6.99
  
 Calculated polar for: CLARK Z AIRFOIL                                 
  
 1 1 Reynolds number fixed          Mach number fixed         
  
 xtrf =   1.000 (top)        1.000 (bottom)  
 Mach =   0.000     Re =     0.500 e 6     Ncrit =   9.000  9.000
  
   alpha    CL        CD       CDp       CM     Top_Xtr  Bot_Xtr  Top_Itr  Bot_Itr
  ------ -------- --------- --------- -------- -------- -------- -------- --------
  -6.000  -0.1602   0.03180   0.02521  -0.1007   0.9115   0.0533   7.8221 102.2191
  -5.000  -0.0839   0.01621   0.00817  -0.0970   0.8761   0.0402  10.0006 100.3682
  -4.000   0.0206   0.01326   0.00502  -0.0950   0.8400   0.0416  12.2129 100.5775
  -3.000   0.1274   0.01144   0.00314  -0.0933   0.8024   0.0434  14.5057 100.8761
  -2.000   0.2338   0.01014   0.00201  -0.0917   0.7643   0.0480  16.8060 101.5154
  -1.000   0.3420   0.00945   0.00133  -0.0904   0.7262   0.0589  19.1103 102.8830
   0.000   0.4465   0.00826   0.00109  -0.0891   0.6858   0.3587  21.5548 121.6530
   1.000   0.5906   0.00699   0.00129  -0.0952   0.6412   1.0000  24.2594 160.0000
   2.000   0.6888   0.00740   0.00124  -0.0921   0.5919   1.0000  27.2563 160.0000
   3.000   0.7853   0.00797   0.00128  -0.0888   0.5343   1.0000  30.7741 160.0000
   4.000   0.8809   0.00878   0.00142  -0.0855   0.4671   1.0000  34.9005 160.0000
   5.000   0.9777   0.00969   0.00168  -0.0827   0.4064   1.0000  38.6297 160.0000
   6.000   1.0751   0.01066   0.00201  -0.0802   0.3583   1.0000  41.5892 160.0000
   7.000   1.1705   0.01174   0.00239  -0.0776   0.3122   1.0000  44.4592 160.0000
   8.000   1.2597   0.01314   0.00288  -0.0742   0.2536   1.0000  48.2020 160.0000
   9.000   1.3265   0.01576   0.00395  -0.0676   0.1517   1.0000  55.1114 160.0000
  10.000   1.3820   0.01861   0.00538  -0.0596   0.1062   1.0000  58.4764 160.0000
  11.000   1.4378   0.02159   0.00700  -0.0528   0.0919   1.0000  59.6382 160.0000
  12.000   1.4884   0.02518   0.00908  -0.0468   0.0824   1.0000  60.4459 160.0000
  13.000   1.5313   0.02978   0.01182  -0.0416   0.0737   1.0000  61.2401 160.0000
  14.000   1.5716   0.03512   0.01504  -0.0378   0.0643   1.0000  62.1658 160.0000
  15.000   1.6052   0.04158   0.01887  -0.0350   0.0449   1.0000  64.5560 160.0000
