  
       XFOIL         Version 6.99
  
 Calculated polar for: WACO COOTIE AIRFOIL                             
  
 1 1 Reynolds number fixed          Mach number fixed         
  
 xtrf =   1.000 (top)        1.000 (bottom)  
 Mach =   0.000     Re =     1.000 e 6     Ncrit =   9.000  9.000
  
   alpha    CL        CD       CDp       CM     Top_Xtr  Bot_Xtr  Top_Itr  Bot_Itr
  ------ -------- --------- --------- -------- -------- -------- -------- --------
  -5.000   0.0553   0.03201   0.02725  -0.1048   0.8174   0.0272  14.7832  92.6247
  -4.000   0.1728   0.01799   0.01244  -0.1108   0.7866   0.0336  16.8459  93.3814
  -3.000   0.2876   0.01024   0.00367  -0.1119   0.7394   0.0329  20.0158  93.3062
  -2.000   0.4002   0.00871   0.00178  -0.1119   0.6726   0.0324  24.5636  93.2600
  -1.000   0.5131   0.00810   0.00101  -0.1122   0.6282   0.0351  27.5433  93.5391
   0.000   0.6266   0.00793   0.00072  -0.1127   0.5971   0.0366  29.5982  93.7020
   1.000   0.7400   0.00795   0.00061  -0.1133   0.5687   0.0436  31.4653  94.4011
   2.000   0.8519   0.00810   0.00073  -0.1138   0.5297   0.1101  34.0557  99.6753
   3.000   0.9562   0.00693   0.00100  -0.1134   0.4710   1.0000  38.0073 160.0000
   4.000   1.0617   0.00795   0.00125  -0.1131   0.3829   1.0000  43.9685 160.0000
   6.000   1.2513   0.01180   0.00273  -0.1096   0.1314   1.0000  61.4445 160.0000
   7.000   1.3268   0.01520   0.00437  -0.1046   0.0129   1.0000  72.8379 160.0000
   8.000   1.4085   0.01737   0.00548  -0.1006   0.0095   1.0000  73.6420 160.0000
   9.000   1.4597   0.02074   0.00727  -0.0917   0.0077   1.0000  74.1888 160.0000
  10.000   1.4995   0.02460   0.00959  -0.0827   0.0065   1.0000  74.6352 160.0000
  11.000   1.5097   0.03178   0.01433  -0.0736   0.0058   1.0000  74.9217 160.0000
  12.000   1.5049   0.04173   0.02139  -0.0666   0.0054   1.0000  75.0981 160.0000
  13.000   1.5098   0.05195   0.02904  -0.0629   0.0050   1.0000  75.3254 160.0000
  14.000   1.5094   0.06396   0.03849  -0.0616   0.0045   1.0000  75.5781 160.0000
  15.000   1.4987   0.07828   0.05029  -0.0622   0.0043   1.0000  75.7226 160.0000
