  
       XFOIL         Version 6.99
  
 Calculated polar for: DAE-21 AIRFOIL                                  
  
 1 1 Reynolds number fixed          Mach number fixed         
  
 xtrf =   1.000 (top)        1.000 (bottom)  
 Mach =   0.000     Re =     1.000 e 6     Ncrit =   9.000  9.000
  
   alpha    CL        CD       CDp       CM     Top_Xtr  Bot_Xtr  Top_Itr  Bot_Itr
  ------ -------- --------- --------- -------- -------- -------- -------- --------
  -6.000   0.0365   0.05793   0.05183  -0.0959   0.7000   0.0157  20.6515  95.3435
  -5.000   0.1002   0.02667   0.02785  -0.1112   0.6853   0.0180  21.5521  96.1056
  -4.000   0.2159   0.01421   0.00710  -0.1310   0.6806   0.0166  21.8455  95.6544
  -3.000   0.3299   0.01053   0.00313  -0.1316   0.6704   0.0182  22.4781  96.1625
  -2.000   0.4448   0.00931   0.00193  -0.1321   0.6594   0.0207  23.1666  96.9054
  -1.000   0.5602   0.00840   0.00115  -0.1326   0.6472   0.0253  23.9373  98.1289
   0.000   0.6759   0.00785   0.00075  -0.1332   0.6343   0.0417  24.7617 101.3596
   1.000   0.7899   0.00694   0.00077  -0.1342   0.6197   0.4097  25.6996 124.5886
   2.000   0.9021   0.00596   0.00090  -0.1345   0.6028   1.0000  26.7856 160.0000
   3.000   1.0154   0.00627   0.00093  -0.1349   0.5827   1.0000  28.0766 160.0000
   4.000   1.1275   0.00662   0.00101  -0.1352   0.5583   1.0000  29.6437 160.0000
   5.000   1.2369   0.00713   0.00114  -0.1353   0.5285   1.0000  31.5677 160.0000
   6.000   1.3419   0.00787   0.00135  -0.1347   0.4890   1.0000  34.1076 160.0000
   7.000   1.4404   0.00891   0.00168  -0.1333   0.4370   1.0000  37.4299 160.0000
   8.000   1.5265   0.01042   0.00218  -0.1300   0.3744   1.0000  41.4332 160.0000
   9.000   1.5816   0.01260   0.00283  -0.1217   0.3054   1.0000  45.8771 160.0000
  10.000   1.6013   0.01620   0.00411  -0.1097   0.2455   1.0000  49.8183 160.0000
  11.000   1.6243   0.02109   0.00638  -0.1009   0.1887   1.0000  53.6863 160.0000
  12.000   1.6433   0.02698   0.00947  -0.0934   0.1390   1.0000  57.2858 160.0000
  13.000   1.6602   0.03372   0.01332  -0.0871   0.0995   1.0000  60.4471 160.0000
  14.000   1.6769   0.04140   0.01806  -0.0824   0.0717   1.0000  63.0345 160.0000
  15.000   1.6939   0.04989   0.02355  -0.0791   0.0526   1.0000  65.2103 160.0000
