  
       XFOIL         Version 6.99
  
 Calculated polar for: DAE 41                                          
  
 1 1 Reynolds number fixed          Mach number fixed         
  
 xtrf =   1.000 (top)        1.000 (bottom)  
 Mach =   0.000     Re =     0.500 e 6     Ncrit =   9.000  9.000
  
   alpha    CL        CD       CDp       CM     Top_Xtr  Bot_Xtr  Top_Itr  Bot_Itr
  ------ -------- --------- --------- -------- -------- -------- -------- --------
  -6.000  -0.3239   0.01524   0.00571  -0.0679   0.8407   0.0273  12.3275  95.8308
  -5.000  -0.2216   0.01268   0.00369  -0.0661   0.8177   0.0313  13.7427  96.5775
  -4.000  -0.1156   0.01110   0.00243  -0.0647   0.7954   0.0394  15.1166  97.8623
  -3.000  -0.0076   0.00967   0.00153  -0.0638   0.7716   0.0828  16.5855 102.1945
  -1.000   0.2049   0.00710   0.00111  -0.0618   0.7206   0.6459  19.7513 137.1271
   0.000   0.3073   0.00659   0.00117  -0.0587   0.6912   0.8566  21.5978 149.8529
   1.000   0.4346   0.00656   0.00106  -0.0605   0.6571   0.9760  23.7579 157.5849
   2.000   0.5732   0.00676   0.00094  -0.0663   0.6150   1.0000  26.4318 160.0000
   3.000   0.6719   0.00716   0.00098  -0.0636   0.5677   1.0000  29.4450 160.0000
   4.000   0.7740   0.00774   0.00109  -0.0616   0.5141   1.0000  32.8617 160.0000
   5.000   0.8761   0.00851   0.00130  -0.0599   0.4507   1.0000  36.9036 160.0000
   6.000   0.9741   0.00962   0.00164  -0.0578   0.3671   1.0000  42.2747 160.0000
   7.000   1.0660   0.01118   0.00221  -0.0550   0.2735   1.0000  48.3702 160.0000
   8.000   1.1498   0.01317   0.00304  -0.0512   0.1855   1.0000  54.2641 160.0000
   9.000   1.2236   0.01546   0.00405  -0.0461   0.1175   1.0000  59.1250 160.0000
  10.000   1.2743   0.01813   0.00524  -0.0375   0.0725   1.0000  62.8152 160.0000
  11.000   1.3126   0.02161   0.00705  -0.0289   0.0519   1.0000  64.8976 160.0000
  12.000   1.3469   0.02612   0.00974  -0.0222   0.0412   1.0000  66.2307 160.0000
  13.000   1.3690   0.03236   0.01384  -0.0168   0.0348   1.0000  67.1615 160.0000
  14.000   1.3848   0.04014   0.01932  -0.0135   0.0305   1.0000  67.8663 160.0000
  15.000   1.3921   0.04991   0.02669  -0.0123   0.0276   1.0000  68.3956 160.0000
