  
       XFOIL         Version 6.99
  
 Calculated polar for: DAI 1238                                        
  
 1 1 Reynolds number fixed          Mach number fixed         
  
 xtrf =   1.000 (top)        1.000 (bottom)  
 Mach =   0.000     Re =     0.500 e 6     Ncrit =   9.000  9.000
  
   alpha    CL        CD       CDp       CM     Top_Xtr  Bot_Xtr  Top_Itr  Bot_Itr
  ------ -------- --------- --------- -------- -------- -------- -------- --------
  -6.000  -0.0553   0.01958   0.01091  -0.1300   0.8023   0.0228  14.5492  96.3054
  -5.000   0.0524   0.01544   0.00646  -0.1301   0.7912   0.0251  15.2204  96.8965
  -4.000   0.1634   0.01280   0.00420  -0.1301   0.7795   0.0290  15.9353  97.7634
  -3.000   0.2763   0.01119   0.00303  -0.1304   0.7663   0.0391  16.7442  99.5967
  -2.000   0.3907   0.01005   0.00224  -0.1308   0.7519   0.0740  17.6395 103.5939
  -1.000   0.5043   0.00878   0.00189  -0.1316   0.7362   0.3380  18.6329 119.7660
   0.000   0.6159   0.00792   0.00185  -0.1315   0.7180   0.6457  19.7852 137.4060
   2.000   0.8391   0.00734   0.00150  -0.1302   0.6683   1.0000  22.9581 160.0000
   3.000   0.9500   0.00766   0.00144  -0.1300   0.6322   1.0000  25.2709 160.0000
   4.000   1.0569   0.00820   0.00145  -0.1291   0.5870   1.0000  28.1416 160.0000
   5.000   1.1588   0.00901   0.00161  -0.1276   0.5335   1.0000  31.5192 160.0000
   6.000   1.2534   0.01012   0.00192  -0.1250   0.4770   1.0000  35.0534 160.0000
   7.000   1.3373   0.01154   0.00233  -0.1207   0.4135   1.0000  39.0245 160.0000
   8.000   1.4021   0.01328   0.00282  -0.1133   0.3520   1.0000  42.8978 160.0000
   9.000   1.4470   0.01570   0.00360  -0.1035   0.2930   1.0000  46.6611 160.0000
  10.000   1.4903   0.01897   0.00496  -0.0953   0.2388   1.0000  50.1935 160.0000
  11.000   1.5319   0.02288   0.00682  -0.0882   0.1894   1.0000  53.5198 160.0000
  12.000   1.5676   0.02765   0.00935  -0.0816   0.1468   1.0000  56.5381 160.0000
  13.000   1.5954   0.03355   0.01276  -0.0756   0.1091   1.0000  59.4248 160.0000
  14.000   1.6129   0.04117   0.01762  -0.0707   0.0792   1.0000  62.0104 160.0000
  15.000   1.6256   0.05029   0.02387  -0.0673   0.0578   1.0000  64.2126 160.0000
