  
       XFOIL         Version 6.99
  
 Calculated polar for: DAVIS BASIC B-24 WING AIRFOIL                   
  
 1 1 Reynolds number fixed          Mach number fixed         
  
 xtrf =   1.000 (top)        1.000 (bottom)  
 Mach =   0.000     Re =     1.000 e 6     Ncrit =   9.000  9.000
  
   alpha    CL        CD       CDp       CM     Top_Xtr  Bot_Xtr  Top_Itr  Bot_Itr
  ------ -------- --------- --------- -------- -------- -------- -------- --------
  -6.000  -0.4698   0.01034   0.00161  -0.0256   0.6093   0.0795  23.9129 105.3976
  -5.000  -0.3672   0.00962   0.00123  -0.0235   0.5767   0.1148  25.7109 108.4358
  -4.000  -0.2637   0.00895   0.00093  -0.0216   0.5483   0.1744  27.2886 112.4544
  -3.000  -0.1598   0.00831   0.00072  -0.0198   0.5228   0.2662  28.7197 117.8799
  -2.000  -0.0561   0.00772   0.00058  -0.0180   0.4997   0.3878  30.0303 124.7126
  -1.000   0.0479   0.00720   0.00053  -0.0161   0.4792   0.5252  31.2024 132.2690
   0.000   0.1512   0.00683   0.00055  -0.0140   0.4597   0.6601  32.3292 139.6104
   1.000   0.2546   0.00664   0.00064  -0.0116   0.4418   0.7773  33.3724 145.9645
   3.000   0.4753   0.00686   0.00095  -0.0098   0.4083   0.9317  35.3530 154.5152
   4.000   0.6067   0.00731   0.00116  -0.0137   0.3918   0.9626  36.3417 156.6022
   5.000   0.7489   0.00785   0.00138  -0.0201   0.3755   0.9751  37.3276 157.5829
   6.000   0.8894   0.00838   0.00158  -0.0264   0.3592   0.9847  38.3308 158.4070
   7.000   1.0274   0.00892   0.00166  -0.0326   0.3273   0.9934  40.3179 159.2453
   8.000   1.1656   0.00953   0.00187  -0.0391   0.2970   1.0000  42.2498 160.0000
   9.000   1.2385   0.01047   0.00220  -0.0324   0.2560   1.0000  44.9359 160.0000
  10.000   1.2801   0.01275   0.00314  -0.0208   0.1638   1.0000  51.3441 160.0000
  11.000   1.2766   0.01591   0.00430  -0.0024   0.0912   1.0000  57.0885 160.0000
  12.000   1.2922   0.01998   0.00609   0.0077   0.0621   1.0000  60.1362 160.0000
  13.000   1.3121   0.02632   0.00970   0.0117   0.0471   1.0000  62.2106 160.0000
  14.000   1.3222   0.03492   0.01525   0.0130   0.0386   1.0000  63.6556 160.0000
  15.000   1.3187   0.04547   0.02257   0.0131   0.0334   1.0000  64.6977 160.0000
