  
       XFOIL         Version 6.99
  
 Calculated polar for: davissm                                         
  
 1 1 Reynolds number fixed          Mach number fixed         
  
 xtrf =   1.000 (top)        1.000 (bottom)  
 Mach =   0.000     Re =     0.500 e 6     Ncrit =   9.000  9.000
  
   alpha    CL        CD       CDp       CM     Top_Xtr  Bot_Xtr  Top_Itr  Bot_Itr
  ------ -------- --------- --------- -------- -------- -------- -------- --------
  -1.000   0.6007   0.01096   0.00396  -0.1649   0.8583   0.0393  12.3651  92.2661
   0.000   0.7119   0.00963   0.00236  -0.1645   0.8297   0.0476  14.3715  92.9334
   1.000   0.8226   0.00886   0.00160  -0.1641   0.7968   0.0816  16.6805  95.3825
   2.000   0.9299   0.00736   0.00147  -0.1635   0.7502   1.0000  19.9503 160.0000
   3.000   1.0348   0.00788   0.00134  -0.1619   0.6807   1.0000  24.8198 160.0000
   4.000   1.1340   0.00889   0.00141  -0.1593   0.5721   1.0000  32.3977 160.0000
   5.000   1.2098   0.01228   0.00236  -0.1529   0.2611   1.0000  54.1225 160.0000
   6.000   1.2819   0.01635   0.00429  -0.1464   0.0467   1.0000  69.9668 160.0000
   7.000   1.3615   0.01903   0.00561  -0.1407   0.0252   1.0000  72.0845 160.0000
   8.000   1.4175   0.02298   0.00781  -0.1308   0.0188   1.0000  72.9450 160.0000
   9.000   1.4629   0.02724   0.01047  -0.1194   0.0158   1.0000  73.4584 160.0000
  10.000   1.5059   0.03298   0.01397  -0.1090   0.0134   1.0000  73.8802 160.0000
  11.000   1.5494   0.04178   0.02022  -0.0998   0.0113   1.0000  74.3421 160.0000
  12.000   1.5426   0.05425   0.03023  -0.0865   0.0105   1.0000  74.5630 160.0000
  13.000   1.4506   0.07714   0.05093  -0.0738   0.0108   1.0000  74.4773 160.0000
  14.000   1.3427   0.10578   0.08076  -0.0779   0.0114   1.0000  74.3172 160.0000
  15.000   1.2492   0.14566   0.12980  -0.1029   0.0121   1.0000  74.1586 160.0000
