  
       XFOIL         Version 6.99
  
 Calculated polar for: Dayton-Wright T-1                               
  
 1 1 Reynolds number fixed          Mach number fixed         
  
 xtrf =   1.000 (top)        1.000 (bottom)  
 Mach =   0.000     Re =     1.000 e 6     Ncrit =   9.000  9.000
  
   alpha    CL        CD       CDp       CM     Top_Xtr  Bot_Xtr  Top_Itr  Bot_Itr
  ------ -------- --------- --------- -------- -------- -------- -------- --------
  -6.000   0.0247   0.00868   0.00144  -0.0980   0.8055   0.0449  14.1265 100.0902
  -5.000   0.1329   0.00797   0.00101  -0.0966   0.7687   0.0906  16.3482 105.0145
  -4.000   0.2407   0.00764   0.00077  -0.0953   0.7223   0.1356  19.1586 108.2005
  -3.000   0.3469   0.00743   0.00065  -0.0938   0.6705   0.2081  22.3021 112.6668
  -2.000   0.4527   0.00745   0.00067  -0.0925   0.6192   0.2863  25.3901 117.2159
  -1.000   0.5584   0.00763   0.00072  -0.0912   0.5688   0.3488  28.3903 120.7831
   0.000   0.6611   0.00782   0.00080  -0.0897   0.5110   0.4449  31.8366 126.4352
   1.000   0.7702   0.00737   0.00124  -0.0896   0.4436   0.9811  35.8871 158.1201
   2.000   0.9272   0.00850   0.00168  -0.1008   0.3617   0.9996  40.8492 159.9542
   4.000   1.0866   0.01013   0.00203  -0.0896   0.2805   1.0000  45.8224 160.0000
   5.000   1.1672   0.01091   0.00220  -0.0845   0.2591   1.0000  47.1318 160.0000
   6.000   1.2471   0.01176   0.00238  -0.0796   0.2416   1.0000  48.2034 160.0000
   7.000   1.3291   0.01277   0.00262  -0.0758   0.2244   1.0000  49.2739 160.0000
   8.000   1.4101   0.01400   0.00292  -0.0724   0.2053   1.0000  50.5025 160.0000
   9.000   1.4821   0.01579   0.00342  -0.0682   0.1703   1.0000  52.9066 160.0000
  10.000   1.5116   0.02025   0.00546  -0.0591   0.0908   1.0000  59.1365 160.0000
  11.000   1.5375   0.02549   0.00816  -0.0515   0.0432   1.0000  64.2785 160.0000
  12.000   1.5434   0.03302   0.01272  -0.0442   0.0180   1.0000  69.5375 160.0000
  13.000   1.5603   0.04078   0.01768  -0.0405   0.0152   1.0000  70.4106 160.0000
  14.000   1.5544   0.05211   0.02563  -0.0384   0.0133   1.0000  71.0199 160.0000
  15.000   1.5455   0.06515   0.03530  -0.0388   0.0125   1.0000  71.3337 160.0000
