  
       XFOIL         Version 6.99
  
 Calculated polar for: Dayton-Wright 6                                 
  
 1 1 Reynolds number fixed          Mach number fixed         
  
 xtrf =   1.000 (top)        1.000 (bottom)  
 Mach =   0.000     Re =     1.000 e 6     Ncrit =   9.000  9.000
  
   alpha    CL        CD       CDp       CM     Top_Xtr  Bot_Xtr  Top_Itr  Bot_Itr
  ------ -------- --------- --------- -------- -------- -------- -------- --------
  -6.000   0.0286   0.01049   0.00224  -0.1014   0.7453   0.0324  18.2855  97.9489
  -5.000   0.1079   0.00966   0.00129  -0.0939   0.6521   0.0334  24.1298  98.1308
  -3.000   0.2847   0.00916   0.00044  -0.0831   0.5345   0.0395  31.2537  99.1158
  -2.000   0.3763   0.00885   0.00024  -0.0786   0.5066   0.0964  32.9099 104.8987
  -1.000   0.4695   0.00869   0.00015  -0.0745   0.4820   0.1724  34.3886 109.7350
   0.000   0.5555   0.00842   0.00007  -0.0693   0.4573   0.3462  35.8865 119.8731
   1.000   0.8017   0.00811   0.00094  -0.0998   0.4187   0.9880  38.2765 158.6788
   2.000   0.9719   0.00867   0.00108  -0.1136   0.3794   1.0000  40.7494 159.9959
   3.000   1.0478   0.00918   0.00122  -0.1070   0.3530   1.0000  42.4213 160.0000
   4.000   1.1221   0.00978   0.00136  -0.1001   0.3318   1.0000  43.7578 160.0000
   5.000   1.1875   0.01042   0.00144  -0.0915   0.3114   1.0000  45.0435 160.0000
   6.000   1.2532   0.01103   0.00144  -0.0832   0.2933   1.0000  46.1953 160.0000
   7.000   1.3214   0.01181   0.00145  -0.0760   0.2731   1.0000  47.4976 160.0000
   8.000   1.3858   0.01293   0.00152  -0.0687   0.2416   1.0000  49.5859 160.0000
   9.000   1.4105   0.01601   0.00239  -0.0560   0.1514   1.0000  56.0234 160.0000
  10.000   1.3604   0.02419   0.00664  -0.0368   0.0187   1.0000  70.6054 160.0000
  11.000   1.3861   0.02943   0.00954  -0.0305   0.0146   1.0000  71.7558 160.0000
  12.000   1.4007   0.03653   0.01397  -0.0257   0.0130   1.0000  72.2721 160.0000
  13.000   1.4013   0.04642   0.02080  -0.0232   0.0117   1.0000  72.6929 160.0000
  14.000   1.3652   0.06214   0.03283  -0.0232   0.0108   1.0000  73.0084 160.0000
  15.000   1.3420   0.07735   0.04510  -0.0249   0.0104   1.0000  73.1660 160.0000
