  
       XFOIL         Version 6.99
  
 Calculated polar for: DEFIANT CANARD BL110 AIRFOIL                    
  
 1 1 Reynolds number fixed          Mach number fixed         
  
 xtrf =   1.000 (top)        1.000 (bottom)  
 Mach =   0.000     Re =     1.000 e 6     Ncrit =   9.000  9.000
  
   alpha    CL        CD       CDp       CM     Top_Xtr  Bot_Xtr  Top_Itr  Bot_Itr
  ------ -------- --------- --------- -------- -------- -------- -------- --------
  -6.000  -0.2335   0.01327   0.00391  -0.0737   0.7350   0.0153  19.1908  91.9706
  -5.000  -0.1442   0.01087   0.00223  -0.0696   0.6984   0.0174  21.6497  92.4558
  -4.000  -0.0496   0.01001   0.00137  -0.0661   0.6272   0.0200  26.4494  93.0466
  -3.000   0.0450   0.00945   0.00082  -0.0627   0.5542   0.0250  31.3313  93.9849
  -2.000   0.1403   0.00867   0.00054  -0.0596   0.5165   0.1361  33.8028 103.4069
  -1.000   0.2233   0.00713   0.00034  -0.0547   0.4812   0.5641  36.1076 131.1389
   0.000   0.3156   0.00696   0.00044  -0.0507   0.4254   0.7507  39.8452 143.2312
   1.000   0.4104   0.00715   0.00056  -0.0471   0.3847   0.8428  42.6318 149.1096
   2.000   0.5218   0.00740   0.00081  -0.0470   0.3704   0.9417  43.5972 155.4388
   3.000   0.6661   0.00795   0.00110  -0.0547   0.3612   0.9699  44.2121 157.3253
   4.000   0.8051   0.00855   0.00135  -0.0615   0.3527   0.9842  44.7802 158.4010
   5.000   0.9450   0.00907   0.00159  -0.0686   0.3449   0.9950  45.2896 159.4159
   6.000   1.0633   0.00963   0.00181  -0.0715   0.3358   1.0000  45.8881 160.0000
   7.000   1.1399   0.01002   0.00186  -0.0652   0.3279   1.0000  46.4148 160.0000
   8.000   1.2168   0.01047   0.00171  -0.0591   0.3034   1.0000  48.0968 160.0000
   9.000   1.2763   0.01133   0.00154  -0.0499   0.2621   1.0000  51.1909 160.0000
  10.000   1.3300   0.01282   0.00174  -0.0407   0.2323   1.0000  53.2728 160.0000
  11.000   1.3637   0.01589   0.00260  -0.0306   0.1474   1.0000  59.6219 160.0000
  12.000   1.3561   0.02242   0.00577  -0.0191   0.0575   1.0000  66.9315 160.0000
  13.000   1.3340   0.03189   0.01153  -0.0112   0.0077   1.0000  75.3738 160.0000
  14.000   1.3428   0.04058   0.01725  -0.0084   0.0055   1.0000  76.5381 160.0000
  15.000   1.3348   0.05252   0.02586  -0.0080   0.0048   1.0000  76.9583 160.0000
