  
       XFOIL         Version 6.99
  
 Calculated polar for: DEFIANT CANARD BL20 AIRFOIL                     
  
 1 1 Reynolds number fixed          Mach number fixed         
  
 xtrf =   1.000 (top)        1.000 (bottom)  
 Mach =   0.000     Re =     1.000 e 6     Ncrit =   9.000  9.000
  
   alpha    CL        CD       CDp       CM     Top_Xtr  Bot_Xtr  Top_Itr  Bot_Itr
  ------ -------- --------- --------- -------- -------- -------- -------- --------
  -6.000  -0.2546   0.01101   0.00200  -0.0692   0.5386   0.1217  25.1449 114.8224
  -5.000  -0.1484   0.01052   0.00170  -0.0676   0.5268   0.1319  25.7710 115.6782
  -4.000  -0.0405   0.01010   0.00144  -0.0663   0.5157   0.1431  26.3683 116.5527
  -3.000   0.0670   0.00978   0.00120  -0.0650   0.5032   0.1613  27.0489 117.8623
  -2.000   0.1714   0.00905   0.00094  -0.0634   0.4926   0.2562  27.6336 123.5252
  -1.000   0.2774   0.00867   0.00090  -0.0620   0.4813   0.3640  28.2637 129.1196
   0.000   0.3857   0.00867   0.00092  -0.0609   0.4685   0.4185  28.9845 131.7627
   1.000   0.4962   0.00864   0.00094  -0.0603   0.4582   0.4577  29.5713 133.6056
   2.000   0.6035   0.00874   0.00096  -0.0592   0.4464   0.5021  30.2458 135.6580
   3.000   0.7063   0.00886   0.00096  -0.0574   0.4332   0.5584  31.0094 138.2646
   4.000   0.7935   0.00836   0.00095  -0.0524   0.4224   0.8004  31.6468 149.1581
   5.000   0.9666   0.00874   0.00143  -0.0653   0.4080   0.9654  32.4967 157.3646
   6.000   1.1073   0.00944   0.00164  -0.0719   0.3936   0.9898  33.3595 159.0505
   7.000   1.2595   0.01012   0.00191  -0.0813   0.3780   0.9999  34.3034 159.9937
   8.000   1.3214   0.01079   0.00193  -0.0725   0.3641   1.0000  35.1506 160.0000
   9.000   1.3613   0.01161   0.00172  -0.0596   0.3498   1.0000  36.0290 160.0000
  10.000   1.4143   0.01282   0.00163  -0.0506   0.3354   1.0000  36.9317 160.0000
  11.000   1.4685   0.01474   0.00184  -0.0437   0.3208   1.0000  37.8478 160.0000
  12.000   1.5156   0.01797   0.00269  -0.0386   0.3060   1.0000  38.7927 160.0000
  13.000   1.5470   0.02332   0.00468  -0.0347   0.2885   1.0000  39.9240 160.0000
  14.000   1.5653   0.02985   0.00744  -0.0310   0.2718   1.0000  41.0190 160.0000
  15.000   1.5766   0.03726   0.01089  -0.0278   0.2561   1.0000  42.0667 160.0000
