  
       XFOIL         Version 6.99
  
 Calculated polar for: DEFIANT CANARD BL145 AIRFOIL                    
  
 1 1 Reynolds number fixed          Mach number fixed         
  
 xtrf =   1.000 (top)        1.000 (bottom)  
 Mach =   0.000     Re =     0.500 e 6     Ncrit =   9.000  9.000
  
   alpha    CL        CD       CDp       CM     Top_Xtr  Bot_Xtr  Top_Itr  Bot_Itr
  ------ -------- --------- --------- -------- -------- -------- -------- --------
  -5.000  -0.3219   0.01587   0.00585  -0.0400   0.9679   0.0178   5.6717  94.4210
  -4.000  -0.1926   0.01202   0.00282  -0.0422   0.9314   0.0167   8.9804  94.0817
  -3.000  -0.0292   0.00972   0.00124  -0.0523   0.8451   0.0206  14.2109  95.2691
  -2.000   0.0586   0.00777   0.00061  -0.0473   0.7291   0.3794  20.5674 122.0621
  -1.000   0.1451   0.00702   0.00069  -0.0412   0.6454   0.6950  25.1440 139.2891
   0.000   0.2428   0.00680   0.00081  -0.0366   0.5773   0.8910  28.8964 151.2691
   1.000   0.4004   0.00733   0.00095  -0.0455   0.5116   0.9680  32.5511 156.8028
   2.000   0.5581   0.00793   0.00101  -0.0551   0.4464   0.9959  36.2291 159.4623
   3.000   0.6615   0.00849   0.00113  -0.0536   0.3729   1.0000  40.4618 160.0000
   4.000   0.7465   0.00941   0.00141  -0.0482   0.2904   1.0000  45.3899 160.0000
   5.000   0.8352   0.01033   0.00181  -0.0435   0.2519   1.0000  47.7695 160.0000
   6.000   0.9259   0.01121   0.00224  -0.0393   0.2256   1.0000  49.3618 160.0000
   7.000   1.0164   0.01213   0.00262  -0.0352   0.1991   1.0000  50.9626 160.0000
   8.000   1.1039   0.01330   0.00295  -0.0309   0.1349   1.0000  55.5422 160.0000
   9.000   1.1724   0.01578   0.00428  -0.0238   0.0834   1.0000  59.8740 160.0000
  10.000   1.2396   0.01800   0.00559  -0.0168   0.0690   1.0000  61.2955 160.0000
  11.000   1.2861   0.02061   0.00702  -0.0067   0.0608   1.0000  62.1975 160.0000
  12.000   1.3251   0.02378   0.00881   0.0026   0.0554   1.0000  62.8468 160.0000
  13.000   1.3550   0.02825   0.01161   0.0098   0.0516   1.0000  63.3609 160.0000
  14.000   1.3774   0.03461   0.01583   0.0136   0.0482   1.0000  63.8278 160.0000
  15.000   1.3866   0.04366   0.02235   0.0145   0.0458   1.0000  64.1868 160.0000
