  
       XFOIL         Version 6.99
  
 Calculated polar for: DF 101 AIRFOIL                                  
  
 1 1 Reynolds number fixed          Mach number fixed         
  
 xtrf =   1.000 (top)        1.000 (bottom)  
 Mach =   0.000     Re =     0.500 e 6     Ncrit =   9.000  9.000
  
   alpha    CL        CD       CDp       CM     Top_Xtr  Bot_Xtr  Top_Itr  Bot_Itr
  ------ -------- --------- --------- -------- -------- -------- -------- --------
  -6.000  -0.3712   0.01320   0.00354  -0.0634   0.9577   0.0203   4.6728  91.0248
  -5.000  -0.2631   0.01071   0.00206  -0.0627   0.9357   0.0408   6.2033  93.6807
  -4.000  -0.1646   0.00890   0.00141  -0.0600   0.9081   0.2067   8.0848 106.1413
  -3.000  -0.0601   0.00826   0.00119  -0.0580   0.8766   0.2849  10.2102 111.4472
  -2.000   0.0448   0.00763   0.00095  -0.0561   0.8396   0.3783  12.7294 117.6894
  -1.000   0.1460   0.00680   0.00077  -0.0535   0.7939   0.5750  15.8539 130.7878
   0.000   0.2416   0.00601   0.00083  -0.0488   0.7370   0.8855  19.7427 151.4870
   1.000   0.3897   0.00642   0.00084  -0.0554   0.6783   0.9747  23.7455 157.5829
   2.000   0.5568   0.00684   0.00070  -0.0673   0.6103   0.9999  28.3672 159.9893
   3.000   0.6465   0.00728   0.00077  -0.0629   0.5400   1.0000  33.1548 160.0000
   4.000   0.7329   0.00804   0.00092  -0.0579   0.4449   1.0000  39.6448 160.0000
   5.000   0.8146   0.00930   0.00128  -0.0523   0.3276   1.0000  47.6927 160.0000
   6.000   0.8980   0.01063   0.00178  -0.0471   0.2501   1.0000  53.0410 160.0000
   7.000   0.9843   0.01189   0.00228  -0.0427   0.1985   1.0000  56.6366 160.0000
   8.000   1.0694   0.01327   0.00276  -0.0383   0.1512   1.0000  60.0179 160.0000
   9.000   1.1512   0.01480   0.00332  -0.0337   0.1072   1.0000  63.3262 160.0000
  10.000   1.2018   0.01801   0.00467  -0.0245   0.0318   1.0000  70.1647 160.0000
  11.000   1.2309   0.02186   0.00657  -0.0127   0.0194   1.0000  71.9979 160.0000
  12.000   1.2627   0.02601   0.00901  -0.0040   0.0167   1.0000  72.5401 160.0000
  13.000   1.2610   0.03361   0.01409   0.0040   0.0148   1.0000  72.9445 160.0000
  14.000   1.2630   0.04282   0.02096   0.0071   0.0136   1.0000  73.2373 160.0000
  15.000   1.2542   0.05505   0.03075   0.0066   0.0126   1.0000  73.4994 160.0000
