  
       XFOIL         Version 6.99
  
 Calculated polar for: DFVLR R-4 AIRFOIL                               
  
 1 1 Reynolds number fixed          Mach number fixed         
  
 xtrf =   1.000 (top)        1.000 (bottom)  
 Mach =   0.000     Re =     1.000 e 6     Ncrit =   9.000  9.000
  
   alpha    CL        CD       CDp       CM     Top_Xtr  Bot_Xtr  Top_Itr  Bot_Itr
  ------ -------- --------- --------- -------- -------- -------- -------- --------
  -6.000  -0.2915   0.00935   0.00199  -0.0972   0.9373   0.0717   6.2515  98.3494
  -4.000  -0.0255   0.00596   0.00096  -0.1111   0.9143   0.4960   7.7398 125.4275
  -3.000   0.1000   0.00560   0.00099  -0.1146   0.9017   0.5891   8.5312 131.2415
  -2.000   0.2200   0.00556   0.00105  -0.1162   0.8814   0.6394   9.7758 134.4077
  -1.000   0.3360   0.00561   0.00094  -0.1165   0.8376   0.6659  12.5677 136.0984
   0.000   0.4528   0.00579   0.00093  -0.1173   0.7914   0.6816  15.5044 137.1123
   1.000   0.5582   0.00690   0.00102  -0.1157   0.5936   0.6950  27.7893 137.9928
   2.000   0.6493   0.00962   0.00184  -0.1125   0.2175   0.7062  50.5856 138.7211
   3.000   0.7551   0.01086   0.00231  -0.1117   0.1137   0.7155  57.1864 139.3240
   4.000   0.8629   0.01181   0.00275  -0.1112   0.0879   0.7247  59.0142 139.9175
   5.000   0.9690   0.01274   0.00324  -0.1103   0.0753   0.7327  60.0142 140.4226
   6.000   1.0750   0.01359   0.00361  -0.1094   0.0682   0.7409  60.6690 140.9455
   7.000   1.1772   0.01456   0.00412  -0.1080   0.0612   0.7478  61.3598 141.3753
   8.000   1.2755   0.01575   0.00466  -0.1059   0.0542   0.7549  62.1270 141.8221
   9.000   1.3714   0.01691   0.00515  -0.1034   0.0461   0.7614  63.1218 142.2306
  10.000   1.4605   0.01832   0.00575  -0.0999   0.0366   0.7680  64.5049 142.6426
  12.000   1.6014   0.02242   0.00786  -0.0868   0.0253   0.7800  66.5667 143.3949
  13.000   1.6634   0.02513   0.00933  -0.0799   0.0201   0.7860  67.7598 143.7729
  14.000   1.7123   0.02890   0.01154  -0.0722   0.0150   0.7919  69.2010 144.1484
  15.000   1.7466   0.03389   0.01470  -0.0640   0.0119   0.7983  70.2262 144.5675
