  
       XFOIL         Version 6.99
  
 Calculated polar for: D.G.A. 1138                                     
  
 1 1 Reynolds number fixed          Mach number fixed         
  
 xtrf =   1.000 (top)        1.000 (bottom)  
 Mach =   0.000     Re =     0.500 e 6     Ncrit =   9.000  9.000
  
   alpha    CL        CD       CDp       CM     Top_Xtr  Bot_Xtr  Top_Itr  Bot_Itr
  ------ -------- --------- --------- -------- -------- -------- -------- --------
  -6.000  -0.3680   0.01781   0.00960  -0.0471   0.9915   0.0286   2.1754  90.2994
  -5.000  -0.2342   0.01540   0.00710  -0.0528   0.9813   0.0436   3.2870  91.7670
  -4.000  -0.0991   0.01203   0.00408  -0.0578   0.9678   0.0485   4.5570  92.1934
  -3.000   0.0281   0.01021   0.00248  -0.0607   0.9434   0.0473   6.4461  92.0967
  -2.000   0.1425   0.00882   0.00146  -0.0607   0.9087   0.0490   8.8791  92.2344
  -1.000   0.2491   0.00808   0.00091  -0.0590   0.8626   0.1217  12.1531  97.8241
   0.000   0.3841   0.00581   0.00100  -0.0646   0.7948   1.0000  16.9778 160.0000
   1.000   0.4854   0.00628   0.00079  -0.0620   0.6822   1.0000  24.7535 160.0000
   2.000   0.5809   0.00753   0.00091  -0.0588   0.4994   1.0000  37.5611 160.0000
   3.000   0.6724   0.00959   0.00134  -0.0558   0.2074   1.0000  58.0158 160.0000
   4.000   0.7715   0.01089   0.00176  -0.0540   0.1162   1.0000  64.5147 160.0000
   5.000   0.8627   0.01361   0.00282  -0.0505   0.0166   1.0000  73.1858 160.0000
   6.000   0.9496   0.01694   0.00466  -0.0461   0.0125   1.0000  73.6863 160.0000
   7.000   1.0293   0.02266   0.00793  -0.0406   0.0115   1.0000  73.8058 160.0000
   9.000   1.0514   0.04103   0.02237  -0.0140   0.0161   1.0000  73.2393 160.0000
  10.000   0.9763   0.05446   0.03204  -0.0002   0.0156   1.0000  73.3089 160.0000
