  
       XFOIL         Version 6.99
  
 Calculated polar for: D.G.A. 1182                                     
  
 1 1 Reynolds number fixed          Mach number fixed         
  
 xtrf =   1.000 (top)        1.000 (bottom)  
 Mach =   0.000     Re =     1.000 e 6     Ncrit =   9.000  9.000
  
   alpha    CL        CD       CDp       CM     Top_Xtr  Bot_Xtr  Top_Itr  Bot_Itr
  ------ -------- --------- --------- -------- -------- -------- -------- --------
  -1.000  -0.0492   0.01117   0.00264  -0.0112   0.1401   0.1822  63.2372 100.9673
   0.000   0.0615   0.01070   0.00277  -0.0116   0.1260   0.3470  64.6628 113.3948
   1.000   0.1746   0.01083   0.00285  -0.0121   0.1182   0.3621  65.4494 114.5167
   2.000   0.2883   0.01061   0.00250  -0.0125   0.0907   0.3678  68.0677 114.9381
   3.000   0.4014   0.01041   0.00204  -0.0129   0.0726   0.3721  69.5623 115.2559
   4.000   0.5107   0.01119   0.00244  -0.0130   0.0439   0.3766  71.8395 115.5863
   5.000   0.6200   0.01196   0.00290  -0.0129   0.0417   0.3795  72.0281 115.7963
   6.000   0.7266   0.01293   0.00339  -0.0129   0.0334   0.3816  72.8254 115.9512
   7.000   0.8300   0.01432   0.00381  -0.0127   0.0080   0.3846  75.6677 116.1674
   8.000   0.9290   0.01750   0.00554  -0.0113   0.0046   0.3891  76.8711 116.4955
