  
       XFOIL         Version 6.99
  
 Calculated polar for: DRAGONFLY CANARD                                
  
 1 1 Reynolds number fixed          Mach number fixed         
  
 xtrf =   1.000 (top)        1.000 (bottom)  
 Mach =   0.000     Re =     0.500 e 6     Ncrit =   9.000  9.000
  
   alpha    CL        CD       CDp       CM     Top_Xtr  Bot_Xtr  Top_Itr  Bot_Itr
  ------ -------- --------- --------- -------- -------- -------- -------- --------
  -5.000   0.0610   0.01907   0.00787  -0.1058   0.5869   0.0339  27.6415  99.0811
  -4.000   0.1626   0.01673   0.00594  -0.1047   0.5824   0.0364  27.9358  99.4754
  -3.000   0.2596   0.01565   0.00506  -0.1025   0.5780   0.0396  28.2236  99.9789
  -2.000   0.3533   0.01460   0.00445  -0.0998   0.5731   0.0458  28.5476 100.8247
  -1.000   0.4534   0.01387   0.00400  -0.0982   0.5689   0.0944  28.8252 105.2261
   0.000   0.5198   0.01217   0.00419  -0.0906   0.5649   0.7166  29.0927 142.1472
   1.000   0.7332   0.01261   0.00512  -0.1121   0.5598   0.9676  29.4386 157.1643
   2.000   0.8986   0.01309   0.00528  -0.1249   0.5555   0.9878  29.7265 158.7281
   3.000   1.0551   0.01354   0.00529  -0.1363   0.5513   1.0000  30.0080 160.0000
   4.000   1.1272   0.01421   0.00591  -0.1306   0.5461   1.0000  30.3579 160.0000
   5.000   1.2116   0.01474   0.00610  -0.1270   0.5411   1.0000  30.6975 160.0000
   6.000   1.3097   0.01537   0.00604  -0.1261   0.5368   1.0000  30.9944 160.0000
   7.000   1.3692   0.01648   0.00665  -0.1183   0.5304   1.0000  31.4298 160.0000
   8.000   1.4556   0.01696   0.00646  -0.1153   0.5251   1.0000  31.7953 160.0000
   9.000   1.5205   0.01810   0.00651  -0.1089   0.5188   1.0000  32.2359 160.0000
  10.000   1.5670   0.01896   0.00600  -0.0991   0.5114   1.0000  32.7506 160.0000
  11.000   1.5835   0.02115   0.00570  -0.0864   0.5019   1.0000  33.4128 160.0000
  12.000   1.6166   0.02343   0.00503  -0.0790   0.4882   1.0000  34.3754 160.0000
  13.000   1.5929   0.03028   0.00587  -0.0696   0.4501   1.0000  37.0523 160.0000
  14.000   1.5372   0.04254   0.01192  -0.0604   0.4140   1.0000  39.5988 160.0000
  15.000   1.5252   0.05213   0.01672  -0.0550   0.3700   1.0000  42.6648 160.0000
