  
       XFOIL         Version 6.99
  
 Calculated polar for: DS19 Joe Wurts                                  
  
 1 1 Reynolds number fixed          Mach number fixed         
  
 xtrf =   1.000 (top)        1.000 (bottom)  
 Mach =   0.000     Re =     1.000 e 6     Ncrit =   9.000  9.000
  
   alpha    CL        CD       CDp       CM     Top_Xtr  Bot_Xtr  Top_Itr  Bot_Itr
  ------ -------- --------- --------- -------- -------- -------- -------- --------
  -6.000  -0.4269   0.01226   0.00472  -0.0537   0.9901   0.0142   2.1908  89.6152
  -5.000  -0.2891   0.00952   0.00249  -0.0598   0.9810   0.0174   2.9866  90.3430
  -4.000  -0.1601   0.00800   0.00138  -0.0634   0.9575   0.0232   4.7130  91.3798
  -3.000  -0.0436   0.00711   0.00068  -0.0639   0.9059   0.0365   8.2632  93.0619
  -2.000   0.0627   0.00603   0.00024  -0.0627   0.8401   0.2271  12.7577 106.7960
  -1.000   0.1691   0.00505   0.00016  -0.0618   0.7847   0.5513  16.5792 128.6503
   0.000   0.2745   0.00470   0.00023  -0.0599   0.7104   0.7807  21.6665 144.0715
   1.000   0.3777   0.00486   0.00029  -0.0574   0.6167   0.8826  28.0485 151.0784
   2.000   0.4936   0.00523   0.00032  -0.0579   0.5137   1.0000  35.0593 160.0000
   3.000   0.6006   0.00596   0.00047  -0.0569   0.4131   1.0000  41.9175 160.0000
   4.000   0.7069   0.00684   0.00072  -0.0560   0.3132   1.0000  48.7707 160.0000
   5.000   0.8109   0.00801   0.00113  -0.0548   0.2028   1.0000  56.4664 160.0000
   6.000   0.9112   0.00963   0.00181  -0.0532   0.0934   1.0000  64.4599 160.0000
   7.000   1.0103   0.01134   0.00270  -0.0514   0.0348   1.0000  69.5625 160.0000
   8.000   1.1069   0.01326   0.00382  -0.0491   0.0162   1.0000  72.3054 160.0000
   9.000   1.1991   0.01545   0.00521  -0.0463   0.0117   1.0000  73.3970 160.0000
  10.000   1.2778   0.01876   0.00741  -0.0417   0.0095   1.0000  74.0589 160.0000
  11.000   1.3543   0.02159   0.00944  -0.0372   0.0082   1.0000  74.5294 160.0000
  12.000   1.3967   0.02600   0.01251  -0.0284   0.0071   1.0000  74.9008 160.0000
  13.000   1.3899   0.03291   0.01764  -0.0164   0.0067   1.0000  75.0800 160.0000
  14.000   1.3810   0.04262   0.02550  -0.0123   0.0064   1.0000  75.2129 160.0000
  15.000   1.3473   0.05950   0.04013  -0.0171   0.0062   1.0000  75.3061 160.0000
