  
       XFOIL         Version 6.99
  
 Calculated polar for: DS21 Joe Wurts                                  
  
 1 1 Reynolds number fixed          Mach number fixed         
  
 xtrf =   1.000 (top)        1.000 (bottom)  
 Mach =   0.000     Re =     0.500 e 6     Ncrit =   9.000  9.000
  
   alpha    CL        CD       CDp       CM     Top_Xtr  Bot_Xtr  Top_Itr  Bot_Itr
  ------ -------- --------- --------- -------- -------- -------- -------- --------
  -6.000  -0.4979   0.01932   0.00939  -0.0376   1.0000   0.0202   1.0000  90.9709
  -5.000  -0.3766   0.01373   0.00486  -0.0412   0.9930   0.0245   1.9265  91.6569
  -4.000  -0.2338   0.01070   0.00253  -0.0480   0.9787   0.0326   3.1907  92.7420
  -3.000  -0.0911   0.00867   0.00120  -0.0545   0.9582   0.0710   4.6856  96.1301
  -2.000   0.0305   0.00649   0.00072  -0.0572   0.9147   0.4606   7.6655 122.7376
  -1.000   0.1331   0.00562   0.00075  -0.0541   0.8511   0.7662  11.9835 143.1958
   0.000   0.2327   0.00555   0.00076  -0.0500   0.7865   0.8828  16.3759 151.1030
   1.000   0.3533   0.00562   0.00059  -0.0506   0.7092   0.9826  21.6312 158.1249
   2.000   0.4664   0.00612   0.00055  -0.0509   0.6166   1.0000  27.9060 160.0000
   3.000   0.5701   0.00684   0.00065  -0.0492   0.5144   1.0000  34.8366 160.0000
   4.000   0.6735   0.00781   0.00088  -0.0476   0.3969   1.0000  42.8442 160.0000
   5.000   0.7749   0.00915   0.00130  -0.0459   0.2661   1.0000  51.8225 160.0000
   6.000   0.8732   0.01097   0.00200  -0.0441   0.1361   1.0000  61.0118 160.0000
   7.000   0.9675   0.01331   0.00318  -0.0417   0.0473   1.0000  68.0286 160.0000
   8.000   1.0585   0.01592   0.00475  -0.0386   0.0249   1.0000  70.6172 160.0000
   9.000   1.1403   0.01926   0.00692  -0.0344   0.0185   1.0000  71.6961 160.0000
  10.000   1.2088   0.02378   0.01002  -0.0288   0.0151   1.0000  72.3989 160.0000
  11.000   1.2647   0.02887   0.01361  -0.0225   0.0132   1.0000  72.8613 160.0000
  12.000   1.2715   0.03758   0.02024  -0.0118   0.0123   1.0000  73.0891 160.0000
  13.000   1.2493   0.04815   0.02936  -0.0060   0.0117   1.0000  73.2658 160.0000
  14.000   1.1959   0.06720   0.04687  -0.0121   0.0114   1.0000  73.3613 160.0000
  15.000   1.1056   0.10159   0.08132  -0.0339   0.0118   1.0000  73.2476 160.0000
