  
       XFOIL         Version 6.99
  
 Calculated polar for: DSMA-523B AIRFOIL                               
  
 1 1 Reynolds number fixed          Mach number fixed         
  
 xtrf =   1.000 (top)        1.000 (bottom)  
 Mach =   0.000     Re =     0.500 e 6     Ncrit =   9.000  9.000
  
   alpha    CL        CD       CDp       CM     Top_Xtr  Bot_Xtr  Top_Itr  Bot_Itr
  ------ -------- --------- --------- -------- -------- -------- -------- --------
  -6.000  -0.4770   0.01695   0.00698  -0.0669   1.0000   0.0532   1.0000  98.3996
  -5.000  -0.3463   0.01553   0.00609  -0.0727   1.0000   0.0649   1.0000 100.2351
  -4.000  -0.2066   0.01454   0.00556  -0.0805   1.0000   0.0789   1.0000 102.1399
  -3.000  -0.0678   0.01408   0.00575  -0.0877   1.0000   0.1717   1.0000 108.8333
  -2.000   0.1143   0.01308   0.00650  -0.1047   0.9991   0.6125   1.1094 130.1917
  -1.000   0.3319   0.01146   0.00494  -0.1247   0.9726   0.6572   4.7135 132.6081
   1.000   0.5814   0.01520   0.00464  -0.1255   0.0905   0.6968  58.3656 134.7205
   2.000   0.6856   0.01655   0.00548  -0.1228   0.0684   0.7079  60.1320 135.3045
   3.000   0.7927   0.01793   0.00618  -0.1210   0.0579   0.7182  61.2124 135.8409
   4.000   0.9059   0.01936   0.00690  -0.1213   0.0503   0.7234  62.1258 136.1112
   5.000   1.0146   0.02086   0.00782  -0.1204   0.0448   0.7258  62.8778 136.2404
   6.000   1.1210   0.02275   0.00913  -0.1190   0.0400   0.7286  63.6273 136.3872
   7.000   1.2239   0.02580   0.01123  -0.1173   0.0366   0.7317  64.1764 136.5485
   8.000   1.3227   0.02885   0.01369  -0.1148   0.0340   0.7344  64.6564 136.6901
   9.000   1.4076   0.03419   0.01764  -0.1106   0.0320   0.7370  65.0279 136.8281
  10.000   1.4635   0.04128   0.02452  -0.1016   0.0304   0.7396  65.3435 136.9675
  11.000   1.4432   0.05360   0.03647  -0.0834   0.0293   0.7413  65.5704 137.0577
  12.000   0.7622   0.16109   0.13467  -0.0980   0.0395   0.7370  63.7021 136.8309
  13.000   0.7669   0.17066   0.14692  -0.1005   0.0383   0.7387  63.8940 136.9184
  14.000   0.7678   0.18334   0.16229  -0.1043   0.0375   0.7400  64.0270 136.9859
  15.000   0.7548   0.19702   0.18513  -0.1133   0.0334   0.7411  64.7735 137.0454
