  
       XFOIL         Version 6.99
  
 Calculated polar for: DU 86-137/25 AIRFOIL                            
  
 1 1 Reynolds number fixed          Mach number fixed         
  
 xtrf =   1.000 (top)        1.000 (bottom)  
 Mach =   0.000     Re =     0.500 e 6     Ncrit =   9.000  9.000
  
   alpha    CL        CD       CDp       CM     Top_Xtr  Bot_Xtr  Top_Itr  Bot_Itr
  ------ -------- --------- --------- -------- -------- -------- -------- --------
  -6.000  -0.5957   0.02491   0.01576  -0.0051   0.2972   0.0166  50.1510  92.1061
  -5.000  -0.4802   0.02050   0.01213  -0.0070   0.2995   0.0176  49.6804  92.4656
  -4.000  -0.3823   0.01951   0.01022  -0.0056   0.3018   0.0191  49.1932  92.9504
  -3.000  -0.2764   0.01603   0.00796  -0.0058   0.3039   0.0212  48.7362  93.5973
  -2.000  -0.1879   0.01392   0.00610  -0.0030   0.3063   0.0277  48.2086  95.4808
  -1.000  -0.0934   0.01242   0.00454  -0.0011   0.3055   0.0397  48.3708  98.4786
   0.000   0.0134   0.01205   0.00382  -0.0012   0.3065   0.0668  48.1718 103.1944
   1.000   0.1198   0.01203   0.00317  -0.0011   0.3047   0.0718  48.5467 103.7680
   2.000   0.2235   0.01239   0.00268  -0.0007   0.3029   0.0669  48.9545 103.2114
   3.000   0.3261   0.01365   0.00275  -0.0002   0.2982   0.0775  49.9627 104.3582
   4.000   0.4206   0.01619   0.00676  -0.0004   0.2567   0.6779  54.8271 139.7208
   5.000   0.5174   0.01702   0.00796   0.0024   0.2300   0.7996  56.9370 146.7242
   6.000   0.6113   0.01393   0.00509   0.0071   0.1504   0.8321  63.2959 148.5487
   7.000   0.7031   0.01542   0.00518   0.0094   0.0525   0.8470  69.6583 149.3775
   8.000   0.7907   0.01729   0.00570   0.0122   0.0290   0.8569  71.7865 149.9246
   9.000   0.8590   0.01955   0.00671   0.0181   0.0230   0.8677  72.5563 150.5287
  10.000   0.8946   0.02303   0.00818   0.0283   0.0195   0.8814  73.0715 151.3018
  11.000   0.9426   0.02665   0.01007   0.0353   0.0176   0.8973  73.4289 152.2163
  12.000   0.9811   0.03125   0.01273   0.0417   0.0161   0.9232  73.7109 153.7993
  13.000   1.0032   0.04156   0.02004   0.0429   0.0147   1.0000  73.9751 160.0000
  14.000   0.9738   0.05354   0.03008   0.0446   0.0142   1.0000  74.1030 160.0000
  15.000   0.8971   0.07577   0.05095   0.0360   0.0142   1.0000  74.1009 160.0000
