  
       XFOIL         Version 6.99
  
 Calculated polar for: EPPLER 1200 AIRFOIL                             
  
 1 1 Reynolds number fixed          Mach number fixed         
  
 xtrf =   1.000 (top)        1.000 (bottom)  
 Mach =   0.000     Re =     1.000 e 6     Ncrit =   9.000  9.000
  
   alpha    CL        CD       CDp       CM     Top_Xtr  Bot_Xtr  Top_Itr  Bot_Itr
  ------ -------- --------- --------- -------- -------- -------- -------- --------
  -6.000  -0.1451   0.01098   0.00216  -0.1090   0.7367   0.0248  18.1990  94.9214
  -5.000  -0.0392   0.00998   0.00164  -0.1088   0.7291   0.0334  18.6664  96.6041
  -4.000   0.0673   0.00872   0.00124  -0.1092   0.7214   0.1580  19.1336 107.2981
  -3.000   0.1762   0.00700   0.00086  -0.1106   0.7138   0.4573  19.5994 125.3588
  -2.000   0.2929   0.00668   0.00101  -0.1121   0.7058   0.6148  20.0936 135.0231
  -1.000   0.4097   0.00671   0.00108  -0.1131   0.6943   0.6506  20.8059 137.1887
   0.000   0.5247   0.00678   0.00109  -0.1138   0.6780   0.6740  21.8173 138.5755
   1.000   0.6396   0.00686   0.00110  -0.1146   0.6637   0.6910  22.7197 139.5726
   2.000   0.7535   0.00693   0.00101  -0.1153   0.6466   0.7007  23.8068 140.1419
   3.000   0.8645   0.00704   0.00094  -0.1155   0.6220   0.7101  25.3798 140.6980
   4.000   0.9681   0.00735   0.00085  -0.1143   0.5759   0.7196  28.3482 141.2600
   5.000   1.0439   0.00855   0.00099  -0.1079   0.4666   0.7298  35.2762 141.8701
   6.000   1.0908   0.01015   0.00130  -0.0963   0.3634   0.7409  41.6728 142.5338
   7.000   1.1379   0.01193   0.00169  -0.0856   0.2934   0.7535  46.0244 143.2882
   8.000   1.1896   0.01389   0.00224  -0.0769   0.2467   0.7681  48.9696 144.1637
   9.000   1.2446   0.01612   0.00300  -0.0698   0.2134   0.7853  51.1067 145.2068
  10.000   1.2999   0.01867   0.00397  -0.0636   0.1871   0.8089  52.8372 146.6454
  12.000   1.4030   0.02464   0.00658  -0.0525   0.1405   1.0000  56.0480 160.0000
  13.000   1.4522   0.02865   0.00840  -0.0484   0.1175   1.0000  57.7476 160.0000
  14.000   1.4981   0.03321   0.01064  -0.0447   0.0986   1.0000  59.2332 160.0000
  15.000   1.5379   0.03861   0.01350  -0.0414   0.0818   1.0000  60.6695 160.0000
