  
       XFOIL         Version 6.99
  
 Calculated polar for: EPPLER E1212 AIRFOIL                            
  
 1 1 Reynolds number fixed          Mach number fixed         
  
 xtrf =   1.000 (top)        1.000 (bottom)  
 Mach =   0.000     Re =     0.500 e 6     Ncrit =   9.000  9.000
  
   alpha    CL        CD       CDp       CM     Top_Xtr  Bot_Xtr  Top_Itr  Bot_Itr
  ------ -------- --------- --------- -------- -------- -------- -------- --------
  -6.000  -0.3340   0.01211   0.00297  -0.0651   0.6302   0.1906  20.8722 118.5757
  -5.000  -0.2237   0.01180   0.00267  -0.0636   0.5841   0.2045  23.1013 119.4630
  -4.000  -0.1125   0.01151   0.00237  -0.0623   0.5428   0.2180  25.1257 120.2841
  -2.000   0.1115   0.01116   0.00194  -0.0600   0.4715   0.2456  28.7102 121.8546
  -1.000   0.2232   0.01104   0.00180  -0.0589   0.4406   0.2620  30.3043 122.7360
   0.000   0.3344   0.01104   0.00171  -0.0577   0.4115   0.2817  31.8301 123.7607
   1.000   0.4454   0.01110   0.00171  -0.0566   0.3852   0.3087  33.2328 125.1151
   2.000   0.5552   0.01115   0.00179  -0.0554   0.3612   0.3587  34.5420 127.5379
   3.000   0.6624   0.01119   0.00199  -0.0540   0.3395   0.4828  35.7491 133.3744
   4.000   0.7615   0.01096   0.00234  -0.0509   0.3198   0.7627  36.8623 146.6510
   6.000   0.9898   0.01216   0.00301  -0.0508   0.2839   1.0000  38.9643 160.0000
   7.000   1.0880   0.01302   0.00336  -0.0480   0.2691   1.0000  39.8647 160.0000
   8.000   1.1830   0.01400   0.00377  -0.0450   0.2554   1.0000  40.7198 160.0000
   9.000   1.2721   0.01515   0.00424  -0.0412   0.2427   1.0000  41.5270 160.0000
  10.000   1.3495   0.01654   0.00473  -0.0357   0.2317   1.0000  42.2458 160.0000
  11.000   1.4101   0.01823   0.00518  -0.0281   0.2211   1.0000  42.9485 160.0000
  12.000   1.4686   0.02014   0.00587  -0.0214   0.2125   1.0000  43.5375 160.0000
  13.000   1.5151   0.02316   0.00702  -0.0153   0.2037   1.0000  44.1523 160.0000
  14.000   1.5554   0.02711   0.00877  -0.0108   0.1951   1.0000  44.7651 160.0000
  15.000   1.5878   0.03239   0.01143  -0.0076   0.1868   1.0000  45.3768 160.0000
