  
       XFOIL         Version 6.99
  
 Calculated polar for: EPPLER 1210 AIRFOIL                             
  
 1 1 Reynolds number fixed          Mach number fixed         
  
 xtrf =   1.000 (top)        1.000 (bottom)  
 Mach =   0.000     Re =     1.000 e 6     Ncrit =   9.000  9.000
  
   alpha    CL        CD       CDp       CM     Top_Xtr  Bot_Xtr  Top_Itr  Bot_Itr
  ------ -------- --------- --------- -------- -------- -------- -------- --------
  -6.000  -0.1382   0.01027   0.00190  -0.0976   0.5530   0.0666  24.9595 108.1184
  -5.000  -0.0253   0.00992   0.00164  -0.0965   0.5171   0.0783  26.7698 109.8142
  -4.000   0.0880   0.00963   0.00138  -0.0954   0.4843   0.0896  28.4522 111.2352
  -3.000   0.2012   0.00946   0.00122  -0.0944   0.4537   0.1022  30.0472 112.6032
  -2.000   0.3151   0.00935   0.00110  -0.0935   0.4270   0.1157  31.4690 113.8920
  -1.000   0.4281   0.00932   0.00101  -0.0925   0.4006   0.1328  32.8950 115.2805
   0.000   0.5411   0.00934   0.00100  -0.0916   0.3774   0.1561  34.1722 116.9171
   1.000   0.6533   0.00936   0.00105  -0.0908   0.3560   0.2082  35.3811 119.9217
   2.000   0.7635   0.00922   0.00122  -0.0899   0.3362   0.3847  36.5148 128.4026
   3.000   0.8648   0.00855   0.00157  -0.0872   0.3196   0.8507  37.4901 150.7098
   7.000   1.2949   0.01102   0.00260  -0.0825   0.2627   1.0000  40.9924 160.0000
   8.000   1.3954   0.01172   0.00286  -0.0804   0.2530   1.0000  41.6291 160.0000
   9.000   1.4891   0.01262   0.00318  -0.0774   0.2423   1.0000  42.3417 160.0000
  10.000   1.5705   0.01375   0.00353  -0.0725   0.2316   1.0000  43.0611 160.0000
  11.000   1.6419   0.01485   0.00375  -0.0661   0.2231   1.0000  43.6600 160.0000
  12.000   1.7036   0.01641   0.00415  -0.0590   0.2143   1.0000  44.2818 160.0000
  13.000   1.7480   0.01900   0.00497  -0.0513   0.2042   1.0000  45.0128 160.0000
  14.000   1.7987   0.02192   0.00603  -0.0461   0.1970   1.0000  45.5498 160.0000
  15.000   1.8284   0.02692   0.00826  -0.0413   0.1889   1.0000  46.1629 160.0000
