  
       XFOIL         Version 6.99
  
 Calculated polar for: EPPLER 1230 AIRFOIL                             
  
 1 1 Reynolds number fixed          Mach number fixed         
  
 xtrf =   1.000 (top)        1.000 (bottom)  
 Mach =   0.000     Re =     0.500 e 6     Ncrit =   9.000  9.000
  
   alpha    CL        CD       CDp       CM     Top_Xtr  Bot_Xtr  Top_Itr  Bot_Itr
  ------ -------- --------- --------- -------- -------- -------- -------- --------
  -6.000  -0.2352   0.01223   0.00251  -0.0741   0.7256   0.0574  19.2346 100.7957
  -5.000  -0.1407   0.01159   0.00206  -0.0705   0.6583   0.0989  22.6990 104.9896
  -4.000  -0.0461   0.01082   0.00160  -0.0672   0.6041   0.1682  25.5045 109.5029
  -3.000   0.0363   0.00909   0.00112  -0.0621   0.5590   0.4826  27.8610 126.3266
  -2.000   0.1364   0.00923   0.00145  -0.0590   0.5183   0.6242  30.0032 134.1050
  -1.000   0.2436   0.00977   0.00173  -0.0574   0.4829   0.6623  31.8868 136.4856
   0.000   0.3504   0.01009   0.00186  -0.0559   0.4514   0.6925  33.5841 138.4847
   1.000   0.4563   0.01045   0.00196  -0.0544   0.4239   0.7203  35.0797 140.2022
   2.000   0.5649   0.01073   0.00197  -0.0538   0.4001   0.7349  36.3850 141.0974
   3.000   0.6724   0.01108   0.00202  -0.0532   0.3786   0.7481  37.5833 141.9263
   4.000   0.7786   0.01148   0.00214  -0.0525   0.3603   0.7623  38.6169 142.8016
   5.000   0.8831   0.01198   0.00233  -0.0516   0.3440   0.7798  39.5434 143.8558
   6.000   0.9845   0.01252   0.00258  -0.0503   0.3293   0.8103  40.3927 145.6618
   7.000   1.1139   0.01321   0.00314  -0.0550   0.3154   1.0000  41.2058 160.0000
   8.000   1.2033   0.01420   0.00338  -0.0517   0.3029   1.0000  41.9435 160.0000
   9.000   1.2894   0.01509   0.00366  -0.0480   0.2924   1.0000  42.5792 160.0000
  10.000   1.3720   0.01637   0.00405  -0.0441   0.2818   1.0000  43.2188 160.0000
  11.000   1.4489   0.01783   0.00439  -0.0398   0.2696   1.0000  43.9708 160.0000
  12.000   1.5192   0.01935   0.00484  -0.0350   0.2585   1.0000  44.6656 160.0000
  13.000   1.5813   0.02158   0.00554  -0.0302   0.2458   1.0000  45.4760 160.0000
  14.000   1.6337   0.02471   0.00669  -0.0258   0.2325   1.0000  46.3420 160.0000
  15.000   1.6747   0.02926   0.00870  -0.0223   0.2177   1.0000  47.3275 160.0000
