  
       XFOIL         Version 6.99
  
 Calculated polar for: E168  (12.45%)                                  
  
 1 1 Reynolds number fixed          Mach number fixed         
  
 xtrf =   1.000 (top)        1.000 (bottom)  
 Mach =   0.000     Re =     1.000 e 6     Ncrit =   9.000  9.000
  
   alpha    CL        CD       CDp       CM     Top_Xtr  Bot_Xtr  Top_Itr  Bot_Itr
  ------ -------- --------- --------- -------- -------- -------- -------- --------
  -6.000  -0.7180   0.00826   0.00121   0.0080   1.0000   0.1758   1.0000 103.9247
  -4.000  -0.4386   0.00695   0.00062  -0.0036   0.8201   0.3031  13.8156 112.7275
  -3.000  -0.3320   0.00682   0.00045  -0.0020   0.7135   0.3533  20.8907 116.1324
  -2.000  -0.2224   0.00670   0.00034  -0.0011   0.6337   0.4036  26.1654 119.5177
  -1.000  -0.1113   0.00663   0.00028  -0.0005   0.5666   0.4540  30.6103 122.8949
   0.000   0.0000   0.00660   0.00026  -0.0000   0.5074   0.5074  34.5435 126.4566
   1.000   0.1113   0.00663   0.00028   0.0005   0.4540   0.5666  38.1051 130.3901
   2.000   0.2224   0.00670   0.00034   0.0011   0.4036   0.6337  41.4823 134.8346
   3.000   0.3320   0.00682   0.00045   0.0020   0.3533   0.7135  44.8676 140.1092
   4.000   0.4386   0.00695   0.00062   0.0036   0.3031   0.8201  48.2725 147.1844
   5.000   0.5689   0.00729   0.00089   0.0002   0.2487   0.9732  51.9905 157.5110
   6.000   0.7180   0.00826   0.00121  -0.0080   0.1758   1.0000  57.0752 160.0000
   7.000   0.8097   0.00954   0.00180  -0.0043   0.1049   1.0000  62.2501 160.0000
   8.000   0.8987   0.01125   0.00273  -0.0003   0.0481   1.0000  66.9324 160.0000
   9.000   0.9861   0.01313   0.00384   0.0038   0.0228   1.0000  70.0028 160.0000
  10.000   1.0738   0.01494   0.00500   0.0076   0.0168   1.0000  71.1922 160.0000
  11.000   1.1553   0.01711   0.00639   0.0118   0.0124   1.0000  72.3043 160.0000
  12.000   1.2219   0.01995   0.00819   0.0175   0.0096   1.0000  73.1746 160.0000
  13.000   1.2625   0.02298   0.00993   0.0264   0.0081   1.0000  73.7037 160.0000
  14.000   1.2461   0.03107   0.01539   0.0328   0.0072   1.0000  74.0281 160.0000
  15.000   1.2415   0.04320   0.02485   0.0289   0.0068   1.0000  74.1864 160.0000
