  
       XFOIL         Version 6.99
  
 Calculated polar for: (Dicke 12.28%)                                  
  
 1 1 Reynolds number fixed          Mach number fixed         
  
 xtrf =   1.000 (top)        1.000 (bottom)  
 Mach =   0.000     Re =     0.500 e 6     Ncrit =   9.000  9.000
  
   alpha    CL        CD       CDp       CM     Top_Xtr  Bot_Xtr  Top_Itr  Bot_Itr
  ------ -------- --------- --------- -------- -------- -------- -------- --------
  -6.000  -0.6794   0.01125   0.00201   0.0041   0.9921   0.0915   1.9500  94.6153
  -5.000  -0.5413   0.00841   0.00097  -0.0039   0.9386   0.3330   5.9786 112.1218
  -4.000  -0.4354   0.00747   0.00086  -0.0029   0.8449   0.5194  12.5926 125.4374
  -3.000  -0.3299   0.00746   0.00091  -0.0014   0.7861   0.5773  16.7413 129.5448
  -2.000  -0.2211   0.00746   0.00094  -0.0006   0.7441   0.6163  19.6986 132.3012
  -1.000  -0.1110   0.00749   0.00096  -0.0002   0.7110   0.6496  22.0310 134.6526
   0.000  -0.0000   0.00749   0.00097   0.0000   0.6812   0.6812  24.1263 136.8737
   1.000   0.1110   0.00749   0.00096   0.0002   0.6496   0.7110  26.3474 138.9689
   2.000   0.2211   0.00746   0.00094   0.0006   0.6163   0.7441  28.6988 141.3013
   3.000   0.3299   0.00746   0.00091   0.0014   0.5773   0.7861  31.4552 144.2587
   4.000   0.4354   0.00747   0.00086   0.0029   0.5194   0.8449  35.5628 148.4075
   5.000   0.5413   0.00841   0.00097   0.0039   0.3330   0.9386  48.8787 155.0219
   6.000   0.6794   0.01125   0.00201  -0.0041   0.0915   0.9921  66.3870 159.0516
   7.000   0.7717   0.01399   0.00338  -0.0023   0.0251   1.0000  71.9924 160.0000
   8.000   0.8405   0.01646   0.00474   0.0048   0.0155   1.0000  73.4099 160.0000
   9.000   0.8940   0.02057   0.00706   0.0135   0.0117   1.0000  74.1375 160.0000
  10.000   0.9483   0.02524   0.01006   0.0211   0.0099   1.0000  74.5448 160.0000
  11.000   0.9761   0.03003   0.01318   0.0307   0.0084   1.0000  74.8713 160.0000
  12.000   0.9532   0.04146   0.02184   0.0384   0.0080   1.0000  74.9710 160.0000
  13.000   0.9022   0.05717   0.03566   0.0369   0.0080   1.0000  74.9762 160.0000
  14.000   0.8460   0.07881   0.05680   0.0252   0.0081   1.0000  74.9543 160.0000
