  
       XFOIL         Version 6.99
  
 Calculated polar for: E174  (Dicke 8.92%)                             
  
 1 1 Reynolds number fixed          Mach number fixed         
  
 xtrf =   1.000 (top)        1.000 (bottom)  
 Mach =   0.000     Re =     1.000 e 6     Ncrit =   9.000  9.000
  
   alpha    CL        CD       CDp       CM     Top_Xtr  Bot_Xtr  Top_Itr  Bot_Itr
  ------ -------- --------- --------- -------- -------- -------- -------- --------
  -4.000  -0.0425   0.01216   0.00402  -0.0820   0.7027   0.0106  22.3130  88.7105
  -1.000   0.2912   0.00687   0.00021  -0.0814   0.6274   0.2144  27.5012 105.6025
   0.000   0.3984   0.00547   0.00034  -0.0811   0.6063   0.7612  28.9610 142.7089
   1.000   0.5135   0.00513   0.00037  -0.0813   0.5853   1.0000  30.4206 160.0000
   2.000   0.6253   0.00540   0.00042  -0.0813   0.5605   1.0000  32.1482 160.0000
   3.000   0.7368   0.00569   0.00048  -0.0814   0.5311   1.0000  34.2101 160.0000
   4.000   0.8470   0.00610   0.00055  -0.0813   0.4879   1.0000  37.2569 160.0000
   5.000   0.9524   0.00704   0.00075  -0.0806   0.3827   1.0000  44.7162 160.0000
   6.000   1.0395   0.01014   0.00201  -0.0778   0.1227   1.0000  63.5666 160.0000
   7.000   1.1255   0.01301   0.00334  -0.0745   0.0110   1.0000  74.9045 160.0000
   8.000   1.2158   0.01500   0.00439  -0.0715   0.0091   1.0000  75.4241 160.0000
   9.000   1.2915   0.01782   0.00602  -0.0667   0.0081   1.0000  75.7002 160.0000
  10.000   1.3246   0.02233   0.00861  -0.0558   0.0074   1.0000  75.9110 160.0000
  11.000   1.3384   0.02897   0.01267  -0.0452   0.0070   1.0000  76.0360 160.0000
  12.000   1.3689   0.03549   0.01727  -0.0396   0.0068   1.0000  76.1373 160.0000
  13.000   1.3814   0.04520   0.02449  -0.0354   0.0067   1.0000  76.1762 160.0000
  14.000   1.3637   0.05927   0.03609  -0.0346   0.0066   1.0000  76.1943 160.0000
  15.000   1.3145   0.08001   0.05497  -0.0402   0.0067   1.0000  76.1853 160.0000
