  
       XFOIL         Version 6.99
  
 Calculated polar for: E176  (8.83%)                                   
  
 1 1 Reynolds number fixed          Mach number fixed         
  
 xtrf =   1.000 (top)        1.000 (bottom)  
 Mach =   0.000     Re =     0.500 e 6     Ncrit =   9.000  9.000
  
   alpha    CL        CD       CDp       CM     Top_Xtr  Bot_Xtr  Top_Itr  Bot_Itr
  ------ -------- --------- --------- -------- -------- -------- -------- --------
  -6.000  -0.2875   0.04083   0.02902  -0.0655   0.8573   0.0253  11.8374  89.9981
  -5.000  -0.2117   0.03114   0.01956  -0.0659   0.7975   0.0344  16.0885  90.9835
  -4.000  -0.1201   0.01472   0.00564  -0.0642   0.7589   0.0206  18.8214  89.3956
  -3.000  -0.0127   0.01093   0.00216  -0.0626   0.7270   0.0207  21.0786  89.4113
  -2.000   0.0974   0.00957   0.00100  -0.0619   0.6995   0.0247  23.0307  89.9224
  -1.000   0.2055   0.00777   0.00069  -0.0618   0.6747   0.4000  24.7960 117.1723
   0.000   0.3288   0.00626   0.00075  -0.0638   0.6518   1.0000  26.4278 160.0000
   1.000   0.4367   0.00657   0.00076  -0.0629   0.6298   1.0000  27.9923 160.0000
   2.000   0.5462   0.00683   0.00084  -0.0624   0.6054   1.0000  29.7323 160.0000
   3.000   0.6556   0.00713   0.00087  -0.0619   0.5760   1.0000  31.8309 160.0000
   4.000   0.7649   0.00745   0.00091  -0.0614   0.5421   1.0000  34.2723 160.0000
   5.000   0.8713   0.00794   0.00085  -0.0606   0.4685   1.0000  39.5766 160.0000
   6.000   0.9608   0.01059   0.00160  -0.0580   0.2125   1.0000  58.1653 160.0000
   7.000   1.0364   0.01481   0.00332  -0.0538   0.0129   1.0000  75.0474 160.0000
   8.000   1.1178   0.01773   0.00473  -0.0496   0.0101   1.0000  75.6461 160.0000
   9.000   1.1720   0.02229   0.00719  -0.0420   0.0093   1.0000  75.8261 160.0000
  10.000   1.2064   0.02916   0.01100  -0.0326   0.0087   1.0000  75.9626 160.0000
  11.000   1.2534   0.03670   0.01586  -0.0264   0.0089   1.0000  75.9158 160.0000
