  
       XFOIL         Version 6.99
  
 Calculated polar for: E176  (8.83%)                                   
  
 1 1 Reynolds number fixed          Mach number fixed         
  
 xtrf =   1.000 (top)        1.000 (bottom)  
 Mach =   0.000     Re =     1.000 e 6     Ncrit =   9.000  9.000
  
   alpha    CL        CD       CDp       CM     Top_Xtr  Bot_Xtr  Top_Itr  Bot_Itr
  ------ -------- --------- --------- -------- -------- -------- -------- --------
  -6.000  -0.3158   0.03113   0.02393  -0.0643   0.7773   0.0133  17.5188  88.3116
  -5.000  -0.2214   0.02369   0.01390  -0.0639   0.7341   0.0175  20.5768  88.9874
  -4.000  -0.1251   0.01204   0.00403  -0.0623   0.7027   0.0138  22.8029  88.3890
  -3.000  -0.0164   0.00916   0.00150  -0.0613   0.6758   0.0146  24.7171  88.5206
  -2.000   0.0951   0.00809   0.00059  -0.0610   0.6525   0.0166  26.3740  88.8423
  -1.000   0.2068   0.00718   0.00018  -0.0609   0.6310   0.1329  27.9047  98.3558
   0.000   0.3136   0.00554   0.00023  -0.0608   0.6105   0.6892  29.3681 137.4741
   1.000   0.4362   0.00498   0.00026  -0.0627   0.5888   1.0000  30.9165 160.0000
   2.000   0.5461   0.00521   0.00028  -0.0622   0.5617   1.0000  32.8589 160.0000
   3.000   0.6565   0.00549   0.00032  -0.0620   0.5313   1.0000  35.0498 160.0000
   4.000   0.7665   0.00587   0.00039  -0.0618   0.4906   1.0000  37.9837 160.0000
   5.000   0.8679   0.00738   0.00075  -0.0606   0.3068   1.0000  51.3031 160.0000
   6.000   0.9519   0.01112   0.00234  -0.0577   0.0179   1.0000  74.0757 160.0000
   7.000   1.0490   0.01285   0.00309  -0.0556   0.0074   1.0000  76.3396 160.0000
   8.000   1.1358   0.01539   0.00441  -0.0522   0.0060   1.0000  76.7080 160.0000
   9.000   1.1754   0.01085   0.00353  -0.0443   0.0055   1.0000  76.8650 160.0000
  10.000   1.1972   0.01637   0.00622  -0.0334   0.0052   1.0000  76.9349 160.0000
  11.000   1.2207   0.02576   0.01085  -0.0258   0.0052   1.0000  76.9542 160.0000
  13.000   1.1288   0.06470   0.03409  -0.0204   0.0076   1.0000  76.2655 160.0000
  14.000   1.0411   0.09639   0.05801  -0.0331   0.0079   1.0000  76.1864 160.0000
