  
       XFOIL         Version 6.99
  
 Calculated polar for: E178  (8.69%)                                   
  
 1 1 Reynolds number fixed          Mach number fixed         
  
 xtrf =   1.000 (top)        1.000 (bottom)  
 Mach =   0.000     Re =     1.000 e 6     Ncrit =   9.000  9.000
  
   alpha    CL        CD       CDp       CM     Top_Xtr  Bot_Xtr  Top_Itr  Bot_Itr
  ------ -------- --------- --------- -------- -------- -------- -------- --------
  -6.000  -0.4205   0.01632   0.00803  -0.0436   0.7805   0.0087  17.5895  86.3015
  -5.000  -0.3149   0.01401   0.00543  -0.0427   0.7387   0.0123  20.6449  86.9119
  -3.000  -0.1007   0.00902   0.00119  -0.0409   0.6799   0.0201  24.9333  87.9658
  -2.000   0.0104   0.00798   0.00039  -0.0404   0.6564   0.0225  26.6438  88.2187
  -1.000   0.1209   0.00697   0.00009  -0.0403   0.6352   0.1968  28.1927 101.4413
   0.000   0.2280   0.00563   0.00009  -0.0400   0.6143   0.6306  29.7257 132.7955
   1.000   0.3673   0.00483   0.00014  -0.0456   0.5909   1.0000  31.4417 160.0000
   2.000   0.4737   0.00503   0.00014  -0.0445   0.5623   1.0000  33.5384 160.0000
   3.000   0.5810   0.00531   0.00016  -0.0435   0.5291   1.0000  35.9831 160.0000
   4.000   0.6892   0.00568   0.00021  -0.0429   0.4842   1.0000  39.2875 160.0000
   5.000   0.7950   0.00652   0.00038  -0.0422   0.3810   1.0000  46.8987 160.0000
   6.000   0.8871   0.00945   0.00148  -0.0404   0.1107   1.0000  67.0329 160.0000
   7.000   0.9781   0.01219   0.00261  -0.0380   0.0064   1.0000  77.0622 160.0000
   8.000   1.0703   0.01439   0.00366  -0.0355   0.0048   1.0000  77.5436 160.0000
   9.000   1.1352   0.01902   0.00600  -0.0294   0.0035   1.0000  77.9100 160.0000
  10.000   1.1829   0.02492   0.00933  -0.0216   0.0036   1.0000  77.9053 160.0000
