  
       XFOIL         Version 6.99
  
 Calculated polar for: E180  (8.59%)                                   
  
 1 1 Reynolds number fixed          Mach number fixed         
  
 xtrf =   1.000 (top)        1.000 (bottom)  
 Mach =   0.000     Re =     1.000 e 6     Ncrit =   9.000  9.000
  
   alpha    CL        CD       CDp       CM     Top_Xtr  Bot_Xtr  Top_Itr  Bot_Itr
  ------ -------- --------- --------- -------- -------- -------- -------- --------
  -5.000  -0.3959   0.01699   0.00731  -0.0244   0.7424   0.0085  20.2319  86.7447
  -4.000  -0.2951   0.01048   0.00202  -0.0213   0.7120   0.0078  22.4076  86.5747
  -3.000  -0.1868   0.00882   0.00080  -0.0202   0.6858   0.0100  24.2754  87.0851
  -2.000  -0.0778   0.00749   0.00028  -0.0196   0.6624   0.1116  25.9460  96.2647
  -1.000   0.0287   0.00602   0.00013  -0.0191   0.6406   0.4718  27.5079 121.9290
   0.000   0.1413   0.00463   0.00021  -0.0189   0.6194   0.9601  29.0259 156.5047
   1.000   0.3026   0.00479   0.00017  -0.0298   0.5931   1.0000  30.9122 160.0000
   2.000   0.4075   0.00494   0.00016  -0.0283   0.5629   1.0000  33.0918 160.0000
   3.000   0.5134   0.00518   0.00017  -0.0271   0.5202   1.0000  36.1786 160.0000
   4.000   0.6183   0.00580   0.00023  -0.0259   0.4234   1.0000  43.2075 160.0000
   5.000   0.7141   0.00827   0.00106  -0.0245   0.1391   1.0000  64.0067 160.0000
   6.000   0.8095   0.01048   0.00204  -0.0226   0.0153   1.0000  74.7232 160.0000
   7.000   0.9067   0.01224   0.00301  -0.0205   0.0126   1.0000  75.1560 160.0000
   8.000   0.9961   0.01480   0.00460  -0.0176   0.0115   1.0000  75.3717 160.0000
   9.000   1.0747   0.01821   0.00682  -0.0137   0.0095   1.0000  75.7512 160.0000
  10.000   1.1031   0.01565   0.00775  -0.0066   0.0078   1.0000  76.1242 160.0000
  11.000   1.1353   0.01969   0.01026   0.0012   0.0066   1.0000  76.4796 160.0000
  12.000   1.1420   0.02525   0.01366   0.0063   0.0057   1.0000  76.7551 160.0000
  13.000   1.1012   0.04119   0.02287   0.0071   0.0050   1.0000  76.9637 160.0000
  14.000   1.0342   0.06719   0.03973  -0.0001   0.0048   1.0000  77.0371 160.0000
