  
       XFOIL         Version 6.99
  
 Calculated polar for: E186  (10.27%)                                  
  
 1 1 Reynolds number fixed          Mach number fixed         
  
 xtrf =   1.000 (top)        1.000 (bottom)  
 Mach =   0.000     Re =     0.500 e 6     Ncrit =   9.000  9.000
  
   alpha    CL        CD       CDp       CM     Top_Xtr  Bot_Xtr  Top_Itr  Bot_Itr
  ------ -------- --------- --------- -------- -------- -------- -------- --------
  -6.000  -0.6813   0.02160   0.00962   0.0252   0.7530   0.0207  19.3718  88.7467
  -5.000  -0.5839   0.01602   0.00486   0.0288   0.7056   0.0212  22.7364  88.8099
  -4.000  -0.4851   0.01297   0.00255   0.0319   0.6710   0.0224  25.1972  88.9744
  -3.000  -0.3835   0.01113   0.00138   0.0345   0.6426   0.0285  27.2084  89.6585
  -2.000  -0.2865   0.00900   0.00081   0.0370   0.6182   0.3163  28.9319 110.8396
  -1.000  -0.1848   0.00653   0.00076   0.0393   0.5957   0.8811  30.5216 150.6420
   0.000   0.0198   0.00781   0.00156   0.0209   0.5720   0.9724  32.1989 157.3854
   1.000   0.1822   0.00811   0.00152   0.0103   0.5491   0.9922  33.8190 159.0357
   2.000   0.3183   0.00786   0.00124   0.0046   0.5256   1.0000  35.4884 160.0000
   3.000   0.4188   0.00786   0.00112   0.0065   0.4983   1.0000  37.4349 160.0000
   4.000   0.5211   0.00794   0.00102   0.0081   0.4651   1.0000  39.8099 160.0000
   5.000   0.6246   0.00817   0.00092   0.0095   0.4091   1.0000  43.8374 160.0000
   6.000   0.7262   0.00981   0.00128   0.0098   0.2129   1.0000  58.0381 160.0000
   7.000   0.8188   0.01363   0.00292   0.0102   0.0157   1.0000  74.0832 160.0000
   8.000   0.9053   0.01676   0.00457   0.0128   0.0104   1.0000  75.1796 160.0000
   9.000   0.9716   0.02116   0.00714   0.0176   0.0090   1.0000  75.4995 160.0000
  10.000   1.0135   0.02716   0.01076   0.0255   0.0087   1.0000  75.5600 160.0000
  11.000   1.0186   0.03616   0.01681   0.0359   0.0096   1.0000  75.3639 160.0000
  12.000   0.9859   0.04879   0.02700   0.0395   0.0101   1.0000  75.2514 160.0000
  13.000   0.9273   0.06741   0.04414   0.0337   0.0104   1.0000  75.1673 160.0000
