  
       XFOIL         Version 6.99
  
 Calculated polar for: E186  (10.27%)                                  
  
 1 1 Reynolds number fixed          Mach number fixed         
  
 xtrf =   1.000 (top)        1.000 (bottom)  
 Mach =   0.000     Re =     1.000 e 6     Ncrit =   9.000  9.000
  
   alpha    CL        CD       CDp       CM     Top_Xtr  Bot_Xtr  Top_Itr  Bot_Itr
  ------ -------- --------- --------- -------- -------- -------- -------- --------
  -6.000  -0.6984   0.01684   0.00664   0.0297   0.6851   0.0135  24.1972  87.6738
  -5.000  -0.5992   0.01344   0.00377   0.0325   0.6485   0.0144  26.7897  87.8424
  -4.000  -0.4978   0.01134   0.00213   0.0349   0.6202   0.0152  28.7874  87.9853
  -3.000  -0.3952   0.00960   0.00103   0.0373   0.5967   0.0186  30.4470  88.4545
  -2.000  -0.2873   0.00880   0.00060   0.0383   0.5754   0.0496  31.9583  91.5481
  -1.000  -0.1902   0.00684   0.00024   0.0407   0.5560   0.4303  33.3292 118.8655
   0.000  -0.0441   0.00521   0.00040   0.0334   0.5356   0.9433  34.7752 155.1349
   1.000   0.0953   0.00586   0.00075   0.0281   0.5154   0.9729  36.2149 157.4241
   2.000   0.2429   0.00626   0.00082   0.0205   0.4904   0.9848  37.9980 158.3965
   3.000   0.3910   0.00637   0.00070   0.0125   0.4597   0.9944  40.2002 159.3074
   4.000   0.5257   0.00639   0.00052   0.0072   0.4205   1.0000  43.0172 160.0000
   5.000   0.6286   0.00706   0.00059   0.0082   0.3073   1.0000  51.1886 160.0000
   6.000   0.7298   0.00942   0.00156   0.0080   0.0820   1.0000  67.7991 160.0000
   7.000   0.8279   0.01177   0.00263   0.0089   0.0074   1.0000  75.8775 160.0000
   8.000   0.9211   0.01402   0.00388   0.0109   0.0061   1.0000  76.2506 160.0000
   9.000   1.0002   0.01749   0.00596   0.0143   0.0053   1.0000  76.5376 160.0000
  10.000   1.0563   0.02220   0.00891   0.0202   0.0050   1.0000  76.6407 160.0000
  11.000   1.0736   0.02760   0.01243   0.0298   0.0047   1.0000  76.7331 160.0000
  12.000   1.0644   0.03648   0.01888   0.0358   0.0048   1.0000  76.6904 160.0000
  13.000   1.0226   0.05212   0.03188   0.0354   0.0053   1.0000  76.5405 160.0000
  14.000   0.9471   0.07578   0.05423   0.0256   0.0057   1.0000  76.3955 160.0000
  15.000   0.8636   0.10935   0.08927   0.0069   0.0060   1.0000  76.3020 160.0000
