  
       XFOIL         Version 6.99
  
 Calculated polar for: E193  (10.22%)                                  
  
 1 1 Reynolds number fixed          Mach number fixed         
  
 xtrf =   1.000 (top)        1.000 (bottom)  
 Mach =   0.000     Re =     0.500 e 6     Ncrit =   9.000  9.000
  
   alpha    CL        CD       CDp       CM     Top_Xtr  Bot_Xtr  Top_Itr  Bot_Itr
  ------ -------- --------- --------- -------- -------- -------- -------- --------
  -6.000  -0.2313   0.01936   0.01889  -0.0838   0.8452   0.0312  12.5469  93.2695
  -5.000  -0.1533   0.01524   0.00531  -0.0829   0.8109   0.0175  14.8613  91.0268
  -4.000  -0.0546   0.01143   0.00232  -0.0802   0.7630   0.0184  18.0818  91.1977
  -3.000   0.0507   0.00993   0.00118  -0.0787   0.7258   0.0240  20.5866  92.2182
  -2.000   0.1561   0.00854   0.00080  -0.0778   0.6960   0.2253  22.6036 107.5353
  -1.000   0.2575   0.00721   0.00085  -0.0763   0.6704   0.6425  24.3288 135.2095
   0.000   0.4110   0.00664   0.00087  -0.0843   0.6469   0.9974  25.9211 159.6364
   1.000   0.5173   0.00688   0.00093  -0.0834   0.6243   1.0000  27.4502 160.0000
   2.000   0.6192   0.00723   0.00102  -0.0814   0.6025   1.0000  28.9277 160.0000
   3.000   0.7219   0.00755   0.00111  -0.0796   0.5765   1.0000  30.7019 160.0000
   4.000   0.8251   0.00791   0.00115  -0.0779   0.5461   1.0000  32.7860 160.0000
   5.000   0.9280   0.00831   0.00120  -0.0763   0.5075   1.0000  35.4461 160.0000
   6.000   1.0245   0.00908   0.00120  -0.0736   0.4216   1.0000  41.4234 160.0000
   7.000   1.0943   0.01207   0.00221  -0.0673   0.1953   1.0000  57.4040 160.0000
   8.000   1.1438   0.01629   0.00401  -0.0583   0.0207   1.0000  72.2268 160.0000
   9.000   1.1952   0.01926   0.00532  -0.0490   0.0129   1.0000  73.9525 160.0000
  10.000   1.2254   0.02314   0.00741  -0.0383   0.0118   1.0000  74.2831 160.0000
  11.000   1.2431   0.02906   0.01112  -0.0298   0.0110   1.0000  74.5142 160.0000
  12.000   1.2609   0.03652   0.01615  -0.0242   0.0104   1.0000  74.6850 160.0000
  13.000   1.2829   0.04494   0.02189  -0.0201   0.0097   1.0000  74.8830 160.0000
  14.000   1.3019   0.05513   0.02929  -0.0174   0.0096   1.0000  74.9039 160.0000
  15.000   1.2882   0.06952   0.04149  -0.0180   0.0098   1.0000  74.8522 160.0000
