  
       XFOIL         Version 6.99
  
 Calculated polar for: E195  (11.82%)                                  
  
 1 1 Reynolds number fixed          Mach number fixed         
  
 xtrf =   1.000 (top)        1.000 (bottom)  
 Mach =   0.000     Re =     1.000 e 6     Ncrit =   9.000  9.000
  
   alpha    CL        CD       CDp       CM     Top_Xtr  Bot_Xtr  Top_Itr  Bot_Itr
  ------ -------- --------- --------- -------- -------- -------- -------- --------
  -6.000  -0.3051   0.01249   0.00371  -0.0735   0.7407   0.0135  19.5623  89.7451
  -4.000  -0.0988   0.00914   0.00108  -0.0705   0.6774   0.0170  23.8663  90.4730
  -3.000   0.0096   0.00819   0.00056  -0.0699   0.6545   0.0677  25.4243  96.0056
  -2.000   0.1167   0.00715   0.00033  -0.0696   0.6342   0.2693  26.8087 110.0964
  -1.000   0.2248   0.00642   0.00032  -0.0693   0.6157   0.5000  28.0731 125.6361
   0.000   0.3337   0.00599   0.00039  -0.0688   0.5980   0.6739  29.2835 137.2510
   1.000   0.4364   0.00553   0.00051  -0.0666   0.5804   0.8917  30.4903 151.8490
   2.000   0.5804   0.00570   0.00054  -0.0733   0.5602   0.9909  31.8821 158.8910
   3.000   0.7120   0.00591   0.00054  -0.0780   0.5343   1.0000  33.6748 160.0000
   4.000   0.8113   0.00622   0.00059  -0.0756   0.5053   1.0000  35.6958 160.0000
   5.000   0.9101   0.00669   0.00065  -0.0732   0.4604   1.0000  38.8299 160.0000
   6.000   0.9999   0.00793   0.00095  -0.0696   0.3406   1.0000  47.2321 160.0000
   7.000   1.0717   0.01059   0.00201  -0.0635   0.1536   1.0000  60.5684 160.0000
   8.000   1.1288   0.01380   0.00341  -0.0552   0.0183   1.0000  72.6622 160.0000
   9.000   1.1897   0.01590   0.00423  -0.0471   0.0082   1.0000  75.2924 160.0000
  10.000   1.2314   0.01852   0.00536  -0.0368   0.0069   1.0000  75.7478 160.0000
  11.000   1.2514   0.02318   0.00789  -0.0267   0.0061   1.0000  76.0609 160.0000
  12.000   1.2736   0.02908   0.01161  -0.0204   0.0058   1.0000  76.2014 160.0000
  13.000   1.2864   0.03690   0.01701  -0.0161   0.0055   1.0000  76.3230 160.0000
  14.000   1.2931   0.04628   0.02393  -0.0136   0.0053   1.0000  76.4309 160.0000
  15.000   1.2953   0.05732   0.03254  -0.0132   0.0050   1.0000  76.5341 160.0000
