  
       XFOIL         Version 6.99
  
 Calculated polar for: E195  (11.82%)                                  
  
 1 1 Reynolds number fixed          Mach number fixed         
  
 xtrf =   1.000 (top)        1.000 (bottom)  
 Mach =   0.000     Re =     0.500 e 6     Ncrit =   9.000  9.000
  
   alpha    CL        CD       CDp       CM     Top_Xtr  Bot_Xtr  Top_Itr  Bot_Itr
  ------ -------- --------- --------- -------- -------- -------- -------- --------
  -5.000  -0.1971   0.01218   0.00262  -0.0735   0.7628   0.0212  18.0575  91.2508
  -3.000   0.0100   0.00919   0.00096  -0.0708   0.7014   0.1780  22.2336 103.8684
  -2.000   0.1143   0.00806   0.00087  -0.0700   0.6778   0.4530  23.8379 122.4963
  -1.000   0.2198   0.00752   0.00097  -0.0688   0.6568   0.6547  25.2706 135.9679
   0.000   0.3212   0.00704   0.00112  -0.0659   0.6370   0.8656  26.6193 150.0962
   1.000   0.4777   0.00723   0.00113  -0.0749   0.6176   0.9875  27.9416 158.5898
   2.000   0.6064   0.00744   0.00116  -0.0791   0.5977   1.0000  29.3045 160.0000
   3.000   0.7046   0.00774   0.00122  -0.0766   0.5755   1.0000  30.8259 160.0000
   4.000   0.8039   0.00804   0.00126  -0.0741   0.5486   1.0000  32.6845 160.0000
   5.000   0.9035   0.00842   0.00126  -0.0718   0.5162   1.0000  34.9320 160.0000
   6.000   1.0002   0.00896   0.00122  -0.0691   0.4581   1.0000  38.9872 160.0000
   7.000   1.0803   0.01068   0.00158  -0.0640   0.3092   1.0000  49.4473 160.0000
   8.000   1.1325   0.01422   0.00303  -0.0552   0.1214   1.0000  62.9580 160.0000
   9.000   1.1549   0.01821   0.00462  -0.0417   0.0171   1.0000  72.8891 160.0000
  10.000   1.1871   0.02190   0.00633  -0.0316   0.0120   1.0000  74.1193 160.0000
  11.000   1.2108   0.02720   0.00946  -0.0239   0.0106   1.0000  74.5227 160.0000
  12.000   1.2215   0.03486   0.01457  -0.0185   0.0097   1.0000  74.7875 160.0000
  13.000   1.2197   0.04481   0.02154  -0.0143   0.0090   1.0000  75.0205 160.0000
  14.000   1.2371   0.05389   0.02820  -0.0122   0.0087   1.0000  75.1094 160.0000
  15.000   1.2461   0.06511   0.03696  -0.0117   0.0085   1.0000  75.1708 160.0000
