  
       XFOIL         Version 6.99
  
 Calculated polar for: E197  (13.49%)                                  
  
 1 1 Reynolds number fixed          Mach number fixed         
  
 xtrf =   1.000 (top)        1.000 (bottom)  
 Mach =   0.000     Re =     0.500 e 6     Ncrit =   9.000  9.000
  
   alpha    CL        CD       CDp       CM     Top_Xtr  Bot_Xtr  Top_Itr  Bot_Itr
  ------ -------- --------- --------- -------- -------- -------- -------- --------
  -6.000  -0.3398   0.01294   0.00288  -0.0664   0.7577   0.0259  18.3021  91.8240
  -5.000  -0.2400   0.01140   0.00182  -0.0644   0.7261   0.0353  20.4480  92.9937
  -4.000  -0.1405   0.00963   0.00114  -0.0630   0.7015   0.2005  22.1217 105.3482
  -3.000  -0.0366   0.00853   0.00099  -0.0621   0.6800   0.4144  23.5848 119.9528
  -2.000   0.0725   0.00827   0.00107  -0.0617   0.6613   0.5271  24.8597 127.5163
  -1.000   0.1833   0.00817   0.00111  -0.0615   0.6439   0.5954  26.0417 132.0787
   0.000   0.2929   0.00801   0.00119  -0.0611   0.6270   0.6774  27.1922 137.5623
   1.000   0.3990   0.00778   0.00134  -0.0597   0.6105   0.8045  28.3245 146.0799
   2.000   0.5178   0.00778   0.00149  -0.0605   0.5935   0.9534  29.4886 156.0752
   3.000   0.6791   0.00804   0.00145  -0.0713   0.5740   0.9944  30.8243 159.3346
   4.000   0.7901   0.00825   0.00142  -0.0718   0.5494   1.0000  32.5207 160.0000
   5.000   0.8845   0.00855   0.00140  -0.0686   0.5212   1.0000  34.4763 160.0000
   6.000   0.9785   0.00898   0.00136  -0.0653   0.4839   1.0000  37.0748 160.0000
   7.000   1.0669   0.00978   0.00139  -0.0612   0.4116   1.0000  42.1216 160.0000
   8.000   1.1224   0.01249   0.00222  -0.0524   0.2351   1.0000  54.5298 160.0000
   9.000   1.1546   0.01567   0.00343  -0.0401   0.1145   1.0000  63.2785 160.0000
  10.000   1.1771   0.01921   0.00490  -0.0282   0.0524   1.0000  68.3268 160.0000
  11.000   1.1819   0.02528   0.00805  -0.0184   0.0146   1.0000  73.1809 160.0000
  12.000   1.1964   0.03228   0.01237  -0.0128   0.0112   1.0000  74.0739 160.0000
  13.000   1.2092   0.04037   0.01792  -0.0093   0.0099   1.0000  74.4843 160.0000
  14.000   1.2110   0.05045   0.02542  -0.0075   0.0087   1.0000  74.8472 160.0000
  15.000   1.2033   0.06276   0.03494  -0.0072   0.0082   1.0000  75.0390 160.0000
