  
       XFOIL         Version 6.99
  
 Calculated polar for: E203  (13.64%)                                  
  
 1 1 Reynolds number fixed          Mach number fixed         
  
 xtrf =   1.000 (top)        1.000 (bottom)  
 Mach =   0.000     Re =     1.000 e 6     Ncrit =   9.000  9.000
  
   alpha    CL        CD       CDp       CM     Top_Xtr  Bot_Xtr  Top_Itr  Bot_Itr
  ------ -------- --------- --------- -------- -------- -------- -------- --------
  -6.000  -0.2995   0.00980   0.00164  -0.0838   0.7940   0.0202  15.9500  90.8585
  -5.000  -0.1977   0.00859   0.00093  -0.0824   0.7426   0.0780  19.4183  96.6824
  -4.000  -0.0933   0.00749   0.00048  -0.0818   0.7039   0.2235  22.0268 106.9540
  -3.000   0.0144   0.00668   0.00032  -0.0816   0.6733   0.3993  24.0927 118.9716
  -2.000   0.1267   0.00661   0.00036  -0.0818   0.6475   0.4601  25.8361 123.0507
  -1.000   0.2398   0.00661   0.00038  -0.0821   0.6250   0.4922  27.3559 125.1864
   0.000   0.3525   0.00664   0.00040  -0.0823   0.6038   0.5237  28.7873 127.2763
   1.000   0.4649   0.00669   0.00044  -0.0825   0.5838   0.5612  30.1491 129.7601
   2.000   0.5767   0.00673   0.00048  -0.0827   0.5612   0.6090  31.6856 132.9363
   3.000   0.6868   0.00677   0.00054  -0.0825   0.5347   0.6812  33.4948 137.7446
   4.000   0.7936   0.00680   0.00064  -0.0816   0.5037   0.7964  35.6126 145.4364
   5.000   0.9055   0.00687   0.00072  -0.0816   0.4619   1.0000  38.4854 160.0000
   6.000   1.0023   0.00783   0.00089  -0.0792   0.3729   1.0000  44.6330 160.0000
   7.000   1.0747   0.01035   0.00180  -0.0730   0.1878   1.0000  57.5839 160.0000
   8.000   1.1432   0.01269   0.00276  -0.0662   0.0803   1.0000  65.5583 160.0000
   9.000   1.1933   0.01506   0.00368  -0.0561   0.0241   1.0000  71.0449 160.0000
  10.000   1.2337   0.01784   0.00483  -0.0454   0.0083   1.0000  74.7371 160.0000
  11.000   1.2733   0.02114   0.00646  -0.0365   0.0069   1.0000  75.2301 160.0000
  12.000   1.3042   0.02573   0.00912  -0.0291   0.0062   1.0000  75.5475 160.0000
  13.000   1.3182   0.03271   0.01366  -0.0233   0.0054   1.0000  75.8480 160.0000
  14.000   1.3093   0.04316   0.02117  -0.0195   0.0050   1.0000  76.0332 160.0000
  15.000   1.3143   0.05370   0.02926  -0.0188   0.0049   1.0000  76.1247 160.0000
