  
       XFOIL         Version 6.99
  
 Calculated polar for: E205  (10.48%)                                  
  
 1 1 Reynolds number fixed          Mach number fixed         
  
 xtrf =   1.000 (top)        1.000 (bottom)  
 Mach =   0.000     Re =     1.000 e 6     Ncrit =   9.000  9.000
  
   alpha    CL        CD       CDp       CM     Top_Xtr  Bot_Xtr  Top_Itr  Bot_Itr
  ------ -------- --------- --------- -------- -------- -------- -------- --------
  -6.000  -0.3566   0.01538   0.00666  -0.0561   0.8074   0.0143  15.1902  89.1184
  -5.000  -0.2606   0.01207   0.00353  -0.0529   0.7282   0.0143  20.6964  89.1222
  -4.000  -0.1605   0.00986   0.00172  -0.0504   0.6733   0.0154  24.5187  89.3225
  -3.000  -0.0545   0.00882   0.00083  -0.0490   0.6327   0.0182  27.3404  89.8087
  -2.000   0.0540   0.00817   0.00038  -0.0480   0.6007   0.0401  29.5744  92.4149
  -1.000   0.1589   0.00704   0.00022  -0.0471   0.5742   0.3092  31.4223 111.6453
   0.000   0.2515   0.00542   0.00029  -0.0432   0.5509   0.8489  33.0511 148.7578
   1.000   0.4118   0.00563   0.00043  -0.0531   0.5264   0.9875  34.7685 158.6173
   2.000   0.5687   0.00583   0.00038  -0.0631   0.5012   1.0000  36.5433 160.0000
   3.000   0.6687   0.00606   0.00044  -0.0608   0.4736   1.0000  38.4903 160.0000
   4.000   0.7688   0.00639   0.00052  -0.0585   0.4427   1.0000  40.6774 160.0000
   5.000   0.8680   0.00683   0.00064  -0.0561   0.4054   1.0000  43.3272 160.0000
   6.000   0.9602   0.00785   0.00090  -0.0526   0.3084   1.0000  50.2599 160.0000
   7.000   1.0380   0.01002   0.00181  -0.0472   0.1545   1.0000  61.4561 160.0000
   8.000   1.1073   0.01267   0.00304  -0.0406   0.0378   1.0000  70.8975 160.0000
   9.000   1.1747   0.01527   0.00419  -0.0336   0.0070   1.0000  75.9733 160.0000
  10.000   1.2386   0.01758   0.00532  -0.0265   0.0059   1.0000  76.3950 160.0000
  11.000   1.2671   0.02070   0.00684  -0.0147   0.0053   1.0000  76.6222 160.0000
  12.000   1.2782   0.02621   0.01017  -0.0056   0.0049   1.0000  76.7853 160.0000
  13.000   1.2675   0.03605   0.01701  -0.0011   0.0045   1.0000  76.9151 160.0000
  14.000   1.2425   0.04906   0.02667   0.0007   0.0043   1.0000  77.0078 160.0000
  15.000   1.2389   0.06129   0.03670  -0.0009   0.0042   1.0000  77.0673 160.0000
