  
       XFOIL         Version 6.99
  
 Calculated polar for: E205  (10.48%)                                  
  
 1 1 Reynolds number fixed          Mach number fixed         
  
 xtrf =   1.000 (top)        1.000 (bottom)  
 Mach =   0.000     Re =     0.500 e 6     Ncrit =   9.000  9.000
  
   alpha    CL        CD       CDp       CM     Top_Xtr  Bot_Xtr  Top_Itr  Bot_Itr
  ------ -------- --------- --------- -------- -------- -------- -------- --------
  -6.000  -0.3234   0.01815   0.01658  -0.0611   0.8864   0.0379   9.7057  92.2213
  -5.000  -0.2484   0.01453   0.00506  -0.0564   0.8229   0.0218  14.1175  90.3491
  -4.000  -0.1518   0.01160   0.00238  -0.0527   0.7450   0.0224  19.5244  90.4356
  -3.000  -0.0492   0.01030   0.00122  -0.0504   0.6918   0.0263  23.2276  90.9704
  -2.000   0.0535   0.00893   0.00070  -0.0486   0.6526   0.1898  25.9543 103.3739
  -1.000   0.1501   0.00737   0.00067  -0.0461   0.6213   0.6283  28.1374 133.5998
   0.000   0.3199   0.00698   0.00086  -0.0572   0.5919   0.9871  30.1864 158.5835
   1.000   0.4600   0.00718   0.00078  -0.0635   0.5655   1.0000  32.0326 160.0000
   2.000   0.5589   0.00741   0.00087  -0.0610   0.5412   1.0000  33.7307 160.0000
   3.000   0.6584   0.00773   0.00099  -0.0585   0.5157   1.0000  35.5246 160.0000
   4.000   0.7577   0.00810   0.00107  -0.0560   0.4860   1.0000  37.6106 160.0000
   5.000   0.8561   0.00855   0.00116  -0.0534   0.4525   1.0000  39.9780 160.0000
   6.000   0.9533   0.00909   0.00127  -0.0507   0.4075   1.0000  43.1765 160.0000
   7.000   1.0392   0.01044   0.00154  -0.0464   0.2873   1.0000  51.7821 160.0000
   8.000   1.1058   0.01345   0.00282  -0.0397   0.1239   1.0000  63.7541 160.0000
   9.000   1.1560   0.01726   0.00450  -0.0309   0.0169   1.0000  73.5374 160.0000
  10.000   1.1927   0.02065   0.00595  -0.0198   0.0106   1.0000  74.9475 160.0000
  11.000   1.2097   0.02529   0.00853  -0.0092   0.0094   1.0000  75.2806 160.0000
  12.000   1.2180   0.03261   0.01343  -0.0035   0.0084   1.0000  75.5497 160.0000
  13.000   1.2190   0.04236   0.02053  -0.0010   0.0079   1.0000  75.6959 160.0000
  14.000   1.2161   0.05351   0.02903  -0.0001   0.0076   1.0000  75.8075 160.0000
  15.000   1.2085   0.06652   0.03941  -0.0008   0.0073   1.0000  75.8784 160.0000
