  
       XFOIL         Version 6.99
  
 Calculated polar for: E207  (12.04%)                                  
  
 1 1 Reynolds number fixed          Mach number fixed         
  
 xtrf =   1.000 (top)        1.000 (bottom)  
 Mach =   0.000     Re =     0.500 e 6     Ncrit =   9.000  9.000
  
   alpha    CL        CD       CDp       CM     Top_Xtr  Bot_Xtr  Top_Itr  Bot_Itr
  ------ -------- --------- --------- -------- -------- -------- -------- --------
  -6.000  -0.3684   0.01385   0.00411  -0.0582   0.9265   0.0235   6.8819  91.0584
  -5.000  -0.2667   0.01135   0.00218  -0.0560   0.8254   0.0276  13.8434  91.6012
  -4.000  -0.1683   0.01013   0.00121  -0.0529   0.7467   0.0506  19.2339  93.9131
  -3.000  -0.0705   0.00861   0.00074  -0.0508   0.6930   0.2825  22.9133 110.4096
  -2.000   0.0320   0.00782   0.00070  -0.0492   0.6532   0.5109  25.6396 126.0314
  -1.000   0.1362   0.00744   0.00077  -0.0475   0.6214   0.6640  27.8229 136.3964
   0.000   0.2384   0.00709   0.00089  -0.0449   0.5939   0.8284  29.7139 147.5427
   1.000   0.3730   0.00730   0.00107  -0.0487   0.5679   0.9679  31.4948 157.0865
   2.000   0.5417   0.00764   0.00104  -0.0611   0.5419   0.9961  33.2886 159.5227
   3.000   0.6507   0.00792   0.00108  -0.0610   0.5163   1.0000  35.0531 160.0000
   4.000   0.7455   0.00825   0.00115  -0.0578   0.4873   1.0000  37.0646 160.0000
   5.000   0.8413   0.00865   0.00124  -0.0547   0.4545   1.0000  39.3510 160.0000
   6.000   0.9361   0.00919   0.00133  -0.0515   0.4127   1.0000  42.2792 160.0000
   7.000   1.0266   0.01007   0.00149  -0.0477   0.3450   1.0000  47.0374 160.0000
   8.000   1.0952   0.01261   0.00240  -0.0410   0.1830   1.0000  58.6206 160.0000
   9.000   1.1561   0.01551   0.00372  -0.0336   0.0813   1.0000  66.2682 160.0000
  10.000   1.1999   0.01844   0.00498  -0.0236   0.0314   1.0000  70.8184 160.0000
  11.000   1.2074   0.02320   0.00720  -0.0106   0.0120   1.0000  74.0184 160.0000
  12.000   1.2244   0.02910   0.01082  -0.0037   0.0097   1.0000  74.6722 160.0000
  13.000   1.2146   0.03928   0.01802  -0.0003   0.0085   1.0000  75.0506 160.0000
  14.000   1.2121   0.05020   0.02634   0.0003   0.0080   1.0000  75.2375 160.0000
  15.000   1.2052   0.06281   0.03647  -0.0010   0.0075   1.0000  75.4056 160.0000
