  
       XFOIL         Version 6.99
  
 Calculated polar for: E209  (13.72%)                                  
  
 1 1 Reynolds number fixed          Mach number fixed         
  
 xtrf =   1.000 (top)        1.000 (bottom)  
 Mach =   0.000     Re =     1.000 e 6     Ncrit =   9.000  9.000
  
   alpha    CL        CD       CDp       CM     Top_Xtr  Bot_Xtr  Top_Itr  Bot_Itr
  ------ -------- --------- --------- -------- -------- -------- -------- --------
  -6.000  -0.3970   0.00961   0.00153  -0.0561   0.8142   0.0311  14.4285  92.8433
  -5.000  -0.3001   0.00855   0.00091  -0.0536   0.7325   0.1113  19.8735  99.5921
  -4.000  -0.1983   0.00756   0.00048  -0.0522   0.6758   0.2467  23.6572 108.9581
  -3.000  -0.0936   0.00676   0.00032  -0.0512   0.6343   0.4222  26.4251 120.8835
  -2.000   0.0175   0.00668   0.00034  -0.0510   0.6017   0.4819  28.6061 124.8581
  -1.000   0.1296   0.00667   0.00035  -0.0510   0.5745   0.5178  30.4200 127.2343
   0.000   0.2413   0.00670   0.00038  -0.0510   0.5502   0.5556  32.0510 129.7300
   1.000   0.3532   0.00670   0.00042  -0.0510   0.5275   0.6024  33.5766 132.8135
   2.000   0.4637   0.00673   0.00048  -0.0508   0.5054   0.6639  35.0705 136.8711
   3.000   0.5723   0.00671   0.00056  -0.0502   0.4789   0.7558  36.8643 142.9429
   4.000   0.6740   0.00662   0.00068  -0.0478   0.4506   0.9026  38.7854 152.6679
   5.000   0.8096   0.00701   0.00077  -0.0530   0.4136   0.9900  41.3179 158.8515
   6.000   0.9303   0.00764   0.00092  -0.0556   0.3631   1.0000  44.7926 160.0000
   7.000   1.0119   0.00900   0.00132  -0.0503   0.2569   1.0000  52.1828 160.0000
   8.000   1.0854   0.01114   0.00221  -0.0442   0.1375   1.0000  60.6921 160.0000
   9.000   1.1565   0.01326   0.00315  -0.0380   0.0667   1.0000  66.1781 160.0000
  10.000   1.2171   0.01528   0.00400  -0.0300   0.0342   1.0000  69.3495 160.0000
  11.000   1.2603   0.01760   0.00495  -0.0198   0.0200   1.0000  71.4029 160.0000
  12.000   1.2931   0.02096   0.00660  -0.0104   0.0126   1.0000  73.0525 160.0000
  13.000   1.3185   0.02583   0.00935  -0.0036   0.0084   1.0000  74.4159 160.0000
  14.000   1.3305   0.03323   0.01410   0.0005   0.0065   1.0000  75.1716 160.0000
  15.000   1.3395   0.04219   0.02038   0.0020   0.0056   1.0000  75.6157 160.0000
