  
       XFOIL         Version 6.99
  
 Calculated polar for: E210  (13.64%)                                  
  
 1 1 Reynolds number fixed          Mach number fixed         
  
 xtrf =   1.000 (top)        1.000 (bottom)  
 Mach =   0.000     Re =     0.500 e 6     Ncrit =   9.000  9.000
  
   alpha    CL        CD       CDp       CM     Top_Xtr  Bot_Xtr  Top_Itr  Bot_Itr
  ------ -------- --------- --------- -------- -------- -------- -------- --------
  -6.000  -0.1491   0.01305   0.00391  -0.1172   0.9117   0.0271   8.2471  93.5243
  -5.000   0.0062   0.01050   0.00196  -0.1270   0.8674   0.0342  11.2796  94.5376
  -4.000   0.1224   0.00910   0.00101  -0.1283   0.7867   0.1261  16.6354 101.9321
  -3.000   0.2246   0.00810   0.00072  -0.1272   0.7185   0.3712  21.1209 118.0419
  -2.000   0.3306   0.00816   0.00087  -0.1260   0.6672   0.5025  24.4814 126.5564
   0.000   0.5469   0.00867   0.00105  -0.1243   0.5975   0.6030  29.0468 133.0029
   1.000   0.6552   0.00886   0.00117  -0.1236   0.5704   0.6502  30.8215 136.0494
   2.000   0.7626   0.00906   0.00132  -0.1228   0.5461   0.7121  32.4121 140.0519
   3.000   0.8651   0.00922   0.00150  -0.1209   0.5235   0.8205  33.9021 147.0990
   4.000   0.9667   0.00934   0.00153  -0.1186   0.5007   1.0000  35.4004 160.0000
   5.000   1.0710   0.00992   0.00160  -0.1176   0.4746   1.0000  37.1270 160.0000
   6.000   1.1710   0.01055   0.00167  -0.1157   0.4461   1.0000  39.0254 160.0000
   7.000   1.2662   0.01123   0.00175  -0.1130   0.4127   1.0000  41.2613 160.0000
   8.000   1.3520   0.01214   0.00185  -0.1085   0.3709   1.0000  44.0839 160.0000
   9.000   1.4200   0.01357   0.00210  -0.1010   0.3055   1.0000  48.5399 160.0000
  10.000   1.4523   0.01683   0.00331  -0.0887   0.1914   1.0000  56.4958 160.0000
  11.000   1.4708   0.02120   0.00547  -0.0763   0.1119   1.0000  62.3035 160.0000
  12.000   1.4835   0.02674   0.00862  -0.0660   0.0679   1.0000  65.8585 160.0000
  13.000   1.4924   0.03402   0.01325  -0.0591   0.0437   1.0000  68.1758 160.0000
  14.000   1.4907   0.04399   0.02016  -0.0551   0.0258   1.0000  70.4707 160.0000
  15.000   1.4654   0.05850   0.03106  -0.0541   0.0130   1.0000  73.1101 160.0000
