  
       XFOIL         Version 6.99
  
 Calculated polar for: E210  (13.64%)                                  
  
 1 1 Reynolds number fixed          Mach number fixed         
  
 xtrf =   1.000 (top)        1.000 (bottom)  
 Mach =   0.000     Re =     1.000 e 6     Ncrit =   9.000  9.000
  
   alpha    CL        CD       CDp       CM     Top_Xtr  Bot_Xtr  Top_Itr  Bot_Itr
  ------ -------- --------- --------- -------- -------- -------- -------- --------
  -6.000  -0.0816   0.00957   0.00203  -0.1314   0.8613   0.0208  11.6865  92.4034
  -5.000   0.0201   0.00897   0.00125  -0.1294   0.7708   0.0238  17.6810  92.9994
  -4.000   0.1216   0.00825   0.00065  -0.1275   0.7013   0.0555  22.2488  96.7396
  -3.000   0.2267   0.00749   0.00035  -0.1268   0.6491   0.2051  25.6673 107.1818
  -2.000   0.3341   0.00685   0.00030  -0.1265   0.6096   0.4320  28.2526 122.0310
  -1.000   0.4442   0.00693   0.00039  -0.1262   0.5781   0.5064  30.3146 126.8063
   0.000   0.5543   0.00711   0.00045  -0.1258   0.5518   0.5447  32.0433 129.2607
   1.000   0.6647   0.00726   0.00053  -0.1255   0.5285   0.5853  33.5691 131.8701
   2.000   0.7733   0.00747   0.00062  -0.1250   0.5064   0.6357  35.0220 135.1108
   3.000   0.8819   0.00761   0.00074  -0.1246   0.4852   0.7049  36.4269 139.5842
   4.000   0.9853   0.00778   0.00089  -0.1230   0.4606   0.8237  38.0573 147.3063
   5.000   1.0849   0.00792   0.00092  -0.1205   0.4338   1.0000  39.8489 160.0000
   6.000   1.1873   0.00853   0.00101  -0.1191   0.4024   1.0000  41.9580 160.0000
   7.000   1.2858   0.00925   0.00113  -0.1171   0.3639   1.0000  44.5565 160.0000
   8.000   1.3706   0.01049   0.00141  -0.1126   0.2983   1.0000  49.0317 160.0000
   9.000   1.4230   0.01296   0.00225  -0.1026   0.1849   1.0000  56.9617 160.0000
  10.000   1.4630   0.01588   0.00349  -0.0913   0.1026   1.0000  63.0191 160.0000
  11.000   1.5010   0.01898   0.00493  -0.0809   0.0599   1.0000  66.5739 160.0000
  12.000   1.5295   0.02303   0.00705  -0.0711   0.0353   1.0000  69.1386 160.0000
  13.000   1.5430   0.02907   0.01062  -0.0625   0.0179   1.0000  71.9030 160.0000
  14.000   1.5401   0.03816   0.01661  -0.0566   0.0071   1.0000  75.2647 160.0000
  15.000   1.5390   0.04894   0.02422  -0.0541   0.0054   1.0000  76.1485 160.0000
