  
       XFOIL         Version 6.99
  
 Calculated polar for: E211  (10.96%)                                  
  
 1 1 Reynolds number fixed          Mach number fixed         
  
 xtrf =   1.000 (top)        1.000 (bottom)  
 Mach =   0.000     Re =     1.000 e 6     Ncrit =   9.000  9.000
  
   alpha    CL        CD       CDp       CM     Top_Xtr  Bot_Xtr  Top_Itr  Bot_Itr
  ------ -------- --------- --------- -------- -------- -------- -------- --------
  -6.000  -0.3020   0.01304   0.00446  -0.0897   0.9641   0.0121   4.4466  88.9890
  -5.000  -0.1679   0.00972   0.00227  -0.0958   0.9581   0.0139   4.9118  89.3808
  -4.000  -0.0423   0.00820   0.00123  -0.0988   0.9453   0.0173   5.9049  90.0786
  -3.000   0.0847   0.00638   0.00048  -0.1028   0.9194   0.1944   7.8503 104.4433
  -2.000   0.2200   0.00507   0.00015  -0.1087   0.8562   0.5119  12.2886 125.9363
  -1.000   0.3266   0.00528   0.00019  -0.1073   0.7702   0.5953  18.1657 131.5051
   0.000   0.4318   0.00562   0.00024  -0.1057   0.6996   0.6337  22.9551 134.0624
   1.000   0.5378   0.00593   0.00032  -0.1045   0.6369   0.6698  27.1960 136.4710
   2.000   0.6441   0.00628   0.00040  -0.1033   0.5789   0.7093  31.1231 139.1212
   4.000   0.8508   0.00727   0.00069  -0.1001   0.4283   0.8121  41.3733 146.0665
   5.000   0.9327   0.00851   0.00112  -0.0942   0.2643   0.9366  52.6975 154.6430
   6.000   1.0212   0.01075   0.00194  -0.0908   0.0953   1.0000  64.8411 160.0000
   7.000   1.1035   0.01320   0.00297  -0.0860   0.0105   1.0000  74.3295 160.0000
   8.000   1.1881   0.01518   0.00390  -0.0813   0.0078   1.0000  75.1643 160.0000
   9.000   1.2609   0.01756   0.00519  -0.0749   0.0069   1.0000  75.4871 160.0000
  10.000   1.3097   0.02062   0.00697  -0.0646   0.0062   1.0000  75.7331 160.0000
  11.000   1.3289   0.02596   0.01027  -0.0518   0.0057   1.0000  75.9280 160.0000
  12.000   1.3389   0.03433   0.01574  -0.0413   0.0055   1.0000  75.9922 160.0000
  13.000   1.3506   0.04186   0.02164  -0.0347   0.0054   1.0000  76.0775 160.0000
  14.000   1.3371   0.05406   0.03166  -0.0320   0.0053   1.0000  76.1166 160.0000
  15.000   1.2917   0.07361   0.04899  -0.0362   0.0053   1.0000  76.0925 160.0000
