  
       XFOIL         Version 6.99
  
 Calculated polar for: E212  (10.55%)                                  
  
 1 1 Reynolds number fixed          Mach number fixed         
  
 xtrf =   1.000 (top)        1.000 (bottom)  
 Mach =   0.000     Re =     1.000 e 6     Ncrit =   9.000  9.000
  
   alpha    CL        CD       CDp       CM     Top_Xtr  Bot_Xtr  Top_Itr  Bot_Itr
  ------ -------- --------- --------- -------- -------- -------- -------- --------
  -6.000  -0.2544   0.01050   0.00285  -0.1065   0.9642   0.0124   4.5306  89.4586
  -5.000  -0.1138   0.00882   0.00171  -0.1130   0.9593   0.0150   4.9247  90.1566
  -4.000   0.0165   0.00695   0.00084  -0.1175   0.9474   0.1340   5.8362 101.6587
  -3.000   0.1512   0.00583   0.00046  -0.1228   0.9271   0.2802   7.3002 111.4820
  -2.000   0.2796   0.00529   0.00028  -0.1264   0.8869   0.4017  10.0579 119.4081
  -1.000   0.3923   0.00522   0.00022  -0.1262   0.8251   0.4881  14.2009 124.9808
   0.000   0.4997   0.00537   0.00025  -0.1249   0.7527   0.5695  19.0082 130.2026
   1.000   0.6052   0.00568   0.00034  -0.1233   0.6698   0.6478  24.4823 135.2440
   2.000   0.7092   0.00616   0.00051  -0.1214   0.5782   0.7258  30.5190 140.3013
   3.000   0.8114   0.00682   0.00076  -0.1193   0.4777   0.8030  37.1465 145.3513
   4.000   0.9075   0.00779   0.00111  -0.1161   0.3541   0.8827  45.3354 150.6596
   5.000   0.9949   0.00902   0.00150  -0.1112   0.2230   1.0000  54.1801 160.0000
   6.000   1.0903   0.01088   0.00222  -0.1087   0.1048   1.0000  62.6008 160.0000
   7.000   1.1764   0.01353   0.00342  -0.1046   0.0120   1.0000  73.1217 160.0000
   8.000   1.2669   0.01551   0.00441  -0.1009   0.0090   1.0000  74.1008 160.0000
   9.000   1.3491   0.01787   0.00576  -0.0960   0.0079   1.0000  74.5217 160.0000
  10.000   1.4045   0.02145   0.00793  -0.0869   0.0069   1.0000  74.9164 160.0000
  11.000   1.4321   0.02620   0.01095  -0.0745   0.0066   1.0000  75.0477 160.0000
  12.000   1.4593   0.03154   0.01470  -0.0646   0.0064   1.0000  75.1420 160.0000
  13.000   1.4707   0.03922   0.02042  -0.0566   0.0062   1.0000  75.2344 160.0000
  14.000   1.4649   0.05031   0.02927  -0.0523   0.0060   1.0000  75.3182 160.0000
  15.000   1.4390   0.06661   0.04318  -0.0540   0.0059   1.0000  75.3806 160.0000
