  
       XFOIL         Version 6.99
  
 Calculated polar for: E214  (11.1%)                                   
  
 1 1 Reynolds number fixed          Mach number fixed         
  
 xtrf =   1.000 (top)        1.000 (bottom)  
 Mach =   0.000     Re =     0.500 e 6     Ncrit =   9.000  9.000
  
   alpha    CL        CD       CDp       CM     Top_Xtr  Bot_Xtr  Top_Itr  Bot_Itr
  ------ -------- --------- --------- -------- -------- -------- -------- --------
  -6.000  -0.1390   0.01937   0.00958  -0.1259   0.9442   0.0227   5.9176  91.0561
  -5.000  -0.0102   0.01333   0.00469  -0.1308   0.9330   0.0252   6.7397  91.3802
  -4.000   0.1289   0.01059   0.00247  -0.1368   0.9194   0.0294   7.7179  91.9387
  -3.000   0.2611   0.00853   0.00119  -0.1414   0.8949   0.1079   9.4617  98.1689
  -2.000   0.3830   0.00691   0.00091  -0.1445   0.8578   0.5075  12.0729 125.3779
  -1.000   0.4942   0.00685   0.00092  -0.1439   0.8073   0.6275  15.6225 133.4786
   0.000   0.6022   0.00705   0.00091  -0.1427   0.7545   0.6835  19.3022 137.2782
   1.000   0.7073   0.00732   0.00098  -0.1411   0.7055   0.7412  22.6899 141.2138
   2.000   0.8088   0.00758   0.00109  -0.1388   0.6596   0.8165  25.8535 146.3605
   3.000   0.9011   0.00768   0.00104  -0.1342   0.6131   1.0000  29.0481 160.0000
   4.000   1.0041   0.00831   0.00111  -0.1328   0.5597   1.0000  32.7295 160.0000
   5.000   1.1018   0.00913   0.00123  -0.1303   0.4991   1.0000  36.9104 160.0000
   6.000   1.1931   0.01022   0.00146  -0.1267   0.4224   1.0000  42.2149 160.0000
   7.000   1.2713   0.01200   0.00194  -0.1209   0.3084   1.0000  50.1437 160.0000
   9.000   1.3788   0.01788   0.00434  -0.1023   0.0807   1.0000  66.7024 160.0000
  10.000   1.4268   0.02112   0.00594  -0.0932   0.0385   1.0000  70.4257 160.0000
  11.000   1.4513   0.02624   0.00862  -0.0822   0.0117   1.0000  74.3598 160.0000
  12.000   1.4676   0.03276   0.01262  -0.0728   0.0087   1.0000  75.2603 160.0000
  13.000   1.4754   0.04121   0.01852  -0.0662   0.0074   1.0000  75.7203 160.0000
  14.000   1.4551   0.05466   0.02883  -0.0626   0.0065   1.0000  76.0358 160.0000
  15.000   1.4478   0.06885   0.04037  -0.0632   0.0061   1.0000  76.2138 160.0000
