  
       XFOIL         Version 6.99
  
 Calculated polar for: E216  (10.4%)                                   
  
 1 1 Reynolds number fixed          Mach number fixed         
  
 xtrf =   1.000 (top)        1.000 (bottom)  
 Mach =   0.000     Re =     1.000 e 6     Ncrit =   9.000  9.000
  
   alpha    CL        CD       CDp       CM     Top_Xtr  Bot_Xtr  Top_Itr  Bot_Itr
  ------ -------- --------- --------- -------- -------- -------- -------- --------
  -6.000   0.0393   0.01199   0.00430  -0.1765   0.9420   0.0106   6.7528  89.8110
  -5.000   0.1889   0.00902   0.00207  -0.1858   0.9393   0.0123   6.9644  90.3188
  -4.000   0.3251   0.00752   0.00098  -0.1913   0.9273   0.0170   7.8567  91.6141
  -3.000   0.4791   0.00616   0.00047  -0.2013   0.9121   0.1703   8.9443 105.1138
  -2.000   0.6138   0.00560   0.00033  -0.2066   0.8814   0.3190  11.0628 114.5176
  -1.000   0.7315   0.00552   0.00028  -0.2078   0.8360   0.4266  14.1162 121.1876
   1.000   0.9399   0.00611   0.00042  -0.2041   0.7098   0.6100  22.4056 132.6360
   2.000   1.0378   0.00671   0.00061  -0.2011   0.6322   0.6982  27.4258 138.2077
   3.000   1.1340   0.00745   0.00087  -0.1977   0.5504   0.7879  32.7046 143.9558
   4.000   1.2244   0.00834   0.00121  -0.1933   0.4627   0.8860  38.3684 150.4350
   6.000   1.3909   0.01132   0.00208  -0.1824   0.2482   1.0000  52.4177 160.0000
   7.000   1.4680   0.01348   0.00289  -0.1764   0.1475   1.0000  59.3696 160.0000
   8.000   1.5365   0.01608   0.00400  -0.1689   0.0668   1.0000  65.6300 160.0000
   9.000   1.5901   0.01965   0.00572  -0.1592   0.0119   1.0000  73.4792 160.0000
  10.000   1.6504   0.02264   0.00719  -0.1511   0.0092   1.0000  74.4192 160.0000
  11.000   1.6941   0.02694   0.00959  -0.1413   0.0080   1.0000  74.9003 160.0000
  12.000   1.7251   0.03251   0.01302  -0.1314   0.0074   1.0000  75.1584 160.0000
  13.000   1.7442   0.03976   0.01789  -0.1226   0.0068   1.0000  75.4109 160.0000
  14.000   1.7466   0.04997   0.02526  -0.1156   0.0064   1.0000  75.6038 160.0000
  15.000   1.7332   0.06414   0.03624  -0.1123   0.0061   1.0000  75.7476 160.0000
