  
       XFOIL         Version 6.99
  
 Calculated polar for: E224  (10.17%)                                  
  
 1 1 Reynolds number fixed          Mach number fixed         
  
 xtrf =   1.000 (top)        1.000 (bottom)  
 Mach =   0.000     Re =     1.000 e 6     Ncrit =   9.000  9.000
  
   alpha    CL        CD       CDp       CM     Top_Xtr  Bot_Xtr  Top_Itr  Bot_Itr
  ------ -------- --------- --------- -------- -------- -------- -------- --------
  -6.000  -0.4133   0.01039   0.00222  -0.0586   0.9736   0.0088   3.4962  86.9872
  -5.000  -0.2907   0.00832   0.00113  -0.0613   0.9558   0.0317   4.8045  90.6175
  -4.000  -0.1796   0.00702   0.00057  -0.0614   0.9219   0.1355   7.2218  98.7297
  -3.000  -0.0733   0.00602   0.00027  -0.0605   0.8779   0.3006  10.3260 110.4396
  -2.000   0.0344   0.00546   0.00014  -0.0596   0.8278   0.4471  13.8538 120.6884
   0.000   0.2507   0.00504   0.00015  -0.0577   0.7107   0.6990  22.0997 138.2061
   1.000   0.3573   0.00510   0.00023  -0.0563   0.6410   0.8040  27.0061 145.5093
   2.000   0.4606   0.00534   0.00035  -0.0541   0.5625   0.8925  32.5358 151.6920
   3.000   0.5648   0.00579   0.00041  -0.0521   0.4722   0.9751  38.8929 157.6110
   4.000   0.6842   0.00669   0.00059  -0.0544   0.3572   1.0000  47.0116 160.0000
   5.000   0.7834   0.00788   0.00095  -0.0525   0.2380   1.0000  55.4875 160.0000
   6.000   0.8807   0.00940   0.00152  -0.0504   0.1269   1.0000  63.5822 160.0000
   7.000   0.9766   0.01105   0.00225  -0.0481   0.0548   1.0000  69.2450 160.0000
   8.000   1.0676   0.01310   0.00330  -0.0450   0.0181   1.0000  73.0985 160.0000
   9.000   1.1558   0.01517   0.00450  -0.0416   0.0127   1.0000  74.0706 160.0000
  10.000   1.2359   0.01757   0.00593  -0.0371   0.0087   1.0000  75.0575 160.0000
  11.000   1.3042   0.02033   0.00753  -0.0312   0.0057   1.0000  76.0201 160.0000
  12.000   1.3530   0.02304   0.00909  -0.0224   0.0046   1.0000  76.4964 160.0000
  13.000   1.3747   0.02767   0.01207  -0.0126   0.0039   1.0000  76.8556 160.0000
  14.000   1.3534   0.03727   0.01918  -0.0049   0.0035   1.0000  77.0452 160.0000
  15.000   1.3380   0.04975   0.02933  -0.0052   0.0033   1.0000  77.1630 160.0000
