  
       XFOIL         Version 6.99
  
 Calculated polar for: E226  (10.19%)                                  
  
 1 1 Reynolds number fixed          Mach number fixed         
  
 xtrf =   1.000 (top)        1.000 (bottom)  
 Mach =   0.000     Re =     0.500 e 6     Ncrit =   9.000  9.000
  
   alpha    CL        CD       CDp       CM     Top_Xtr  Bot_Xtr  Top_Itr  Bot_Itr
  ------ -------- --------- --------- -------- -------- -------- -------- --------
  -6.000  -0.5854   0.01425   0.00389  -0.0177   0.9947   0.0161   1.7309  89.8694
  -5.000  -0.4450   0.01136   0.00212  -0.0247   0.9814   0.0198   3.0604  90.6386
  -4.000  -0.3119   0.00880   0.00121  -0.0301   0.9611   0.1874   4.5748 104.6900
  -3.000  -0.1984   0.00738   0.00093  -0.0307   0.9267   0.3936   6.9133 118.6853
  -2.000  -0.0988   0.00647   0.00082  -0.0277   0.8807   0.5871   9.9860 131.5965
  -1.000   0.0035   0.00602   0.00078  -0.0249   0.8286   0.7216  13.4559 140.5219
   0.000   0.1064   0.00585   0.00078  -0.0219   0.7718   0.8350  17.2510 148.0199
   1.000   0.2104   0.00594   0.00081  -0.0190   0.7069   0.9252  21.6004 154.0180
   2.000   0.3441   0.00638   0.00078  -0.0230   0.6274   0.9737  26.9375 157.3577
   3.000   0.4983   0.00697   0.00072  -0.0323   0.5217   0.9967  34.0493 159.5403
   4.000   0.5963   0.00776   0.00084  -0.0302   0.4032   1.0000  42.0640 160.0000
   5.000   0.6810   0.00918   0.00121  -0.0256   0.2459   1.0000  52.8193 160.0000
   6.000   0.7663   0.01107   0.00187  -0.0213   0.1057   1.0000  62.8479 160.0000
   7.000   0.8479   0.01390   0.00305  -0.0165   0.0166   1.0000  71.9347 160.0000
   8.000   0.9320   0.01648   0.00451  -0.0122   0.0133   1.0000  72.7441 160.0000
   9.000   0.9988   0.02068   0.00704  -0.0058   0.0120   1.0000  73.0999 160.0000
  10.000   1.0617   0.02570   0.01038   0.0006   0.0115   1.0000  73.2676 160.0000
  11.000   1.1005   0.03338   0.01598   0.0088   0.0115   1.0000  73.2518 160.0000
  12.000   1.0863   0.04561   0.02521   0.0185   0.0125   1.0000  72.9702 160.0000
