  
       XFOIL         Version 6.99
  
 Calculated polar for: E230  (9.96%)                                   
  
 1 1 Reynolds number fixed          Mach number fixed         
  
 xtrf =   1.000 (top)        1.000 (bottom)  
 Mach =   0.000     Re =     1.000 e 6     Ncrit =   9.000  9.000
  
   alpha    CL        CD       CDp       CM     Top_Xtr  Bot_Xtr  Top_Itr  Bot_Itr
  ------ -------- --------- --------- -------- -------- -------- -------- --------
  -6.000  -0.7798   0.01133   0.00250   0.0342   1.0000   0.0094   1.0000  87.2621
  -5.000  -0.6702   0.00996   0.00178   0.0345   0.9491   0.0121   5.5624  88.0456
  -4.000  -0.5843   0.00801   0.00102   0.0397   0.8952   0.1636   9.3428 102.1112
  -3.000  -0.4863   0.00677   0.00061   0.0423   0.8460   0.3287  12.6782 113.5208
  -2.000  -0.3847   0.00581   0.00036   0.0444   0.7935   0.5029  16.2024 125.2907
  -1.000  -0.2808   0.00522   0.00022   0.0463   0.7349   0.6464  20.1090 134.9426
   0.000  -0.1773   0.00479   0.00016   0.0484   0.6689   0.7797  24.5131 143.9052
   1.000  -0.0697   0.00466   0.00020   0.0499   0.5910   0.8914  29.7228 151.4457
   2.000   0.0640   0.00514   0.00039   0.0455   0.4951   0.9481  36.1677 155.3729
   3.000   0.1928   0.00606   0.00062   0.0418   0.3571   0.9705  45.4829 157.0630
   5.000   0.4675   0.00932   0.00165   0.0288   0.0166   0.9887  71.7262 158.6221
   6.000   0.6038   0.01064   0.00239   0.0230   0.0122   0.9957  72.7286 159.4072
   7.000   0.7252   0.01303   0.00396   0.0196   0.0106   1.0000  73.1602 160.0000
   8.000   0.8083   0.01589   0.00606   0.0239   0.0100   1.0000  73.3373 160.0000
   9.000   0.8824   0.01984   0.00912   0.0291   0.0095   1.0000  73.4827 160.0000
  10.000   0.9396   0.02557   0.01383   0.0358   0.0091   1.0000  73.6053 160.0000
