  
       XFOIL         Version 6.99
  
 Calculated polar for: EPPLER 297 AIRFOIL                              
  
 1 1 Reynolds number fixed          Mach number fixed         
  
 xtrf =   1.000 (top)        1.000 (bottom)  
 Mach =   0.000     Re =     0.500 e 6     Ncrit =   9.000  9.000
  
   alpha    CL        CD       CDp       CM     Top_Xtr  Bot_Xtr  Top_Itr  Bot_Itr
  ------ -------- --------- --------- -------- -------- -------- -------- --------
  -6.000  -0.6043   0.01193   0.00209  -0.0104   0.9150   0.0550   7.6778  90.2328
  -5.000  -0.5182   0.00983   0.00144  -0.0071   0.8961   0.2264   9.0620 103.0822
  -4.000  -0.4309   0.00769   0.00105  -0.0040   0.8792   0.5218  10.3053 124.5746
  -3.000  -0.3296   0.00705   0.00130  -0.0020   0.8639   0.6910  11.4240 136.9313
  -2.000  -0.2203   0.00716   0.00164  -0.0013   0.8483   0.7503  12.5657 141.2854
  -1.000  -0.1103   0.00733   0.00187  -0.0006   0.8311   0.7859  13.8171 143.8825
   0.000   0.0000   0.00739   0.00197  -0.0000   0.8110   0.8110  15.2883 145.7117
   1.000   0.1103   0.00733   0.00187   0.0006   0.7859   0.8312  17.1174 147.1844
   2.000   0.2203   0.00716   0.00164   0.0013   0.7503   0.8483  19.7146 148.4352
   3.000   0.3296   0.00705   0.00130   0.0020   0.6910   0.8639  24.0683 149.5760
   4.000   0.4309   0.00769   0.00105   0.0040   0.5218   0.8792  36.4260 150.6949
   5.000   0.5182   0.00983   0.00144   0.0071   0.2264   0.8961  57.9181 151.9380
   6.000   0.6043   0.01193   0.00209   0.0104   0.0550   0.9150  70.7676 153.3225
   7.000   0.6856   0.01421   0.00279   0.0153   0.0102   0.9420  75.2901 155.3044
   8.000   0.7769   0.01952   0.00532   0.0166   0.0064   0.9829  76.0689 158.3445
