  
       XFOIL         Version 6.99
  
 Calculated polar for: EPPLER 328 AIRFOIL                              
  
 1 1 Reynolds number fixed          Mach number fixed         
  
 xtrf =   1.000 (top)        1.000 (bottom)  
 Mach =   0.000     Re =     0.500 e 6     Ncrit =   9.000  9.000
  
   alpha    CL        CD       CDp       CM     Top_Xtr  Bot_Xtr  Top_Itr  Bot_Itr
  ------ -------- --------- --------- -------- -------- -------- -------- --------
  -5.000  -0.2769   0.01915   0.00710  -0.0295   0.7022   0.0127  21.1614  91.0530
  -4.000  -0.1767   0.01449   0.00338  -0.0264   0.6424   0.0133  24.8640  91.2283
  -2.000   0.0090   0.01100   0.00117  -0.0183   0.5507   0.0343  30.5960  95.5552
  -1.000   0.0597   0.00824   0.00161  -0.0059   0.5181   0.8423  32.6500 148.3524
   0.000   0.1549   0.00964   0.00280   0.0007   0.4870   0.8939  34.6201 151.6146
   1.000   0.2557   0.01015   0.00298   0.0039   0.4602   0.9145  36.3320 152.9480
   2.000   0.3615   0.01017   0.00282   0.0046   0.4363   0.9198  37.8598 153.3041
   3.000   0.4666   0.01027   0.00270   0.0053   0.4154   0.9259  39.2106 153.7108
   4.000   0.5715   0.01040   0.00263   0.0058   0.3959   0.9318  40.4737 154.1097
   5.000   0.6764   0.01066   0.00260   0.0063   0.3773   0.9373  41.6871 154.4887
   6.000   0.7789   0.01104   0.00258   0.0070   0.3587   0.9449  42.9121 155.0092
   7.000   0.8808   0.01140   0.00257   0.0079   0.3388   0.9522  44.2260 155.5383
   8.000   0.9800   0.01183   0.00252   0.0091   0.3166   0.9624  45.7120 156.2889
   9.000   1.0836   0.01245   0.00252   0.0089   0.2898   0.9737  47.5411 157.1960
  10.000   1.1968   0.01353   0.00276   0.0059   0.2537   0.9847  50.0614 158.1772
  11.000   1.3112   0.01546   0.00352   0.0013   0.1985   0.9978  54.0268 159.6998
  12.000   1.3311   0.01767   0.00408   0.0141   0.1525   1.0000  57.4507 160.0000
  13.000   1.3427   0.02233   0.00620   0.0232   0.1098   1.0000  60.7938 160.0000
  14.000   1.3362   0.03050   0.01102   0.0277   0.0806   1.0000  63.2786 160.0000
  15.000   1.3110   0.04275   0.01945   0.0278   0.0616   1.0000  65.0772 160.0000
