  
       XFOIL         Version 6.99
  
 Calculated polar for: EPPLER 332 AIRFOIL                              
  
 1 1 Reynolds number fixed          Mach number fixed         
  
 xtrf =   1.000 (top)        1.000 (bottom)  
 Mach =   0.000     Re =     1.000 e 6     Ncrit =   9.000  9.000
  
   alpha    CL        CD       CDp       CM     Top_Xtr  Bot_Xtr  Top_Itr  Bot_Itr
  ------ -------- --------- --------- -------- -------- -------- -------- --------
  -3.000  -0.1480   0.01344   0.00313  -0.0063   0.5361   0.0082  32.8600  89.0366
  -2.000  -0.0497   0.01005   0.00092  -0.0025   0.5001   0.0065  35.2511  88.3414
  -1.000   0.0530   0.00913   0.00045  -0.0001   0.4671   0.0100  37.4466  89.6690
   0.000   0.1115   0.00596   0.00046   0.0108   0.4416   0.8885  39.1569 151.3228
   1.000   0.2194   0.00710   0.00137   0.0139   0.4158   0.9494  40.8946 155.3872
   2.000   0.3529   0.00766   0.00162   0.0097   0.3920   0.9603  42.5048 156.1414
   3.000   0.4755   0.00789   0.00163   0.0069   0.3699   0.9626  44.0054 156.3127
   4.000   0.5893   0.00807   0.00165   0.0059   0.3507   0.9663  45.3247 156.5819
   5.000   0.6813   0.00826   0.00162   0.0096   0.3317   0.9728  46.6323 157.0664
   6.000   0.8009   0.00861   0.00170   0.0070   0.3103   0.9747  48.1250 157.2231
   7.000   0.9151   0.00903   0.00177   0.0054   0.2864   0.9775  49.8093 157.4589
   8.000   1.0173   0.00960   0.00186   0.0061   0.2574   0.9829  51.8758 157.9098
   9.000   1.1271   0.01048   0.00212   0.0047   0.2156   0.9859  54.9386 158.2076
  10.000   1.2312   0.01210   0.00279   0.0035   0.1526   0.9902  59.6799 158.6523
  11.000   1.3242   0.01473   0.00412   0.0032   0.0849   0.9960  65.1535 159.3792
  12.000   1.3778   0.01759   0.00559   0.0097   0.0453   1.0000  68.9172 160.0000
  13.000   1.3594   0.02043   0.00654   0.0285   0.0310   1.0000  70.6371 160.0000
  14.000   1.3637   0.02711   0.01039   0.0336   0.0202   1.0000  72.3090 160.0000
  15.000   1.3546   0.03796   0.01778   0.0331   0.0140   1.0000  73.6216 160.0000
