  
       XFOIL         Version 6.99
  
 Calculated polar for: EPPLER 334 AIRFOIL                              
  
 1 1 Reynolds number fixed          Mach number fixed         
  
 xtrf =   1.000 (top)        1.000 (bottom)  
 Mach =   0.000     Re =     1.000 e 6     Ncrit =   9.000  9.000
  
   alpha    CL        CD       CDp       CM     Top_Xtr  Bot_Xtr  Top_Itr  Bot_Itr
  ------ -------- --------- --------- -------- -------- -------- -------- --------
  -3.000   0.0140   0.01636   0.00715  -0.0457   0.5296   0.0165  31.7713  93.1780
  -2.000   0.1183   0.01130   0.00230  -0.0422   0.4975   0.0115  33.7871  91.5579
  -1.000   0.2201   0.00958   0.00085  -0.0394   0.4691   0.0100  35.5858  91.0361
   0.000   0.3233   0.00867   0.00047  -0.0373   0.4443   0.0781  37.1671 101.1405
   1.000   0.3817   0.00677   0.00102  -0.0252   0.4249   0.9425  38.4108 154.6892
   2.000   0.4948   0.00736   0.00122  -0.0243   0.4048   0.9702  39.7021 156.7444
   3.000   0.6038   0.00755   0.00121  -0.0241   0.3871   0.9751  40.8513 157.1613
   4.000   0.7218   0.00785   0.00128  -0.0261   0.3700   0.9779  41.9725 157.4342
   5.000   0.8331   0.00816   0.00134  -0.0267   0.3535   0.9828  43.0584 157.9003
   6.000   0.9520   0.00851   0.00145  -0.0293   0.3360   0.9855  44.2205 158.1835
   7.000   1.0724   0.00898   0.00159  -0.0323   0.3159   0.9883  45.5823 158.4978
   8.000   1.1860   0.00957   0.00173  -0.0342   0.2908   0.9930  47.3061 159.0114
   9.000   1.3028   0.01041   0.00201  -0.0372   0.2573   0.9971  49.6658 159.5995
  10.000   1.3805   0.01166   0.00242  -0.0326   0.2115   1.0000  52.9608 160.0000
  11.000   1.4343   0.01339   0.00299  -0.0236   0.1606   1.0000  56.7561 160.0000
  12.000   1.4718   0.01594   0.00387  -0.0128   0.1103   1.0000  60.7239 160.0000
  13.000   1.4833   0.01993   0.00554  -0.0011   0.0699   1.0000  64.3390 160.0000
  14.000   1.4840   0.02666   0.00921   0.0056   0.0474   1.0000  66.7942 160.0000
  15.000   1.4752   0.03684   0.01577   0.0073   0.0338   1.0000  68.6912 160.0000
