  
       XFOIL         Version 6.99
  
 Calculated polar for: EPPLER 334 AIRFOIL                              
  
 1 1 Reynolds number fixed          Mach number fixed         
  
 xtrf =   1.000 (top)        1.000 (bottom)  
 Mach =   0.000     Re =     0.500 e 6     Ncrit =   9.000  9.000
  
   alpha    CL        CD       CDp       CM     Top_Xtr  Bot_Xtr  Top_Itr  Bot_Itr
  ------ -------- --------- --------- -------- -------- -------- -------- --------
  -6.000  -0.1938   0.04882   0.03976  -0.0643   0.7281   0.0142  19.5206  92.4857
  -5.000  -0.1447   0.03632   0.02675  -0.0589   0.6697   0.0164  23.0903  93.1698
  -4.000  -0.0735   0.02750   0.01779  -0.0530   0.6211   0.0209  26.0814  94.3287
  -2.000   0.1150   0.00604   0.00212  -0.0415   0.5392   0.0179  31.1672  93.5811
  -1.000   0.2196   0.01140   0.00146  -0.0394   0.5118   0.0161  32.8843  93.0634
   0.000   0.2878   0.00786   0.00114  -0.0306   0.4858   0.8470  34.5300 148.5415
   1.000   0.5280   0.00959   0.00189  -0.0540   0.4542   0.9849  36.5321 158.1129
   2.000   0.6507   0.00969   0.00179  -0.0570   0.4322   0.9915  37.9394 158.8514
   3.000   0.7708   0.00980   0.00182  -0.0596   0.4126   0.9969  39.1982 159.5643
   4.000   0.8800   0.01006   0.00196  -0.0600   0.3946   1.0000  40.3660 160.0000
   5.000   0.9706   0.01046   0.00218  -0.0565   0.3773   1.0000  41.4961 160.0000
   6.000   1.0585   0.01093   0.00238  -0.0526   0.3594   1.0000  42.6702 160.0000
   7.000   1.1415   0.01152   0.00258  -0.0478   0.3406   1.0000  43.9153 160.0000
   8.000   1.2187   0.01208   0.00275  -0.0420   0.3187   1.0000  45.3877 160.0000
   9.000   1.2830   0.01281   0.00286  -0.0338   0.2943   1.0000  47.0602 160.0000
  10.000   1.3461   0.01369   0.00296  -0.0257   0.2630   1.0000  49.2616 160.0000
  11.000   1.4112   0.01530   0.00334  -0.0192   0.2166   1.0000  52.5892 160.0000
  12.000   1.4448   0.01795   0.00418  -0.0084   0.1662   1.0000  56.3289 160.0000
  13.000   1.4522   0.02277   0.00640   0.0018   0.1212   1.0000  59.8295 160.0000
  14.000   1.4427   0.03129   0.01149   0.0069   0.0892   1.0000  62.5328 160.0000
  15.000   1.4160   0.04390   0.02021   0.0074   0.0676   1.0000  64.5663 160.0000
