  
       XFOIL         Version 6.99
  
 Calculated polar for: EPPLER 338 AIRFOIL                              
  
 1 1 Reynolds number fixed          Mach number fixed         
  
 xtrf =   1.000 (top)        1.000 (bottom)  
 Mach =   0.000     Re =     1.000 e 6     Ncrit =   9.000  9.000
  
   alpha    CL        CD       CDp       CM     Top_Xtr  Bot_Xtr  Top_Itr  Bot_Itr
  ------ -------- --------- --------- -------- -------- -------- -------- --------
  -4.000  -0.1477   0.01341   0.00347  -0.0279   0.5325   0.0075  31.3243  89.8335
  -3.000  -0.0480   0.01125   0.00179  -0.0251   0.4989   0.0091  33.4134  90.5107
  -2.000   0.0514   0.01013   0.00097  -0.0222   0.4697   0.0106  35.2354  91.0923
  -1.000   0.1524   0.00936   0.00060  -0.0197   0.4448   0.0264  36.8060  95.3049
   0.000   0.2095   0.00659   0.00077  -0.0088   0.4254   0.8828  38.0324 150.8279
   1.000   0.3038   0.00766   0.00163  -0.0030   0.4075   0.9309  39.1803 153.9225
   2.000   0.4078   0.00820   0.00189  -0.0005   0.3913   0.9476  40.2232 155.0754
   3.000   0.5165   0.00831   0.00185  -0.0002   0.3766   0.9510  41.1754 155.3231
   4.000   0.6207   0.00848   0.00179   0.0007   0.3627   0.9550  42.0780 155.6193
   6.000   0.8276   0.00888   0.00170   0.0025   0.3354   0.9625  43.8751 156.1915
   7.000   0.9325   0.00919   0.00165   0.0028   0.3170   0.9660  45.1058 156.4770
   8.000   1.0337   0.00956   0.00161   0.0037   0.2999   0.9706  46.2746 156.8451
   9.000   1.1340   0.01010   0.00159   0.0044   0.2775   0.9756  47.8387 157.2830
  10.000   1.2332   0.01090   0.00169   0.0049   0.2492   0.9815  49.8564 157.8242
  11.000   1.3329   0.01234   0.00213   0.0042   0.2062   0.9870  52.9891 158.3786
  12.000   1.4182   0.01490   0.00320   0.0044   0.1452   0.9958  57.5931 159.4132
  13.000   1.4276   0.01834   0.00442   0.0164   0.1012   1.0000  61.1822 160.0000
  14.000   1.4159   0.02554   0.00809   0.0241   0.0636   1.0000  64.6937 160.0000
  15.000   1.3922   0.03677   0.01521   0.0259   0.0474   1.0000  66.5623 160.0000
