  
       XFOIL         Version 6.99
  
 Calculated polar for: EPPLER 339 AIRFOIL                              
  
 1 1 Reynolds number fixed          Mach number fixed         
  
 xtrf =   1.000 (top)        1.000 (bottom)  
 Mach =   0.000     Re =     1.000 e 6     Ncrit =   9.000  9.000
  
   alpha    CL        CD       CDp       CM     Top_Xtr  Bot_Xtr  Top_Itr  Bot_Itr
  ------ -------- --------- --------- -------- -------- -------- -------- --------
  -3.000   0.0306   0.01314   0.00344  -0.0446   0.4971   0.0124  31.5834  92.7904
  -2.000   0.1310   0.01069   0.00136  -0.0414   0.4701   0.0104  33.1623  92.0390
  -1.000   0.2310   0.00964   0.00074  -0.0387   0.4475   0.0118  34.4995  92.5745
   0.000   0.3295   0.00865   0.00058  -0.0361   0.4278   0.2230  35.6803 113.1582
   1.000   0.3874   0.00751   0.00146  -0.0235   0.4125   0.9249  36.6027 153.5273
   2.000   0.4787   0.00805   0.00169  -0.0179   0.3979   0.9495  37.4867 155.2493
   3.000   0.5852   0.00819   0.00162  -0.0172   0.3842   0.9535  38.3266 155.5527
   4.000   0.6898   0.00840   0.00158  -0.0164   0.3711   0.9576  39.1378 155.8687
   5.000   0.7950   0.00865   0.00157  -0.0158   0.3579   0.9610  39.9670 156.1379
   6.000   0.9014   0.00888   0.00155  -0.0156   0.3459   0.9646  40.7228 156.4327
   7.000   1.0050   0.00921   0.00153  -0.0151   0.3325   0.9689  41.5877 156.7923
   8.000   1.1063   0.00961   0.00149  -0.0143   0.3164   0.9740  42.6395 157.2377
   9.000   1.2078   0.01017   0.00149  -0.0138   0.2986   0.9800  43.8263 157.7857
  10.000   1.3150   0.01092   0.00160  -0.0151   0.2737   0.9855  45.5360 158.3267
  11.000   1.4181   0.01220   0.00194  -0.0164   0.2381   0.9927  48.0431 159.0690
  12.000   1.4746   0.01430   0.00254  -0.0099   0.1831   1.0000  52.0596 160.0000
  13.000   1.4960   0.01773   0.00368   0.0006   0.1349   1.0000  55.8030 160.0000
  14.000   1.4913   0.02400   0.00659   0.0092   0.0985   1.0000  58.9320 160.0000
  15.000   1.4753   0.03368   0.01223   0.0130   0.0745   1.0000  61.3311 160.0000
