  
       XFOIL         Version 6.99
  
 Calculated polar for: EPPLER 339 AIRFOIL                              
  
 1 1 Reynolds number fixed          Mach number fixed         
  
 xtrf =   1.000 (top)        1.000 (bottom)  
 Mach =   0.000     Re =     0.500 e 6     Ncrit =   9.000  9.000
  
   alpha    CL        CD       CDp       CM     Top_Xtr  Bot_Xtr  Top_Itr  Bot_Itr
  ------ -------- --------- --------- -------- -------- -------- -------- --------
  -6.000  -0.1808   0.04338   0.03304  -0.0677   0.6577   0.0169  22.4403  94.3681
  -5.000  -0.1336   0.03302   0.02254  -0.0595   0.6135   0.0201  24.9184  95.3663
  -4.000  -0.0641   0.02481   0.01404  -0.0517   0.5752   0.0271  27.0873  97.2206
  -2.000   0.1331   0.01285   0.00221  -0.0420   0.5115   0.0162  30.7484  94.1307
  -1.000   0.2293   0.01149   0.00133  -0.0384   0.4855   0.0204  32.2622  95.4349
   0.000   0.2806   0.00881   0.00179  -0.0253   0.4659   0.9003  33.4146 151.9628
   1.000   0.5212   0.01111   0.00287  -0.0484   0.4407   0.9631  34.9086 156.3118
   2.000   0.6278   0.01124   0.00279  -0.0479   0.4240   0.9721  35.9060 157.0645
   3.000   0.7468   0.01131   0.00276  -0.0503   0.4086   0.9770  36.8382 157.5162
   4.000   0.8476   0.01154   0.00283  -0.0490   0.3947   0.9830  37.6846 158.0685
   5.000   0.9593   0.01178   0.00293  -0.0501   0.3808   0.9866  38.5400 158.4368
   6.000   1.0595   0.01219   0.00306  -0.0490   0.3671   0.9908  39.3920 158.8620
   7.000   1.1627   0.01261   0.00319  -0.0487   0.3522   0.9942  40.3245 159.2635
   8.000   1.2625   0.01307   0.00329  -0.0480   0.3351   0.9976  41.4164 159.6979
   9.000   1.3517   0.01368   0.00341  -0.0452   0.3171   1.0000  42.5922 160.0000
  10.000   1.4050   0.01444   0.00340  -0.0354   0.2963   1.0000  43.9782 160.0000
  11.000   1.4191   0.01503   0.00314  -0.0181   0.2752   1.0000  45.4315 160.0000
  12.000   1.4500   0.01641   0.00307  -0.0059   0.2451   1.0000  47.5485 160.0000
  13.000   1.4787   0.01958   0.00400   0.0030   0.2047   1.0000  50.4666 160.0000
  14.000   1.4759   0.02608   0.00709   0.0105   0.1639   1.0000  53.5206 160.0000
  15.000   1.4444   0.03740   0.01399   0.0139   0.1287   1.0000  56.3111 160.0000
