  
       XFOIL         Version 6.99
  
 Calculated polar for: EPPLER 342 AIRFOIL                              
  
 1 1 Reynolds number fixed          Mach number fixed         
  
 xtrf =   1.000 (top)        1.000 (bottom)  
 Mach =   0.000     Re =     1.000 e 6     Ncrit =   9.000  9.000
  
   alpha    CL        CD       CDp       CM     Top_Xtr  Bot_Xtr  Top_Itr  Bot_Itr
  ------ -------- --------- --------- -------- -------- -------- -------- --------
  -5.000  -0.3036   0.01658   0.00515  -0.0139   0.5308   0.0089  29.8486  90.0813
  -4.000  -0.2005   0.01270   0.00218  -0.0115   0.4959   0.0077  31.8922  89.5447
  -3.000  -0.1048   0.01105   0.00111  -0.0079   0.4668   0.0079  33.6138  89.6188
  -2.000  -0.0073   0.01016   0.00069  -0.0046   0.4410   0.0104  35.1526  90.6779
  -1.000   0.0897   0.00937   0.00058  -0.0015   0.4205   0.1016  36.3916 104.1233
   0.000   0.1303   0.00714   0.00122   0.0137   0.4048   0.8950  37.3442 151.3616
   1.000   0.2438   0.00857   0.00232   0.0155   0.3889   0.9242  38.3139 153.2243
   2.000   0.3578   0.00915   0.00254   0.0154   0.3749   0.9347  39.1821 153.9203
   3.000   0.4601   0.00917   0.00248   0.0169   0.3616   0.9387  40.0074 154.1942
   4.000   0.5667   0.00924   0.00242   0.0175   0.3512   0.9420  40.6598 154.4322
   5.000   0.6632   0.00932   0.00230   0.0199   0.3405   0.9465  41.3366 154.7527
   6.000   0.7600   0.00949   0.00218   0.0219   0.3290   0.9502  42.0742 155.0194
   7.000   0.8628   0.00967   0.00212   0.0227   0.3172   0.9530  42.8374 155.2455
   8.000   0.9642   0.00994   0.00203   0.0235   0.3043   0.9561  43.6791 155.4987
   9.000   1.0625   0.01031   0.00193   0.0247   0.2889   0.9598  44.7101 155.8039
  10.000   1.1559   0.01083   0.00184   0.0265   0.2691   0.9639  46.0630 156.1540
  11.000   1.2401   0.01155   0.00172   0.0299   0.2436   0.9696  47.8571 156.6666
  12.000   1.3091   0.01285   0.00169   0.0351   0.2084   0.9780  50.3832 157.4623
  13.000   1.3745   0.01570   0.00258   0.0377   0.1589   0.9881  54.0531 158.5089
  14.000   1.4270   0.02155   0.00567   0.0351   0.1102   0.9985  57.9342 159.7990
  15.000   1.3975   0.03028   0.01034   0.0413   0.0883   1.0000  59.8758 160.0000
