  
       XFOIL         Version 6.99
  
 Calculated polar for: EPPLER 344 AIRFOIL                              
  
 1 1 Reynolds number fixed          Mach number fixed         
  
 xtrf =   1.000 (top)        1.000 (bottom)  
 Mach =   0.000     Re =     1.000 e 6     Ncrit =   9.000  9.000
  
   alpha    CL        CD       CDp       CM     Top_Xtr  Bot_Xtr  Top_Itr  Bot_Itr
  ------ -------- --------- --------- -------- -------- -------- -------- --------
  -6.000  -0.1970   0.03287   0.02278  -0.0624   0.5498   0.0134  29.5023  93.1323
  -5.000  -0.1336   0.02646   0.01649  -0.0555   0.5182   0.0147  31.3881  93.5759
  -4.000  -0.0561   0.01978   0.00962  -0.0487   0.4911   0.0178  33.0192  94.5231
  -2.000   0.1408   0.01061   0.00118  -0.0400   0.4455   0.0105  35.8086  92.0895
  -1.000   0.2411   0.00991   0.00079  -0.0374   0.4261   0.0155  37.0041  93.8466
   0.000   0.3158   0.00739   0.00056  -0.0309   0.4120   0.6687  37.8827 137.2916
   1.000   0.3962   0.00800   0.00171  -0.0221   0.3993   0.9156  38.6814 152.7468
   2.000   0.4877   0.00865   0.00208  -0.0164   0.3880   0.9391  39.3932 154.3364
   3.000   0.5922   0.00881   0.00199  -0.0154   0.3767   0.9432  40.1088 154.6356
   4.000   0.6990   0.00896   0.00191  -0.0152   0.3667   0.9467  40.7505 154.8856
   5.000   0.8056   0.00915   0.00190  -0.0150   0.3571   0.9496  41.3682 155.0971
   6.000   0.9084   0.00947   0.00188  -0.0142   0.3465   0.9524  42.0550 155.3204
   7.000   1.0127   0.00973   0.00184  -0.0139   0.3368   0.9556  42.6954 155.5687
   8.000   1.1142   0.01011   0.00180  -0.0132   0.3256   0.9595  43.4357 155.8683
   9.000   1.2109   0.01054   0.00173  -0.0118   0.3131   0.9635  44.2777 156.2003
  10.000   1.2977   0.01101   0.00152  -0.0086   0.2977   0.9700  45.3450 156.7513
  11.000   1.3831   0.01175   0.00138  -0.0057   0.2785   0.9793  46.6987 157.6077
  12.000   1.4797   0.01310   0.00168  -0.0065   0.2489   0.9889  48.8350 158.5839
  13.000   1.5441   0.01537   0.00232  -0.0029   0.2100   1.0000  51.6964 160.0000
  14.000   1.5626   0.01965   0.00379   0.0052   0.1718   1.0000  54.5708 160.0000
  15.000   1.5497   0.02777   0.00776   0.0112   0.1381   1.0000  57.1999 160.0000
