  
       XFOIL         Version 6.99
  
 Calculated polar for: EPPLER 344 AIRFOIL                              
  
 1 1 Reynolds number fixed          Mach number fixed         
  
 xtrf =   1.000 (top)        1.000 (bottom)  
 Mach =   0.000     Re =     0.500 e 6     Ncrit =   9.000  9.000
  
   alpha    CL        CD       CDp       CM     Top_Xtr  Bot_Xtr  Top_Itr  Bot_Itr
  ------ -------- --------- --------- -------- -------- -------- -------- --------
  -6.000  -0.1775   0.04074   0.02986  -0.0663   0.5998   0.0213  26.5386  95.4518
  -5.000  -0.1267   0.03169   0.02061  -0.0578   0.5652   0.0253  28.5844  96.3649
  -4.000  -0.0540   0.02485   0.01355  -0.0507   0.5336   0.0306  30.4706  97.4162
  -3.000   0.0452   0.01553   0.00387  -0.0439   0.5074   0.0161  32.0376  94.0174
  -2.000   0.1435   0.01285   0.00204  -0.0406   0.4824   0.0168  33.5513  94.2336
  -1.000   0.2394   0.01182   0.00144  -0.0371   0.4618   0.0272  34.8049  96.7732
   0.000   0.2855   0.00953   0.00221  -0.0227   0.4459   0.8967  35.7783 151.5492
   1.000   0.5268   0.01208   0.00356  -0.0457   0.4259   0.9524  37.0170 155.3207
   2.000   0.6307   0.01214   0.00347  -0.0446   0.4131   0.9623  37.8154 156.0929
   3.000   0.7488   0.01222   0.00344  -0.0468   0.4009   0.9675  38.5829 156.5388
   4.000   0.8437   0.01249   0.00350  -0.0443   0.3901   0.9740  39.2623 157.0991
   5.000   0.9528   0.01282   0.00355  -0.0450   0.3787   0.9776  39.9851 157.4426
   6.000   1.0437   0.01307   0.00365  -0.0420   0.3684   0.9822  40.6396 157.8864
   7.000   1.1423   0.01351   0.00379  -0.0408   0.3574   0.9855  41.3498 158.2201
   8.000   1.2395   0.01403   0.00386  -0.0397   0.3453   0.9890  42.1348 158.5989
   9.000   1.3256   0.01463   0.00387  -0.0364   0.3320   0.9931  43.0113 159.0391
  10.000   1.4218   0.01521   0.00392  -0.0357   0.3161   0.9973  44.0734 159.6225
  11.000   1.4818   0.01589   0.00386  -0.0281   0.2990   1.0000  45.2485 160.0000
  12.000   1.4625   0.01643   0.00313  -0.0055   0.2836   1.0000  46.3348 160.0000
  13.000   1.5037   0.01851   0.00336   0.0022   0.2576   1.0000  48.1978 160.0000
  14.000   1.5254   0.02290   0.00491   0.0087   0.2248   1.0000  50.6021 160.0000
  15.000   1.5111   0.03159   0.00938   0.0135   0.1913   1.0000  53.0907 160.0000
