  
       XFOIL         Version 6.99
  
 Calculated polar for: EPPLER 360 AIRFOIL                              
  
 1 1 Reynolds number fixed          Mach number fixed         
  
 xtrf =   1.000 (top)        1.000 (bottom)  
 Mach =   0.000     Re =     0.500 e 6     Ncrit =   9.000  9.000
  
   alpha    CL        CD       CDp       CM     Top_Xtr  Bot_Xtr  Top_Itr  Bot_Itr
  ------ -------- --------- --------- -------- -------- -------- -------- --------
  -6.000  -0.4931   0.01592   0.00487  -0.0209   0.9521   0.0129   5.3020  90.6892
  -5.000  -0.3698   0.01241   0.00246  -0.0234   0.8675   0.0148  10.7260  91.2989
  -4.000  -0.2805   0.01086   0.00157  -0.0186   0.7948   0.0310  15.2696  94.7902
  -3.000  -0.1995   0.00856   0.00090  -0.0133   0.7445   0.3329  18.4146 116.3323
  -2.000  -0.1224   0.00690   0.00099  -0.0060   0.7060   0.7609  20.8230 143.6721
  -1.000  -0.0174   0.00716   0.00129  -0.0035   0.6740   0.8262  22.8267 147.7893
   0.000   0.0877   0.00748   0.00162  -0.0009   0.6459   0.8693  24.5935 150.4852
   1.000   0.1945   0.00762   0.00161   0.0006   0.6126   0.8926  26.6894 151.9464
   2.000   0.3014   0.00773   0.00153   0.0019   0.5740   0.9111  29.1351 153.1211
   3.000   0.4090   0.00788   0.00150   0.0030   0.5364   0.9296  31.5291 154.3019
   4.000   0.5188   0.00818   0.00145   0.0035   0.4840   0.9482  34.9125 155.5137
   5.000   0.6328   0.00909   0.00151   0.0023   0.3562   0.9653  43.3221 156.6933
   6.000   0.7527   0.01126   0.00229  -0.0017   0.1833   0.9789  54.8001 157.7440
   7.000   0.8815   0.01285   0.00311  -0.0073   0.1303   0.9913  58.4671 158.8847
   8.000   0.9934   0.01434   0.00399  -0.0098   0.1061   1.0000  60.2355 160.0000
   9.000   1.0379   0.01563   0.00459   0.0018   0.0927   1.0000  61.2713 160.0000
  10.000   1.0967   0.01729   0.00533   0.0101   0.0799   1.0000  62.3237 160.0000
  11.000   1.1433   0.01933   0.00617   0.0196   0.0692   1.0000  63.2815 160.0000
  12.000   1.1879   0.02214   0.00749   0.0271   0.0595   1.0000  64.2253 160.0000
  13.000   1.2255   0.02616   0.00967   0.0326   0.0511   1.0000  65.1189 160.0000
  14.000   1.2539   0.03177   0.01308   0.0362   0.0440   1.0000  65.9696 160.0000
  15.000   1.2815   0.03833   0.01747   0.0376   0.0385   1.0000  66.7113 160.0000
