  
       XFOIL         Version 6.99
  
 Calculated polar for: E387                                            
  
 1 1 Reynolds number fixed          Mach number fixed         
  
 xtrf =   1.000 (top)        1.000 (bottom)  
 Mach =   0.000     Re =     0.500 e 6     Ncrit =   9.000  9.000
  
   alpha    CL        CD       CDp       CM     Top_Xtr  Bot_Xtr  Top_Itr  Bot_Itr
  ------ -------- --------- --------- -------- -------- -------- -------- --------
  -6.000  -0.2202   0.03910   0.03013  -0.0822   0.8675   0.0214  10.9980  91.0883
  -5.000  -0.1440   0.02742   0.01852  -0.0839   0.7993   0.0284  15.6459  92.1565
  -3.000   0.0631   0.01073   0.00190  -0.0804   0.7218   0.0167  20.9366  90.2114
  -2.000   0.1737   0.00939   0.00090  -0.0799   0.6925   0.0266  22.9452  91.9282
  -1.000   0.2816   0.00760   0.00078  -0.0800   0.6666   0.4720  24.7252 123.2223
   0.000   0.3968   0.00643   0.00084  -0.0801   0.6433   1.0000  26.3255 160.0000
   1.000   0.5069   0.00674   0.00088  -0.0797   0.6210   1.0000  27.8584 160.0000
   2.000   0.6175   0.00707   0.00099  -0.0795   0.5982   1.0000  29.4261 160.0000
   3.000   0.7274   0.00741   0.00107  -0.0792   0.5713   1.0000  31.2947 160.0000
   4.000   0.8367   0.00776   0.00114  -0.0788   0.5398   1.0000  33.4860 160.0000
   5.000   0.9435   0.00821   0.00112  -0.0780   0.4882   1.0000  37.1052 160.0000
   6.000   1.0426   0.00941   0.00129  -0.0762   0.3595   1.0000  46.2160 160.0000
   7.000   1.1126   0.01379   0.00309  -0.0713   0.0719   1.0000  67.4068 160.0000
   8.000   1.1858   0.01729   0.00470  -0.0660   0.0145   1.0000  73.9428 160.0000
   9.000   1.2494   0.02067   0.00657  -0.0594   0.0126   1.0000  74.4101 160.0000
  10.000   1.2757   0.02523   0.00926  -0.0484   0.0117   1.0000  74.6306 160.0000
  11.000   1.2976   0.03181   0.01347  -0.0405   0.0112   1.0000  74.7628 160.0000
  12.000   1.3330   0.03981   0.01868  -0.0352   0.0109   1.0000  74.8327 160.0000
  13.000   1.3518   0.05054   0.02662  -0.0313   0.0110   1.0000  74.8090 160.0000
  14.000   1.1927   0.07704   0.03924  -0.0319   0.0126   1.0000  74.3986 160.0000
  15.000   1.0997   0.10763   0.06469  -0.0446   0.0134   1.0000  74.2189 160.0000
