  
       XFOIL         Version 6.99
  
 Calculated polar for: EPPLER 395 AIRFOIL                              
  
 1 1 Reynolds number fixed          Mach number fixed         
  
 xtrf =   1.000 (top)        1.000 (bottom)  
 Mach =   0.000     Re =     1.000 e 6     Ncrit =   9.000  9.000
  
   alpha    CL        CD       CDp       CM     Top_Xtr  Bot_Xtr  Top_Itr  Bot_Itr
  ------ -------- --------- --------- -------- -------- -------- -------- --------
  -6.000   0.0395   0.00862   0.00109  -0.1675   0.7923   0.0425  16.0531  95.4082
  -5.000   0.1529   0.00786   0.00075  -0.1685   0.7713   0.0889  17.4455  99.4777
  -4.000   0.2670   0.00736   0.00054  -0.1694   0.7518   0.1452  18.7310 103.4298
  -3.000   0.3814   0.00704   0.00045  -0.1702   0.7336   0.2112  19.9394 107.8062
  -2.000   0.4958   0.00682   0.00044  -0.1710   0.7158   0.2814  21.1177 112.3512
   0.000   0.7235   0.00661   0.00053  -0.1723   0.6791   0.4411  23.5510 122.5149
   1.000   0.8357   0.00661   0.00061  -0.1727   0.6587   0.5455  24.9089 129.1776
   2.000   0.9469   0.00661   0.00072  -0.1728   0.6348   0.6684  26.5013 137.0674
   3.000   1.0537   0.00666   0.00085  -0.1719   0.6055   0.8179  28.4560 146.7565
   4.000   1.1488   0.00679   0.00085  -0.1683   0.5700   1.0000  30.8314 160.0000
   5.000   1.2506   0.00748   0.00094  -0.1667   0.5208   1.0000  34.1217 160.0000
   6.000   1.3427   0.00856   0.00116  -0.1634   0.4469   1.0000  39.0498 160.0000
   7.000   1.4114   0.01065   0.00180  -0.1559   0.3165   1.0000  47.7859 160.0000
   8.000   1.4528   0.01336   0.00279  -0.1436   0.1938   1.0000  56.1534 160.0000
   9.000   1.4875   0.01665   0.00423  -0.1315   0.1012   1.0000  62.8578 160.0000
  10.000   1.5212   0.02051   0.00616  -0.1210   0.0474   1.0000  67.4972 160.0000
  11.000   1.5530   0.02523   0.00879  -0.1121   0.0201   1.0000  71.3076 160.0000
  12.000   1.5849   0.03071   0.01205  -0.1049   0.0096   1.0000  74.1583 160.0000
  13.000   1.6119   0.03736   0.01623  -0.0989   0.0053   1.0000  76.0985 160.0000
  14.000   1.6322   0.04554   0.02166  -0.0943   0.0036   1.0000  77.2272 160.0000
  15.000   1.6385   0.05638   0.02941  -0.0911   0.0026   1.0000  77.9829 160.0000
