  
       XFOIL         Version 6.99
  
 Calculated polar for: EPPLER 396 AIRFOIL                              
  
 1 1 Reynolds number fixed          Mach number fixed         
  
 xtrf =   1.000 (top)        1.000 (bottom)  
 Mach =   0.000     Re =     0.500 e 6     Ncrit =   9.000  9.000
  
   alpha    CL        CD       CDp       CM     Top_Xtr  Bot_Xtr  Top_Itr  Bot_Itr
  ------ -------- --------- --------- -------- -------- -------- -------- --------
  -6.000   0.0408   0.01095   0.00222  -0.1655   0.8044   0.0641  15.5594  95.4164
  -5.000   0.1538   0.01008   0.00171  -0.1664   0.7863   0.1118  16.8176  98.9649
  -4.000   0.2681   0.00946   0.00144  -0.1675   0.7694   0.1771  17.9862 103.5145
  -3.000   0.3820   0.00908   0.00136  -0.1683   0.7527   0.2527  19.1395 108.6557
  -2.000   0.4959   0.00886   0.00137  -0.1691   0.7362   0.3309  20.2831 113.9003
  -1.000   0.6095   0.00870   0.00143  -0.1698   0.7194   0.4181  21.4452 119.7096
   0.000   0.7226   0.00861   0.00154  -0.1703   0.7024   0.5244  22.6284 126.8048
   1.000   0.8344   0.00856   0.00167  -0.1705   0.6849   0.6516  23.8409 135.3380
   2.000   0.9408   0.00852   0.00183  -0.1694   0.6658   0.8051  25.1599 145.6902
   3.000   1.0372   0.00842   0.00173  -0.1659   0.6438   1.0000  26.6940 160.0000
   4.000   1.1446   0.00881   0.00166  -0.1654   0.6169   1.0000  28.5644 160.0000
   5.000   1.2471   0.00930   0.00160  -0.1639   0.5849   1.0000  30.7976 160.0000
   6.000   1.3428   0.00996   0.00160  -0.1612   0.5442   1.0000  33.6258 160.0000
   7.000   1.4264   0.01097   0.00168  -0.1562   0.4895   1.0000  37.4203 160.0000
   8.000   1.4796   0.01266   0.00197  -0.1457   0.4103   1.0000  42.9016 160.0000
   9.000   1.5011   0.01595   0.00311  -0.1312   0.2984   1.0000  50.6870 160.0000
  10.000   1.5086   0.02113   0.00559  -0.1176   0.1920   1.0000  58.2125 160.0000
  11.000   1.5188   0.02755   0.00918  -0.1074   0.1128   1.0000  64.0748 160.0000
  12.000   1.5297   0.03514   0.01386  -0.0996   0.0577   1.0000  68.5608 160.0000
  13.000   1.5409   0.04385   0.01965  -0.0940   0.0288   1.0000  71.4679 160.0000
  14.000   1.5495   0.05403   0.02680  -0.0903   0.0160   1.0000  73.3765 160.0000
  15.000   1.5500   0.06646   0.03607  -0.0885   0.0099   1.0000  74.7564 160.0000
