  
       XFOIL         Version 6.99
  
 Calculated polar for: EPPLER 397 AIRFOIL                              
  
 1 1 Reynolds number fixed          Mach number fixed         
  
 xtrf =   1.000 (top)        1.000 (bottom)  
 Mach =   0.000     Re =     1.000 e 6     Ncrit =   9.000  9.000
  
   alpha    CL        CD       CDp       CM     Top_Xtr  Bot_Xtr  Top_Itr  Bot_Itr
  ------ -------- --------- --------- -------- -------- -------- -------- --------
  -6.000   0.0256   0.00873   0.00113  -0.1639   0.7538   0.0685  18.3951  98.3026
  -5.000   0.1398   0.00805   0.00082  -0.1651   0.7388   0.1173  19.3804 101.9591
  -3.000   0.3700   0.00725   0.00057  -0.1674   0.7116   0.2424  21.1821 110.2782
  -2.000   0.4852   0.00708   0.00056  -0.1685   0.6984   0.3064  22.0522 114.3848
  -1.000   0.6001   0.00696   0.00059  -0.1694   0.6854   0.3704  22.9094 118.4455
   1.000   0.8280   0.00686   0.00072  -0.1710   0.6575   0.5270  24.7622 128.3227
   2.000   0.9398   0.00689   0.00079  -0.1714   0.6402   0.6261  25.9102 134.6112
   3.000   1.0488   0.00690   0.00085  -0.1711   0.6162   0.7380  27.5127 141.7643
   5.000   1.2421   0.00740   0.00086  -0.1653   0.5361   1.0000  32.8759 160.0000
   6.000   1.3319   0.00842   0.00103  -0.1616   0.4675   1.0000  37.4549 160.0000
   7.000   1.3865   0.01043   0.00157  -0.1513   0.3504   1.0000  45.2547 160.0000
   8.000   1.4123   0.01350   0.00265  -0.1368   0.2218   1.0000  53.9009 160.0000
   9.000   1.4344   0.01737   0.00434  -0.1238   0.1243   1.0000  60.7742 160.0000
  11.000   1.4951   0.02683   0.00944  -0.1060   0.0395   1.0000  68.0807 160.0000
  12.000   1.5393   0.03154   0.01210  -0.1007   0.0280   1.0000  69.5908 160.0000
  13.000   1.5652   0.03836   0.01632  -0.0951   0.0124   1.0000  73.0029 160.0000
  14.000   1.5899   0.04609   0.02137  -0.0909   0.0071   1.0000  75.0443 160.0000
  15.000   1.6110   0.05498   0.02744  -0.0879   0.0047   1.0000  76.3229 160.0000
