  
       XFOIL         Version 6.99
  
 Calculated polar for: EPPLER 398 AIRFOIL                              
  
 1 1 Reynolds number fixed          Mach number fixed         
  
 xtrf =   1.000 (top)        1.000 (bottom)  
 Mach =   0.000     Re =     0.500 e 6     Ncrit =   9.000  9.000
  
   alpha    CL        CD       CDp       CM     Top_Xtr  Bot_Xtr  Top_Itr  Bot_Itr
  ------ -------- --------- --------- -------- -------- -------- -------- --------
  -6.000   0.0098   0.01086   0.00207  -0.1558   0.7630   0.0852  17.3860 101.2301
  -5.000   0.1221   0.01006   0.00161  -0.1566   0.7393   0.1395  18.8830 105.1132
  -4.000   0.2355   0.00951   0.00139  -0.1574   0.7180   0.2079  20.2360 109.5577
  -3.000   0.3496   0.00921   0.00134  -0.1582   0.6983   0.2810  21.4879 114.1405
  -2.000   0.4638   0.00906   0.00136  -0.1590   0.6802   0.3516  22.6369 118.4770
  -1.000   0.5779   0.00902   0.00144  -0.1597   0.6633   0.4248  23.7150 122.9123
   0.000   0.6916   0.00903   0.00157  -0.1604   0.6471   0.5077  24.7471 127.9376
   1.000   0.8044   0.00910   0.00175  -0.1608   0.6312   0.6062  25.7592 133.9379
   2.000   0.9151   0.00919   0.00196  -0.1608   0.6153   0.7207  26.7773 140.9841
   3.000   1.0172   0.00926   0.00215  -0.1587   0.5988   0.8623  27.8345 149.8451
   4.000   1.1197   0.00946   0.00206  -0.1569   0.5805   1.0000  29.0053 160.0000
   5.000   1.2257   0.00988   0.00210  -0.1562   0.5583   1.0000  30.4330 160.0000
   6.000   1.3275   0.01041   0.00206  -0.1548   0.5323   1.0000  32.1164 160.0000
   7.000   1.4216   0.01104   0.00204  -0.1519   0.4983   1.0000  34.3298 160.0000
   8.000   1.5010   0.01202   0.00208  -0.1463   0.4492   1.0000  37.5504 160.0000
   9.000   1.5401   0.01407   0.00247  -0.1338   0.3682   1.0000  42.8721 160.0000
  10.000   1.5506   0.01812   0.00409  -0.1191   0.2695   1.0000  49.4112 160.0000
  11.000   1.5466   0.02453   0.00747  -0.1063   0.1810   1.0000  55.4198 160.0000
  12.000   1.5432   0.03274   0.01246  -0.0973   0.1136   1.0000  60.2881 160.0000
  13.000   1.5427   0.04226   0.01876  -0.0913   0.0678   1.0000  64.0618 160.0000
  14.000   1.5442   0.05299   0.02631  -0.0878   0.0391   1.0000  67.1837 160.0000
  15.000   1.5468   0.06488   0.03509  -0.0863   0.0246   1.0000  69.5526 160.0000
