  
       XFOIL         Version 6.99
  
 Calculated polar for: EPPLER 399 AIRFOIL                              
  
 1 1 Reynolds number fixed          Mach number fixed         
  
 xtrf =   1.000 (top)        1.000 (bottom)  
 Mach =   0.000     Re =     0.500 e 6     Ncrit =   9.000  9.000
  
   alpha    CL        CD       CDp       CM     Top_Xtr  Bot_Xtr  Top_Itr  Bot_Itr
  ------ -------- --------- --------- -------- -------- -------- -------- --------
  -6.000   0.0029   0.01056   0.00191  -0.1565   0.7633   0.1196  16.8849 105.6173
  -5.000   0.1154   0.00984   0.00156  -0.1573   0.7395   0.1810  18.3241 109.6950
  -4.000   0.2292   0.00939   0.00140  -0.1582   0.7178   0.2512  19.6423 114.0406
  -3.000   0.3437   0.00920   0.00137  -0.1591   0.6982   0.3170  20.8312 117.9791
  -2.000   0.4584   0.00913   0.00141  -0.1600   0.6802   0.3743  21.9302 121.3330
  -1.000   0.5729   0.00915   0.00148  -0.1608   0.6632   0.4315  22.9657 124.6356
   0.000   0.6869   0.00921   0.00160  -0.1615   0.6469   0.4946  23.9565 128.2600
   1.000   0.7999   0.00931   0.00176  -0.1620   0.6311   0.5676  24.9253 132.4785
   2.000   0.9117   0.00946   0.00194  -0.1623   0.6152   0.6515  25.9007 137.3658
   4.000   1.1212   0.00981   0.00227  -0.1596   0.5806   0.8663  28.0305 150.2168
   5.000   1.2173   0.00994   0.00215  -0.1565   0.5590   1.0000  29.3676 160.0000
   6.000   1.3199   0.01048   0.00209  -0.1553   0.5336   1.0000  30.9496 160.0000
   7.000   1.4128   0.01112   0.00205  -0.1522   0.5006   1.0000  33.0225 160.0000
   8.000   1.4892   0.01206   0.00206  -0.1460   0.4541   1.0000  35.9649 160.0000
   9.000   1.5321   0.01397   0.00239  -0.1342   0.3790   1.0000  40.7455 160.0000
  10.000   1.5426   0.01796   0.00394  -0.1194   0.2826   1.0000  46.9246 160.0000
  11.000   1.5395   0.02424   0.00720  -0.1066   0.1943   1.0000  52.7249 160.0000
  12.000   1.5359   0.03235   0.01208  -0.0974   0.1257   1.0000  57.5299 160.0000
  13.000   1.5350   0.04181   0.01830  -0.0913   0.0769   1.0000  61.5115 160.0000
  15.000   1.5376   0.06445   0.03458  -0.0860   0.0286   1.0000  67.8360 160.0000
