  
       XFOIL         Version 6.99
  
 Calculated polar for: EPPLER 403 AIRFOIL                              
  
 1 1 Reynolds number fixed          Mach number fixed         
  
 xtrf =   1.000 (top)        1.000 (bottom)  
 Mach =   0.000     Re =     1.000 e 6     Ncrit =   9.000  9.000
  
   alpha    CL        CD       CDp       CM     Top_Xtr  Bot_Xtr  Top_Itr  Bot_Itr
  ------ -------- --------- --------- -------- -------- -------- -------- --------
  -6.000  -0.1232   0.01135   0.00301  -0.1393   0.9130   0.0133   8.0105  89.4173
  -5.000  -0.0209   0.01027   0.00263  -0.1395   0.9054   0.0187   8.5244  90.7885
  -4.000   0.1092   0.00680   0.00172  -0.1487   0.9006   0.5106   8.8432 126.0202
  -3.000   0.2259   0.00680   0.00197  -0.1504   0.8931   0.5742   9.3515 130.2055
  -2.000   0.3511   0.00661   0.00180  -0.1534   0.8834   0.5957  10.0018 131.6074
  -1.000   0.4676   0.00634   0.00156  -0.1548   0.8710   0.6056  10.8465 132.2425
   0.000   0.5831   0.00622   0.00138  -0.1560   0.8576   0.6146  11.7679 132.8211
   1.000   0.6967   0.00606   0.00111  -0.1567   0.8373   0.6230  13.1806 133.3525
   2.000   0.8051   0.00606   0.00088  -0.1563   0.8038   0.6314  15.4980 133.8876
   3.000   0.8948   0.00656   0.00065  -0.1518   0.7053   0.6393  22.0991 134.3904
   4.000   0.9295   0.00839   0.00083  -0.1362   0.5178   0.6474  34.1568 134.8983
   5.000   0.9863   0.01046   0.00135  -0.1264   0.3428   0.6555  45.2914 135.4119
   6.000   1.0572   0.01251   0.00194  -0.1199   0.2042   0.6634  54.3433 135.9104
   7.000   1.1248   0.01503   0.00287  -0.1134   0.0762   0.6717  63.5390 136.4352
   8.000   1.1904   0.01794   0.00407  -0.1067   0.0122   0.6797  72.1502 136.9442
   9.000   1.2625   0.02033   0.00520  -0.1013   0.0100   0.6887  72.8903 137.5148
  10.000   1.3263   0.02332   0.00677  -0.0950   0.0090   0.6974  73.2567 138.0709
  11.000   1.3796   0.02707   0.00900  -0.0881   0.0082   0.7073  73.5869 138.7039
  12.000   1.4155   0.03236   0.01241  -0.0801   0.0076   0.7170  73.8106 139.3306
  13.000   1.4245   0.04085   0.01821  -0.0712   0.0072   0.7269  73.9728 139.9655
  14.000   1.4438   0.04941   0.02454  -0.0658   0.0070   0.7382  74.0655 140.7001
  15.000   1.4527   0.06009   0.03301  -0.0625   0.0068   0.7510  74.1635 141.5361
