  
       XFOIL         Version 6.99
  
 Calculated polar for: EPPLER 403 AIRFOIL                              
  
 1 1 Reynolds number fixed          Mach number fixed         
  
 xtrf =   1.000 (top)        1.000 (bottom)  
 Mach =   0.000     Re =     0.500 e 6     Ncrit =   9.000  9.000
  
   alpha    CL        CD       CDp       CM     Top_Xtr  Bot_Xtr  Top_Itr  Bot_Itr
  ------ -------- --------- --------- -------- -------- -------- -------- --------
  -6.000  -0.2972   0.01851   0.00702  -0.1041   0.9122   0.0179   8.0643  90.5935
  -5.000  -0.1977   0.01655   0.00612  -0.1050   0.9016   0.0220   8.7807  91.5010
  -4.000  -0.0369   0.01241   0.00530  -0.1212   0.9003   0.5329   8.8678 127.4905
  -3.000   0.0684   0.01313   0.00621  -0.1201   0.8888   0.5994   9.6349 131.8422
  -2.000   0.2121   0.01301   0.00637  -0.1263   0.8857   0.6232   9.8498 133.3654
  -1.000   0.3434   0.01238   0.00578  -0.1306   0.8761   0.6343  10.4970 134.0720
   0.000   0.4996   0.01123   0.00493  -0.1396   0.8715   0.6431  10.8142 134.6273
   1.000   0.6268   0.01047   0.00421  -0.1430   0.8588   0.6523  11.6848 135.2071
   2.000   0.7578   0.00955   0.00326  -0.1468   0.8412   0.6614  12.9108 135.7859
   3.000   0.8596   0.00905   0.00254  -0.1445   0.8048   0.6699  15.4266 136.3222
   5.000   0.9913   0.01102   0.00178  -0.1258   0.5172   0.6878  34.1973 137.4546
   6.000   1.0387   0.01352   0.00240  -0.1149   0.3486   0.6974  44.9204 138.0712
   7.000   1.1005   0.01614   0.00326  -0.1074   0.1987   0.7064  54.7122 138.6464
   8.000   1.1593   0.01953   0.00455  -0.1004   0.0607   0.7160  64.8829 139.2665
   9.000   1.2166   0.02330   0.00623  -0.0931   0.0167   0.7260  70.8684 139.9119
  10.000   1.2735   0.02696   0.00824  -0.0864   0.0143   0.7366  71.5187 140.5974
  11.000   1.3095   0.03245   0.01163  -0.0782   0.0129   0.7471  71.9211 141.2815
  12.000   1.3419   0.03894   0.01595  -0.0710   0.0121   0.7593  72.1952 142.0748
  13.000   1.3727   0.04655   0.02128  -0.0652   0.0115   0.7718  72.3774 142.8898
  14.000   1.3967   0.05596   0.02824  -0.0608   0.0111   0.7861  72.5078 143.8319
  15.000   1.3983   0.06896   0.03886  -0.0582   0.0110   0.8013  72.5639 144.8333
