  
       XFOIL         Version 6.99
  
 Calculated polar for: EPPLER 417 AIRFOIL                              
  
 1 1 Reynolds number fixed          Mach number fixed         
  
 xtrf =   1.000 (top)        1.000 (bottom)  
 Mach =   0.000     Re =     0.500 e 6     Ncrit =   9.000  9.000
  
   alpha    CL        CD       CDp       CM     Top_Xtr  Bot_Xtr  Top_Itr  Bot_Itr
  ------ -------- --------- --------- -------- -------- -------- -------- --------
  -6.000  -0.3981   0.02030   0.00790  -0.0856   0.9299   0.0170   7.2554  89.7769
  -5.000  -0.2760   0.01737   0.00630  -0.0912   0.9229   0.0194   7.7558  90.2727
  -4.000  -0.1255   0.01482   0.00528  -0.1025   0.9205   0.1532   7.9301 101.6417
  -3.000   0.0008   0.01305   0.00566  -0.1089   0.9107   0.5864   8.6320 130.5314
  -1.000   0.2637   0.01290   0.00578  -0.1170   0.8948   0.6362   9.7633 133.8045
   0.000   0.4138   0.01169   0.00484  -0.1249   0.8896   0.6449  10.1400 134.3742
   1.000   0.5539   0.01062   0.00387  -0.1309   0.8799   0.6548  10.8320 135.0155
   2.000   0.6989   0.00933   0.00282  -0.1375   0.8640   0.6629  11.9650 135.5408
   3.000   0.8093   0.00870   0.00193  -0.1369   0.8201   0.6721  15.0316 136.1429
   4.000   0.9023   0.00935   0.00126  -0.1325   0.6452   0.6811  26.7674 136.7259
   5.000   0.9331   0.01204   0.00173  -0.1168   0.3978   0.6897  42.8802 137.2874
   6.000   0.9941   0.01498   0.00255  -0.1088   0.1740   0.6993  57.7472 137.9147
   7.000   1.0549   0.01859   0.00384  -0.1011   0.0179   0.7081  71.4027 138.4972
   8.000   1.1280   0.02126   0.00500  -0.0952   0.0142   0.7178  72.2833 139.1374
   9.000   1.1869   0.02481   0.00694  -0.0877   0.0123   0.7283  72.7833 139.8326
  10.000   1.2318   0.03079   0.01034  -0.0791   0.0115   0.7377  73.0011 140.4586
  11.000   1.2968   0.03662   0.01393  -0.0741   0.0112   0.7490  73.0864 141.2120
  12.000   1.3623   0.04699   0.02058  -0.0703   0.0116   0.7601  72.9742 141.9501
