  
       XFOIL         Version 6.99
  
 Calculated polar for: EPPLER 420 AIRFOIL                              
  
 1 1 Reynolds number fixed          Mach number fixed         
  
 xtrf =   1.000 (top)        1.000 (bottom)  
 Mach =   0.000     Re =     0.500 e 6     Ncrit =   9.000  9.000
  
   alpha    CL        CD       CDp       CM     Top_Xtr  Bot_Xtr  Top_Itr  Bot_Itr
  ------ -------- --------- --------- -------- -------- -------- -------- --------
  -6.000   0.4927   0.06357   0.05183  -0.1641   0.5788   0.0266  26.2624  99.0833
  -5.000   0.5156   0.05810   0.04714  -0.1611   0.5639   0.0283  27.0312  99.5155
  -4.000   0.6751   0.01583   0.00471  -0.2289   0.5545   0.0191  27.5220  96.8831
  -2.000   0.9060   0.01328   0.00222  -0.2314   0.5310   0.0350  28.7579 101.2042
  -1.000   1.0187   0.01309   0.00210  -0.2317   0.5216   0.0864  29.2620 109.2889
   0.000   1.1257   0.01329   0.00218  -0.2308   0.5124   0.1334  29.7564 113.1950
   1.000   1.2348   0.01377   0.00240  -0.2305   0.5043   0.1770  30.1947 115.7780
   2.000   1.3366   0.01414   0.00252  -0.2288   0.4964   0.2176  30.6254 117.8837
   3.000   1.4465   0.01484   0.00277  -0.2291   0.4884   0.2604  31.0616 120.0915
   4.000   1.5389   0.01526   0.00297  -0.2260   0.4816   0.3128  31.4374 122.8399
