  
       XFOIL         Version 6.99
  
 Calculated polar for: EPPLER 421 AIRFOIL                              
  
 1 1 Reynolds number fixed          Mach number fixed         
  
 xtrf =   1.000 (top)        1.000 (bottom)  
 Mach =   0.000     Re =     0.500 e 6     Ncrit =   9.000  9.000
  
   alpha    CL        CD       CDp       CM     Top_Xtr  Bot_Xtr  Top_Itr  Bot_Itr
  ------ -------- --------- --------- -------- -------- -------- -------- --------
  -6.000   0.3076   0.05829   0.04778  -0.1382   0.5699   0.0309  27.0113 100.2655
  -5.000   0.3489   0.01437   0.00387  -0.1810   0.5591   0.0201  27.5920  97.3294
  -4.000   0.4579   0.01305   0.00273  -0.1804   0.5417   0.0281  28.5377  99.5639
  -3.000   0.5680   0.01220   0.00211  -0.1799   0.5268   0.0595  29.3542 105.4938
  -2.000   0.6783   0.01209   0.00203  -0.1792   0.5135   0.0992  30.0840 109.7432
  -1.000   0.7877   0.01208   0.00207  -0.1784   0.5019   0.1401  30.7280 112.6925
   0.000   0.8974   0.01233   0.00219  -0.1777   0.4918   0.1777  31.2973 114.9008
   1.000   1.0056   0.01259   0.00228  -0.1768   0.4817   0.2148  31.8664 116.8802
   2.000   1.1128   0.01290   0.00247  -0.1759   0.4729   0.2554  32.3662 118.9940
   3.000   1.2192   0.01326   0.00267  -0.1751   0.4642   0.3172  32.8670 122.2620
   7.000   1.6170   0.01508   0.00372  -0.1680   0.4309   1.0000  34.8178 160.0000
   8.000   1.7002   0.01594   0.00385  -0.1635   0.4212   1.0000  35.4015 160.0000
   9.000   1.7816   0.01689   0.00378  -0.1590   0.4106   1.0000  36.0471 160.0000
  10.000   1.8423   0.01785   0.00376  -0.1510   0.3999   1.0000  36.7160 160.0000
  11.000   1.9006   0.01929   0.00384  -0.1435   0.3874   1.0000  37.5048 160.0000
  12.000   1.9489   0.02132   0.00411  -0.1355   0.3737   1.0000  38.3940 160.0000
  13.000   1.9841   0.02444   0.00489  -0.1273   0.3575   1.0000  39.4681 160.0000
  14.000   2.0026   0.02946   0.00668  -0.1193   0.3372   1.0000  40.8305 160.0000
  15.000   1.9998   0.03753   0.01050  -0.1124   0.3115   1.0000  42.5936 160.0000
