  
       XFOIL         Version 6.99
  
 Calculated polar for: EPPLER 422 AIRFOIL                              
  
 1 1 Reynolds number fixed          Mach number fixed         
  
 xtrf =   1.000 (top)        1.000 (bottom)  
 Mach =   0.000     Re =     0.500 e 6     Ncrit =   9.000  9.000
  
   alpha    CL        CD       CDp       CM     Top_Xtr  Bot_Xtr  Top_Itr  Bot_Itr
  ------ -------- --------- --------- -------- -------- -------- -------- --------
  -6.000   0.0475   0.02156   0.01070  -0.1304   0.5709   0.0152  26.6009  94.7800
  -5.000   0.1392   0.01624   0.00537  -0.1278   0.5469   0.0149  27.9321  94.6468
  -4.000   0.2418   0.01379   0.00323  -0.1256   0.5268   0.0167  29.0626  95.2670
  -3.000   0.3485   0.01250   0.00220  -0.1240   0.5089   0.0216  30.0680  96.8066
  -2.000   0.4559   0.01131   0.00162  -0.1226   0.4937   0.1075  30.9379 109.0031
  -1.000   0.5662   0.01133   0.00184  -0.1217   0.4805   0.1710  31.6949 113.1951
   0.000   0.6756   0.01144   0.00195  -0.1207   0.4682   0.2124  32.4036 115.4789
   1.000   0.7844   0.01166   0.00203  -0.1197   0.4571   0.2562  33.0495 117.8310
   2.000   0.8915   0.01167   0.00221  -0.1185   0.4468   0.3400  33.6531 122.3730
   3.000   1.0208   0.01097   0.00267  -0.1225   0.4367   1.0000  34.2530 160.0000
   4.000   1.1235   0.01155   0.00287  -0.1206   0.4273   1.0000  34.8134 160.0000
   5.000   1.2248   0.01224   0.00318  -0.1187   0.4179   1.0000  35.3745 160.0000
   6.000   1.3260   0.01304   0.00341  -0.1170   0.4082   1.0000  35.9644 160.0000
   7.000   1.4214   0.01366   0.00368  -0.1144   0.3987   1.0000  36.5500 160.0000
   8.000   1.5140   0.01444   0.00381  -0.1115   0.3875   1.0000  37.2416 160.0000
   9.000   1.6029   0.01528   0.00383  -0.1081   0.3756   1.0000  37.9898 160.0000
  10.000   1.6731   0.01598   0.00377  -0.1014   0.3633   1.0000  38.7797 160.0000
  11.000   1.7342   0.01706   0.00372  -0.0936   0.3495   1.0000  39.6813 160.0000
  12.000   1.7866   0.01864   0.00380  -0.0856   0.3332   1.0000  40.7656 160.0000
  13.000   1.8246   0.02133   0.00438  -0.0774   0.3137   1.0000  42.0797 160.0000
  14.000   1.8455   0.02599   0.00613  -0.0700   0.2887   1.0000  43.7945 160.0000
  15.000   1.8328   0.03478   0.01055  -0.0638   0.2576   1.0000  45.9786 160.0000
