  
       XFOIL         Version 6.99
  
 Calculated polar for: E423                                            
  
 1 1 Reynolds number fixed          Mach number fixed         
  
 xtrf =   1.000 (top)        1.000 (bottom)  
 Mach =   0.000     Re =     1.000 e 6     Ncrit =   9.000  9.000
  
   alpha    CL        CD       CDp       CM     Top_Xtr  Bot_Xtr  Top_Itr  Bot_Itr
  ------ -------- --------- --------- -------- -------- -------- -------- --------
  -6.000   0.4307   0.05729   0.04753  -0.1701   0.6328   0.0165  24.8666  95.0994
  -5.000   0.5471   0.01128   0.00237  -0.2364   0.6216   0.0116  25.4907  93.3399
  -4.000   0.6594   0.01023   0.00134  -0.2367   0.6086   0.0150  26.2171  94.5735
  -3.000   0.7695   0.00964   0.00077  -0.2364   0.5957   0.0309  26.9360  99.1129
  -2.000   0.8778   0.00933   0.00054  -0.2356   0.5856   0.0538  27.5082 103.3155
  -1.000   0.9845   0.00931   0.00045  -0.2346   0.5745   0.0872  28.1310 107.1125
   0.000   1.0889   0.00934   0.00040  -0.2331   0.5642   0.1202  28.7168 109.6358
   1.000   1.1926   0.00953   0.00042  -0.2315   0.5539   0.1527  29.3064 111.6451
   2.000   1.2939   0.00988   0.00043  -0.2297   0.5421   0.1830  29.9864 113.3477
   3.000   1.3933   0.01009   0.00043  -0.2275   0.5322   0.2182  30.5673 115.2872
   4.000   1.4896   0.01047   0.00048  -0.2249   0.5204   0.2820  31.2639 118.8223
   5.000   1.5806   0.01020   0.00078  -0.2218   0.5062   1.0000  32.1041 160.0000
   6.000   1.6679   0.01088   0.00075  -0.2178   0.4906   1.0000  33.0492 160.0000
   7.000   1.7516   0.01169   0.00076  -0.2134   0.4736   1.0000  34.0874 160.0000
   8.000   1.8309   0.01269   0.00082  -0.2085   0.4542   1.0000  35.2819 160.0000
   9.000   1.9001   0.01411   0.00100  -0.2021   0.4309   1.0000  36.7190 160.0000
  10.000   1.9591   0.01608   0.00141  -0.1946   0.4039   1.0000  38.3970 160.0000
  11.000   2.0013   0.01912   0.00230  -0.1854   0.3707   1.0000  40.4724 160.0000
  12.000   2.0195   0.02417   0.00429  -0.1745   0.3299   1.0000  43.0428 160.0000
  14.000   1.9986   0.04257   0.01400  -0.1545   0.2400   1.0000  48.8256 160.0000
  15.000   1.9792   0.05490   0.02151  -0.1480   0.2037   1.0000  51.2402 160.0000
