  
       XFOIL         Version 6.99
  
 Calculated polar for: EPPLER 426 AIRFOIL                              
  
 1 1 Reynolds number fixed          Mach number fixed         
  
 xtrf =   1.000 (top)        1.000 (bottom)  
 Mach =   0.000     Re =     0.500 e 6     Ncrit =   9.000  9.000
  
   alpha    CL        CD       CDp       CM     Top_Xtr  Bot_Xtr  Top_Itr  Bot_Itr
  ------ -------- --------- --------- -------- -------- -------- -------- --------
  -6.000  -0.6072   0.01113   0.00272  -0.0184   1.0000   0.1173   1.0000 105.7165
  -5.000  -0.5092   0.01026   0.00220  -0.0152   1.0000   0.1327   1.0000 106.8424
  -3.000  -0.2223   0.00858   0.00134  -0.0274   0.9259   0.1893   6.8937 110.4618
  -2.000  -0.1071   0.00833   0.00097  -0.0265   0.7896   0.2243  15.1955 112.5791
  -1.000  -0.0028   0.00765   0.00071  -0.0244   0.6902   0.3957  21.0470 122.9451
   0.000   0.1033   0.00732   0.00072  -0.0224   0.5933   0.5799  26.7698 133.8385
   1.000   0.2097   0.00741   0.00081  -0.0202   0.4855   0.7068  33.1795 141.3114
   2.000   0.3104   0.00808   0.00100  -0.0171   0.3005   0.8277  44.4042 148.4812
   3.000   0.4454   0.00868   0.00134  -0.0208   0.2330   0.9968  48.5409 159.6216
   4.000   0.5501   0.00947   0.00171  -0.0190   0.2073   1.0000  50.1055 160.0000
   5.000   0.6556   0.01021   0.00212  -0.0171   0.1866   1.0000  51.3766 160.0000
   6.000   0.7613   0.01107   0.00254  -0.0155   0.1641   1.0000  52.7951 160.0000
   7.000   0.8672   0.01191   0.00294  -0.0140   0.1385   1.0000  54.5378 160.0000
   8.000   0.9710   0.01299   0.00346  -0.0123   0.1142   1.0000  56.3744 160.0000
   9.000   1.0708   0.01444   0.00426  -0.0102   0.0927   1.0000  58.1386 160.0000
  10.000   1.1676   0.01607   0.00522  -0.0079   0.0736   1.0000  59.8754 160.0000
  11.000   1.2596   0.01798   0.00634  -0.0053   0.0558   1.0000  61.8374 160.0000
  12.000   1.3427   0.02042   0.00780  -0.0018   0.0405   1.0000  63.9656 160.0000
  13.000   1.4028   0.02419   0.01011   0.0039   0.0196   1.0000  68.3778 160.0000
  14.000   1.4128   0.02952   0.01358   0.0140   0.0143   1.0000  70.1652 160.0000
  15.000   1.3908   0.04018   0.02163   0.0159   0.0129   1.0000  70.6903 160.0000
