  
       XFOIL         Version 6.99
  
 Calculated polar for: EPPLER 428 AIRFOIL                              
  
 1 1 Reynolds number fixed          Mach number fixed         
  
 xtrf =   1.000 (top)        1.000 (bottom)  
 Mach =   0.000     Re =     0.500 e 6     Ncrit =   9.000  9.000
  
   alpha    CL        CD       CDp       CM     Top_Xtr  Bot_Xtr  Top_Itr  Bot_Itr
  ------ -------- --------- --------- -------- -------- -------- -------- --------
  -6.000  -0.6257   0.01022   0.00197  -0.0161   1.0000   0.1449   1.0000 107.7537
  -5.000  -0.5271   0.00951   0.00168  -0.0130   1.0000   0.1788   1.0000 110.1011
  -4.000  -0.4099   0.00895   0.00154  -0.0139   0.9933   0.2139   1.8028 112.3358
  -3.000  -0.2451   0.00831   0.00133  -0.0240   0.9390   0.2511   5.8130 114.5910
  -2.000  -0.1286   0.00815   0.00101  -0.0233   0.7933   0.2861  14.4038 116.6746
  -1.000  -0.0220   0.00800   0.00080  -0.0211   0.6923   0.3414  20.2720 119.9496
   0.000   0.0837   0.00758   0.00073  -0.0191   0.5958   0.5055  25.8733 129.6199
   1.000   0.1888   0.00755   0.00079  -0.0168   0.4793   0.6642  32.7456 138.8267
   2.000   0.2900   0.00813   0.00100  -0.0139   0.3034   0.7956  43.3412 146.5182
   3.000   0.4139   0.00867   0.00137  -0.0152   0.2301   0.9683  47.7715 157.1063
   4.000   0.5348   0.00946   0.00173  -0.0168   0.1970   1.0000  49.7859 160.0000
   5.000   0.6396   0.01026   0.00213  -0.0148   0.1741   1.0000  51.2315 160.0000
   6.000   0.7452   0.01111   0.00260  -0.0130   0.1563   1.0000  52.4041 160.0000
   7.000   0.8505   0.01199   0.00302  -0.0114   0.1365   1.0000  53.7812 160.0000
   8.000   0.9550   0.01293   0.00346  -0.0097   0.1138   1.0000  55.4885 160.0000
   9.000   1.0557   0.01426   0.00411  -0.0077   0.0866   1.0000  57.8201 160.0000
  10.000   1.1515   0.01602   0.00514  -0.0052   0.0675   1.0000  59.7698 160.0000
  11.000   1.2406   0.01824   0.00650  -0.0022   0.0492   1.0000  61.9979 160.0000
  12.000   1.3181   0.02125   0.00829   0.0020   0.0274   1.0000  65.8464 160.0000
  13.000   1.3686   0.02543   0.01110   0.0088   0.0225   1.0000  67.1029 160.0000
  14.000   1.3706   0.03122   0.01506   0.0182   0.0208   1.0000  67.5901 160.0000
  15.000   1.3332   0.04553   0.02636   0.0155   0.0199   1.0000  67.8774 160.0000
