  
       XFOIL         Version 6.99
  
 Calculated polar for: EPPLER 431 AIRFOIL                              
  
 1 1 Reynolds number fixed          Mach number fixed         
  
 xtrf =   1.000 (top)        1.000 (bottom)  
 Mach =   0.000     Re =     0.500 e 6     Ncrit =   9.000  9.000
  
   alpha    CL        CD       CDp       CM     Top_Xtr  Bot_Xtr  Top_Itr  Bot_Itr
  ------ -------- --------- --------- -------- -------- -------- -------- --------
  -6.000  -0.0492   0.01616   0.00471  -0.1276   0.7880   0.0104  15.7482  90.1945
  -5.000   0.0460   0.01329   0.00284  -0.1253   0.7733   0.0111  16.6673  90.4479
  -4.000   0.1456   0.01155   0.00201  -0.1240   0.7592   0.0178  17.5440  92.6240
  -3.000   0.2468   0.00945   0.00161  -0.1241   0.7456   0.2969  18.3916 114.7593
  -2.000   0.3537   0.00845   0.00210  -0.1242   0.7323   0.7294  19.2211 141.1632
  -1.000   0.4643   0.00898   0.00256  -0.1236   0.7187   0.7701  20.0747 143.6351
   0.000   0.5698   0.00954   0.00304  -0.1217   0.7041   0.8038  20.9933 145.7127
   1.000   0.6810   0.00959   0.00295  -0.1223   0.6882   0.8144  21.9939 146.3705
   2.000   0.7922   0.00963   0.00277  -0.1232   0.6706   0.8239  23.1176 146.9623
   3.000   0.8978   0.00965   0.00263  -0.1226   0.6500   0.8321  24.4405 147.4818
   4.000   1.0044   0.00977   0.00237  -0.1226   0.6267   0.8417  25.9407 148.0889
   5.000   1.1017   0.00996   0.00216  -0.1205   0.5968   0.8513  27.8840 148.7074
   6.000   1.1916   0.01033   0.00196  -0.1171   0.5588   0.8627  30.3432 149.4360
   7.000   1.2620   0.01099   0.00173  -0.1100   0.5067   0.8763  33.7164 150.3208
   8.000   1.3054   0.01238   0.00171  -0.0982   0.4386   0.8961  38.1179 151.6305
   9.000   1.3290   0.01469   0.00216  -0.0843   0.3617   0.9291  43.0743 153.8943
  10.000   1.3590   0.01832   0.00348  -0.0749   0.2832   1.0000  48.1641 160.0000
  12.000   1.4074   0.02928   0.00895  -0.0603   0.1519   1.0000  57.0700 160.0000
  13.000   1.4284   0.03606   0.01288  -0.0549   0.1039   1.0000  60.6655 160.0000
  14.000   1.4425   0.04428   0.01810  -0.0508   0.0669   1.0000  63.8783 160.0000
  15.000   1.4543   0.05371   0.02454  -0.0483   0.0432   1.0000  66.5328 160.0000
