  
       XFOIL         Version 6.99
  
 Calculated polar for: EPPLER 432 AIRFOIL                              
  
 1 1 Reynolds number fixed          Mach number fixed         
  
 xtrf =   1.000 (top)        1.000 (bottom)  
 Mach =   0.000     Re =     1.000 e 6     Ncrit =   9.000  9.000
  
   alpha    CL        CD       CDp       CM     Top_Xtr  Bot_Xtr  Top_Itr  Bot_Itr
  ------ -------- --------- --------- -------- -------- -------- -------- --------
  -6.000  -0.0907   0.01301   0.00303  -0.1115   0.6638   0.0086  23.0854  89.9025
  -5.000   0.0087   0.01116   0.00182  -0.1100   0.6482   0.0089  24.0411  90.0212
  -4.000   0.1140   0.00983   0.00114  -0.1095   0.6341   0.0123  24.9060  91.3320
  -3.000   0.2237   0.00885   0.00082  -0.1100   0.6211   0.0829  25.7063 101.8849
  -2.000   0.3344   0.00660   0.00061  -0.1124   0.6084   0.6350  26.4910 135.5084
  -1.000   0.4494   0.00675   0.00085  -0.1133   0.5956   0.7216  27.2812 140.7949
   0.000   0.5633   0.00704   0.00105  -0.1139   0.5825   0.7504  28.0966 142.5204
   1.000   0.6760   0.00739   0.00125  -0.1143   0.5690   0.7745  28.9485 143.9701
   2.000   0.7887   0.00752   0.00127  -0.1151   0.5547   0.7823  29.8559 144.4408
   3.000   0.9003   0.00776   0.00126  -0.1159   0.5380   0.7901  30.9211 144.9138
   4.000   1.0095   0.00800   0.00128  -0.1162   0.5198   0.7980  32.0885 145.3950
   5.000   1.1172   0.00832   0.00128  -0.1163   0.4991   0.8062  33.4271 145.8953
   6.000   1.2188   0.00877   0.00130  -0.1154   0.4743   0.8152  35.0341 146.4514
   7.000   1.3159   0.00936   0.00133  -0.1137   0.4432   0.8247  37.0564 147.0358
   8.000   1.3985   0.01016   0.00141  -0.1093   0.4012   0.8366  39.7959 147.7771
   9.000   1.4563   0.01160   0.00164  -0.1005   0.3415   0.8509  43.7104 148.6803
  10.000   1.4899   0.01405   0.00233  -0.0888   0.2709   0.8711  48.3877 149.9664
  11.000   1.5055   0.01760   0.00367  -0.0762   0.2107   0.9071  52.4411 152.3399
  12.000   1.5139   0.02291   0.00619  -0.0662   0.1584   1.0000  56.1097 160.0000
  13.000   1.5189   0.03026   0.01021  -0.0592   0.1126   1.0000  59.5550 160.0000
  14.000   1.5201   0.03908   0.01557  -0.0544   0.0767   1.0000  62.5968 160.0000
  15.000   1.5243   0.04876   0.02187  -0.0516   0.0527   1.0000  65.0458 160.0000
