  
       XFOIL         Version 6.99
  
 Calculated polar for: EPPLER 433 AIRFOIL                              
  
 1 1 Reynolds number fixed          Mach number fixed         
  
 xtrf =   1.000 (top)        1.000 (bottom)  
 Mach =   0.000     Re =     0.500 e 6     Ncrit =   9.000  9.000
  
   alpha    CL        CD       CDp       CM     Top_Xtr  Bot_Xtr  Top_Itr  Bot_Itr
  ------ -------- --------- --------- -------- -------- -------- -------- --------
  -6.000  -0.0350   0.01651   0.00567  -0.1373   0.8575   0.0125  11.7105  90.3392
  -5.000   0.0619   0.01349   0.00340  -0.1351   0.8434   0.0138  12.6437  90.7357
  -4.000   0.1595   0.01141   0.00227  -0.1333   0.8293   0.0182  13.5723  91.9220
  -3.000   0.2594   0.00893   0.00177  -0.1334   0.8152   0.3623  14.5007 117.2045
  -2.000   0.3666   0.00823   0.00231  -0.1331   0.8008   0.7367  15.4463 141.1710
  -1.000   0.4754   0.00865   0.00269  -0.1321   0.7853   0.7749  16.4707 143.6039
   0.000   0.5794   0.00905   0.00302  -0.1299   0.7680   0.8064  17.6219 145.6339
   1.000   0.6911   0.00898   0.00278  -0.1305   0.7494   0.8164  18.8675 146.2872
   2.000   0.7996   0.00898   0.00252  -0.1306   0.7270   0.8260  20.3719 146.9102
   3.000   0.9041   0.00898   0.00225  -0.1298   0.7002   0.8340  22.1662 147.4407
   4.000   1.0037   0.00912   0.00198  -0.1281   0.6654   0.8440  24.5042 148.0981
   5.000   1.0927   0.00946   0.00172  -0.1241   0.6180   0.8547  27.6667 148.8018
   6.000   1.1591   0.01015   0.00146  -0.1157   0.5492   0.8671  32.2379 149.6349
   7.000   1.2025   0.01163   0.00148  -0.1034   0.4621   0.8842  37.9898 150.7809
   8.000   1.2389   0.01376   0.00191  -0.0912   0.3719   0.9058  43.9239 152.2591
  10.000   1.3184   0.02006   0.00418  -0.0732   0.2049   1.0000  55.1193 160.0000
  11.000   1.3587   0.02449   0.00626  -0.0667   0.1373   1.0000  59.9066 160.0000
  12.000   1.3925   0.02975   0.00904  -0.0604   0.0853   1.0000  63.9114 160.0000
  13.000   1.4197   0.03608   0.01277  -0.0549   0.0492   1.0000  67.2091 160.0000
  14.000   1.4409   0.04367   0.01766  -0.0505   0.0290   1.0000  69.7390 160.0000
  15.000   1.4585   0.05249   0.02377  -0.0477   0.0185   1.0000  71.6740 160.0000
