  
       XFOIL         Version 6.99
  
 Calculated polar for: EPPLER 433 AIRFOIL                              
  
 1 1 Reynolds number fixed          Mach number fixed         
  
 xtrf =   1.000 (top)        1.000 (bottom)  
 Mach =   0.000     Re =     1.000 e 6     Ncrit =   9.000  9.000
  
   alpha    CL        CD       CDp       CM     Top_Xtr  Bot_Xtr  Top_Itr  Bot_Itr
  ------ -------- --------- --------- -------- -------- -------- -------- --------
  -6.000  -0.0396   0.01207   0.00295  -0.1353   0.8212   0.0073  14.1050  88.3968
  -5.000   0.0606   0.01035   0.00178  -0.1341   0.8081   0.0082  14.9665  88.8046
  -4.000   0.1643   0.00897   0.00104  -0.1334   0.7953   0.0103  15.8105  89.6056
  -3.000   0.2714   0.00773   0.00070  -0.1337   0.7817   0.1244  16.7135 102.0938
  -2.000   0.3805   0.00572   0.00061  -0.1356   0.7669   0.6842  17.6960 137.8109
  -1.000   0.4937   0.00587   0.00073  -0.1362   0.7503   0.7329  18.8025 140.9250
   0.000   0.6048   0.00614   0.00091  -0.1362   0.7322   0.7632  20.0201 142.8567
   1.000   0.7143   0.00629   0.00096  -0.1362   0.7108   0.7780  21.4599 143.8047
   2.000   0.8224   0.00644   0.00089  -0.1362   0.6853   0.7856  23.1685 144.2934
   3.000   0.9268   0.00670   0.00082  -0.1354   0.6526   0.7936  25.3591 144.8051
   4.000   1.0238   0.00710   0.00077  -0.1331   0.6066   0.8018  28.4257 145.3377
   5.000   1.1052   0.00789   0.00076  -0.1277   0.5354   0.8112  33.1528 145.9427
   7.000   1.2178   0.01078   0.00121  -0.1081   0.3559   0.8343  44.9754 147.4599
   8.000   1.2704   0.01277   0.00173  -0.0988   0.2728   0.8485  50.5010 148.3967
   9.000   1.3159   0.01536   0.00259  -0.0894   0.1945   0.8663  55.8403 149.5775
  10.000   1.3580   0.01844   0.00380  -0.0806   0.1283   0.8915  60.5751 151.2752
  11.000   1.3913   0.02212   0.00549  -0.0715   0.0735   1.0000  64.9061 160.0000
  12.000   1.4329   0.02655   0.00771  -0.0655   0.0412   1.0000  68.0930 160.0000
  13.000   1.4699   0.03168   0.01055  -0.0600   0.0228   1.0000  70.7857 160.0000
  14.000   1.5034   0.03761   0.01408  -0.0554   0.0140   1.0000  72.8163 160.0000
  15.000   1.5325   0.04456   0.01848  -0.0519   0.0092   1.0000  74.4231 160.0000
