  
       XFOIL         Version 6.99
  
 Calculated polar for: E471  (6.25%)                                   
  
 1 1 Reynolds number fixed          Mach number fixed         
  
 xtrf =   1.000 (top)        1.000 (bottom)  
 Mach =   0.000     Re =     1.000 e 6     Ncrit =   9.000  9.000
  
   alpha    CL        CD       CDp       CM     Top_Xtr  Bot_Xtr  Top_Itr  Bot_Itr
  ------ -------- --------- --------- -------- -------- -------- -------- --------
  -3.000   0.3391   0.00352   0.00171  -0.1616   0.9229   0.0206   7.4055  87.3588
  -2.000   0.4573   0.00268   0.00003  -0.1633   0.8992   0.0192   9.2043  87.2204
  -1.000   0.5703   0.00242  -0.00065  -0.1635   0.8675   0.0173  11.5766  87.0245
   0.000   0.6898   0.00525   0.00002  -0.1670   0.8384   0.3761  13.7497 113.6944
   1.000   0.7900   0.00431   0.00021  -0.1645   0.7963   1.0000  16.8765 160.0000
   2.000   0.8966   0.00473   0.00021  -0.1632   0.7365   1.0000  21.3114 160.0000
   3.000   0.9894   0.00605   0.00038  -0.1593   0.5555   1.0000  34.6587 160.0000
   4.000   1.0660   0.00945   0.00142  -0.1534   0.1797   1.0000  62.3179 160.0000
   5.000   1.1526   0.01227   0.00242  -0.1492   0.0071   1.0000  77.1646 160.0000
   6.000   1.2467   0.01422   0.00311  -0.1458   0.0050   1.0000  77.6081 160.0000
   7.000   1.3209   0.01891   0.00509  -0.1386   0.0036   1.0000  77.9273 160.0000
