  
       XFOIL         Version 6.99
  
 Calculated polar for: EPPLER 472 AIRFOIL                              
  
 1 1 Reynolds number fixed          Mach number fixed         
  
 xtrf =   1.000 (top)        1.000 (bottom)  
 Mach =   0.000     Re =     0.500 e 6     Ncrit =   9.000  9.000
  
   alpha    CL        CD       CDp       CM     Top_Xtr  Bot_Xtr  Top_Itr  Bot_Itr
  ------ -------- --------- --------- -------- -------- -------- -------- --------
  -6.000  -0.7594   0.01209   0.00296   0.0132   1.0000   0.1488   1.0000 107.9991
  -5.000  -0.6689   0.01134   0.00251   0.0182   1.0000   0.1629   1.0000 108.9588
  -4.000  -0.5562   0.01078   0.00218   0.0185   0.9958   0.1786   1.4587 109.9811
  -3.000  -0.3916   0.00990   0.00185   0.0082   0.9751   0.2008   3.3263 111.3848
  -2.000  -0.2219   0.00881   0.00129  -0.0023   0.9067   0.2283   8.0303 113.0793
  -1.000  -0.0939   0.00933   0.00089  -0.0043   0.5506   0.2691  28.9067 115.5421
   0.000  -0.0000   0.00962   0.00082   0.0000   0.3527   0.3527  40.4973 120.5033
   1.000   0.0939   0.00933   0.00089   0.0043   0.2691   0.5506  45.4579 132.0936
   2.000   0.2219   0.00881   0.00129   0.0023   0.2283   0.9067  47.9196 152.9666
   3.000   0.3916   0.00990   0.00185  -0.0082   0.2008   0.9751  49.6155 157.6729
   4.000   0.5563   0.01078   0.00218  -0.0185   0.1786   0.9958  51.0191 159.5409
   5.000   0.6688   0.01134   0.00251  -0.0182   0.1629   1.0000  52.0397 160.0000
   6.000   0.7594   0.01209   0.00296  -0.0132   0.1488   1.0000  53.0009 160.0000
   7.000   0.8511   0.01282   0.00342  -0.0084   0.1359   1.0000  53.9111 160.0000
   8.000   0.9416   0.01374   0.00398  -0.0036   0.1232   1.0000  54.8519 160.0000
   9.000   1.0299   0.01484   0.00464   0.0015   0.1108   1.0000  55.8178 160.0000
  10.000   1.1148   0.01613   0.00541   0.0070   0.0986   1.0000  56.8202 160.0000
  11.000   1.1942   0.01770   0.00629   0.0130   0.0857   1.0000  57.9597 160.0000
  12.000   1.2668   0.01955   0.00740   0.0197   0.0748   1.0000  59.0029 160.0000
  13.000   1.3299   0.02167   0.00865   0.0274   0.0651   1.0000  60.0252 160.0000
  14.000   1.3680   0.02432   0.01010   0.0383   0.0567   1.0000  61.0151 160.0000
  15.000   1.3857   0.02838   0.01248   0.0483   0.0491   1.0000  62.0018 160.0000
