  
       XFOIL         Version 6.99
  
 Calculated polar for: EPPLER 473 AIRFOIL                              
  
 1 1 Reynolds number fixed          Mach number fixed         
  
 xtrf =   1.000 (top)        1.000 (bottom)  
 Mach =   0.000     Re =     0.500 e 6     Ncrit =   9.000  9.000
  
   alpha    CL        CD       CDp       CM     Top_Xtr  Bot_Xtr  Top_Itr  Bot_Itr
  ------ -------- --------- --------- -------- -------- -------- -------- --------
  -6.000  -0.7470   0.01190   0.00300   0.0103   0.9888   0.2391   2.1334 115.4141
  -5.000  -0.5936   0.01105   0.00262   0.0025   0.9595   0.2548   4.4199 116.3817
  -4.000  -0.3978   0.01020   0.00190  -0.0136   0.8095   0.2721  13.3595 117.4216
  -3.000  -0.3070   0.01066   0.00163  -0.0081   0.5723   0.2849  26.5398 118.1872
  -2.000  -0.2076   0.01090   0.00146  -0.0048   0.4404   0.2993  33.9211 119.0323
  -1.000  -0.1043   0.01090   0.00135  -0.0023   0.3758   0.3173  37.5656 120.0805
   0.000  -0.0000   0.01085   0.00132   0.0000   0.3408   0.3408  39.5675 121.4325
   1.000   0.1043   0.01090   0.00135   0.0023   0.3173   0.3758  40.9193 123.4343
   2.000   0.2076   0.01090   0.00146   0.0048   0.2993   0.4404  41.9677 127.0790
   3.000   0.3070   0.01066   0.00163   0.0081   0.2849   0.5723  42.8128 134.4603
   4.000   0.3978   0.01020   0.00190   0.0136   0.2721   0.8095  43.5784 147.6409
   5.000   0.5936   0.01105   0.00262  -0.0025   0.2548   0.9595  44.6184 156.5819
   6.000   0.7470   0.01190   0.00300  -0.0103   0.2391   0.9888  45.5862 158.8673
   7.000   0.8958   0.01244   0.00322  -0.0176   0.2229   1.0000  46.6145 160.0000
   8.000   0.9812   0.01305   0.00351  -0.0121   0.2084   1.0000  47.5588 160.0000
   9.000   1.0662   0.01377   0.00379  -0.0065   0.1921   1.0000  48.6530 160.0000
  10.000   1.1475   0.01473   0.00416  -0.0005   0.1744   1.0000  49.8774 160.0000
  11.000   1.2252   0.01584   0.00462   0.0059   0.1535   1.0000  51.3806 160.0000
  12.000   1.2893   0.01747   0.00529   0.0141   0.1321   1.0000  52.9889 160.0000
  13.000   1.3380   0.01931   0.00605   0.0245   0.1129   1.0000  54.5305 160.0000
  14.000   1.3585   0.02218   0.00724   0.0371   0.0953   1.0000  56.0477 160.0000
  15.000   1.3699   0.02717   0.00993   0.0453   0.0798   1.0000  57.5416 160.0000
