  
       XFOIL         Version 6.99
  
 Calculated polar for: E475  (15.01%)                                  
  
 1 1 Reynolds number fixed          Mach number fixed         
  
 xtrf =   1.000 (top)        1.000 (bottom)  
 Mach =   0.000     Re =     1.000 e 6     Ncrit =   9.000  9.000
  
   alpha    CL        CD       CDp       CM     Top_Xtr  Bot_Xtr  Top_Itr  Bot_Itr
  ------ -------- --------- --------- -------- -------- -------- -------- --------
  -6.000  -0.5916   0.00931   0.00155  -0.0212   0.9647   0.1940   4.0308 111.3663
  -5.000  -0.4866   0.00871   0.00138  -0.0190   0.9486   0.2083   5.1241 112.2800
  -4.000  -0.3861   0.00816   0.00117  -0.0156   0.9240   0.2229   6.6832 113.1940
  -3.000  -0.2844   0.00764   0.00085  -0.0123   0.8620   0.2399  10.4930 114.2411
  -2.000  -0.1979   0.00819   0.00064  -0.0061   0.5984   0.2604  25.9192 115.4769
  -1.000  -0.1008   0.00854   0.00060  -0.0027   0.4369   0.2900  35.2096 117.2412
   0.000   0.0000   0.00864   0.00058  -0.0000   0.3425   0.3425  40.6787 120.3213
   1.000   0.1008   0.00854   0.00060   0.0027   0.2900   0.4369  43.7590 125.7904
   2.000   0.1979   0.00819   0.00064   0.0061   0.2604   0.5984  45.5231 135.0801
   3.000   0.2844   0.00764   0.00085   0.0123   0.2399   0.8620  46.7589 150.5072
   4.000   0.3861   0.00816   0.00117   0.0156   0.2229   0.9240  47.8060 154.3171
   5.000   0.4866   0.00871   0.00138   0.0190   0.2083   0.9487  48.7200 155.8764
   6.000   0.5916   0.00930   0.00155   0.0212   0.1940   0.9647  49.6338 156.9699
   7.000   0.7580   0.01040   0.00211   0.0103   0.1754   0.9732  50.8630 157.6025
   8.000   0.9125   0.01129   0.00252   0.0016   0.1576   0.9822  52.0893 158.3035
   9.000   1.0319   0.01202   0.00280  -0.0002   0.1412   0.9885  53.2606 158.8288
  10.000   1.1444   0.01292   0.00318  -0.0009   0.1205   0.9930  54.8248 159.2583
  11.000   1.2536   0.01400   0.00373  -0.0013   0.1024   0.9974  56.2988 159.7217
  12.000   1.3373   0.01548   0.00447   0.0029   0.0830   1.0000  58.0239 160.0000
  13.000   1.3545   0.01673   0.00477   0.0199   0.0698   1.0000  59.3501 160.0000
  14.000   1.3621   0.01843   0.00514   0.0372   0.0581   1.0000  60.6927 160.0000
  15.000   1.3905   0.02128   0.00633   0.0479   0.0467   1.0000  62.2042 160.0000
