  
       XFOIL         Version 6.99
  
 Calculated polar for: EPPLER 479 AIRFOIL                              
  
 1 1 Reynolds number fixed          Mach number fixed         
  
 xtrf =   1.000 (top)        1.000 (bottom)  
 Mach =   0.000     Re =     1.000 e 6     Ncrit =   9.000  9.000
  
   alpha    CL        CD       CDp       CM     Top_Xtr  Bot_Xtr  Top_Itr  Bot_Itr
  ------ -------- --------- --------- -------- -------- -------- -------- --------
  -6.000  -0.6644   0.00858   0.00130  -0.0054   0.7851   0.2464  14.5003 115.4107
  -5.000  -0.5578   0.00835   0.00108  -0.0037   0.6943   0.2745  19.6089 117.1738
  -4.000  -0.4484   0.00816   0.00091  -0.0026   0.6198   0.3010  23.7846 118.7981
  -3.000  -0.3372   0.00802   0.00078  -0.0018   0.5558   0.3256  27.3980 120.2817
  -2.000  -0.2251   0.00794   0.00069  -0.0011   0.5001   0.3512  30.5690 121.8018
  -1.000  -0.1127   0.00789   0.00062  -0.0005   0.4524   0.3790  33.2995 123.4372
   0.000   0.0000   0.00788   0.00060  -0.0000   0.4117   0.4117  35.6535 125.3464
   1.000   0.1127   0.00789   0.00062   0.0005   0.3790   0.4524  37.5628 127.7007
   2.000   0.2251   0.00794   0.00069   0.0011   0.3512   0.5001  39.1981 130.4310
   3.000   0.3372   0.00802   0.00078   0.0018   0.3257   0.5558  40.7181 133.5993
   4.000   0.4484   0.00816   0.00091   0.0026   0.3010   0.6198  42.2019 137.2154
   5.000   0.5578   0.00835   0.00108   0.0037   0.2745   0.6943  43.8262 141.3910
   6.000   0.6644   0.00858   0.00130   0.0054   0.2464   0.7851  45.5893 146.5000
   7.000   0.7667   0.00886   0.00161   0.0081   0.2158   0.9234  47.5560 154.4330
   9.000   1.0438   0.01102   0.00272  -0.0034   0.1494   1.0000  52.0400 160.0000
  10.000   1.1271   0.01219   0.00328   0.0019   0.1254   1.0000  53.8029 160.0000
  11.000   1.2070   0.01356   0.00392   0.0074   0.1034   1.0000  55.5639 160.0000
  12.000   1.2795   0.01519   0.00467   0.0136   0.0855   1.0000  57.1484 160.0000
  13.000   1.3317   0.01709   0.00537   0.0227   0.0710   1.0000  58.6017 160.0000
  14.000   1.3612   0.02008   0.00655   0.0325   0.0588   1.0000  60.0068 160.0000
  15.000   1.3865   0.02512   0.00921   0.0373   0.0499   1.0000  61.1969 160.0000
