  
       XFOIL         Version 6.99
  
 Calculated polar for: EPPLER 502 AIRFOIL                              
  
 1 1 Reynolds number fixed          Mach number fixed         
  
 xtrf =   1.000 (top)        1.000 (bottom)  
 Mach =   0.000     Re =     1.000 e 6     Ncrit =   9.000  9.000
  
   alpha    CL        CD       CDp       CM     Top_Xtr  Bot_Xtr  Top_Itr  Bot_Itr
  ------ -------- --------- --------- -------- -------- -------- -------- --------
  -6.000  -0.4422   0.01140   0.00155  -0.0313   0.7137   0.0237  21.7285  89.9289
  -5.000  -0.3536   0.01050   0.00132  -0.0280   0.7056   0.0455  22.2913  92.1091
  -4.000  -0.2784   0.00878   0.00093  -0.0224   0.6980   0.2293  22.8239 105.4061
  -3.000  -0.2163   0.00627   0.00061  -0.0143   0.6907   0.6809  23.3423 137.0141
  -2.000  -0.1037   0.00650   0.00097  -0.0149   0.6835   0.7253  23.8447 140.1502
  -1.000   0.0098   0.00691   0.00152  -0.0155   0.6765   0.7547  24.3417 142.1962
   0.000   0.1260   0.00696   0.00154  -0.0173   0.6690   0.7618  24.8684 142.6909
   1.000   0.2417   0.00693   0.00143  -0.0191   0.6591   0.7654  25.5647 142.9458
   2.000   0.3566   0.00683   0.00129  -0.0207   0.6470   0.7692  26.4243 143.2065
   3.000   0.4710   0.00678   0.00113  -0.0222   0.6324   0.7727  27.4637 143.4556
   4.000   0.5837   0.00678   0.00092  -0.0234   0.6125   0.7769  28.8854 143.7484
   5.000   0.6940   0.00686   0.00072  -0.0241   0.5803   0.7810  31.1949 144.0328
   6.000   0.7860   0.00760   0.00064  -0.0215   0.4670   0.7862  39.2635 144.3926
   7.000   0.8382   0.00984   0.00113  -0.0119   0.2787   0.7928  52.5041 144.8586
   8.000   0.8594   0.01198   0.00134   0.0033   0.1546   0.8017  61.3849 145.4777
  10.000   0.9149   0.01795   0.00290   0.0244   0.0291   0.8267  71.4788 147.2261
  11.000   0.9550   0.02122   0.00412   0.0311   0.0116   0.8483  74.1439 148.7375
  12.000   0.9853   0.02501   0.00571   0.0385   0.0047   0.9156  76.3831 153.4734
  13.000   1.0655   0.03120   0.01010   0.0316   0.0031   1.0000  77.2914 160.0000
  14.000   1.0881   0.03766   0.01406   0.0354   0.0027   1.0000  77.5228 160.0000
  15.000   1.0988   0.04597   0.01980   0.0381   0.0025   1.0000  77.6427 160.0000
