  
       XFOIL         Version 6.99
  
 Calculated polar for: EPPLER 520 AIRFOIL                              
  
 1 1 Reynolds number fixed          Mach number fixed         
  
 xtrf =   1.000 (top)        1.000 (bottom)  
 Mach =   0.000     Re =     1.000 e 6     Ncrit =   9.000  9.000
  
   alpha    CL        CD       CDp       CM     Top_Xtr  Bot_Xtr  Top_Itr  Bot_Itr
  ------ -------- --------- --------- -------- -------- -------- -------- --------
  -6.000  -0.6706   0.00934   0.00149   0.0029   0.7482   0.2199  18.7746 106.2458
  -5.000  -0.5686   0.00803   0.00105   0.0035   0.7391   0.3400  19.3950 114.4343
  -4.000  -0.4619   0.00700   0.00074   0.0036   0.7291   0.4649  20.0686 122.8909
  -3.000  -0.3506   0.00632   0.00064   0.0032   0.7184   0.5699  20.7889 130.0517
  -2.000  -0.2349   0.00612   0.00070   0.0023   0.7067   0.6261  21.5777 133.9137
  -1.000  -0.1175   0.00610   0.00074   0.0011   0.6935   0.6564  22.4682 136.0032
   0.000   0.0000   0.00607   0.00077  -0.0000   0.6770   0.6771  23.5923 137.4206
   1.000   0.1175   0.00610   0.00075  -0.0011   0.6565   0.6935  24.9886 138.5303
   2.000   0.2349   0.00612   0.00070  -0.0023   0.6261   0.7067  27.0888 139.4236
   3.000   0.3506   0.00632   0.00064  -0.0032   0.5699   0.7184  30.9471 140.2119
   4.000   0.4619   0.00700   0.00074  -0.0036   0.4650   0.7291  38.1025 140.9318
   5.000   0.5686   0.00803   0.00105  -0.0035   0.3399   0.7391  46.5689 141.6054
   6.000   0.6707   0.00934   0.00149  -0.0029   0.2201   0.7482  54.7425 142.2256
   8.000   0.8621   0.01222   0.00266   0.0004   0.0726   0.7677  65.3481 143.5490
   9.000   0.9463   0.01393   0.00342   0.0037   0.0352   0.7790  68.7122 144.3164
  10.000   1.0200   0.01565   0.00416   0.0086   0.0210   0.7927  70.6126 145.2463
  11.000   1.0661   0.01776   0.00493   0.0174   0.0148   0.8129  71.8220 146.6184
  12.000   1.1073   0.02070   0.00632   0.0246   0.0102   0.8559  73.0056 149.5415
  13.000   1.1635   0.02442   0.00865   0.0268   0.0070   1.0000  74.1482 160.0000
  14.000   1.1893   0.03017   0.01215   0.0310   0.0051   1.0000  75.0151 160.0000
  15.000   1.2117   0.03687   0.01669   0.0334   0.0044   1.0000  75.4316 160.0000
