  
       XFOIL         Version 6.99
  
 Calculated polar for: EPPLER 540 AIRFOIL                              
  
 1 1 Reynolds number fixed          Mach number fixed         
  
 xtrf =   1.000 (top)        1.000 (bottom)  
 Mach =   0.000     Re =     0.500 e 6     Ncrit =   9.000  9.000
  
   alpha    CL        CD       CDp       CM     Top_Xtr  Bot_Xtr  Top_Itr  Bot_Itr
  ------ -------- --------- --------- -------- -------- -------- -------- --------
  -6.000  -0.2204   0.01340   0.00127  -0.0838   0.8098   0.0541  15.1741  92.0081
  -5.000  -0.2329   0.01041   0.00135  -0.0641   0.7890   0.3211  16.6404 111.0281
  -4.000  -0.1788   0.00924   0.00254  -0.0543   0.7744   0.7034  17.6716 138.0711
  -3.000  -0.0598   0.01145   0.00479  -0.0540   0.7633   0.7343  18.4557 140.2624
  -2.000   0.0602   0.01318   0.00641  -0.0542   0.7532   0.7498  19.1657 141.3583
  -1.000   0.1651   0.01251   0.00573  -0.0552   0.7425   0.7595  19.9228 142.0427
   0.000   0.2732   0.01229   0.00568  -0.0558   0.7313   0.7628  20.7111 142.2706
   1.000   0.3820   0.01201   0.00535  -0.0568   0.7186   0.7670  21.6085 142.5686
   2.000   0.4924   0.01158   0.00471  -0.0586   0.7039   0.7721  22.6522 142.9320
   3.000   0.6015   0.01126   0.00428  -0.0594   0.6867   0.7753  23.8687 143.1609
   4.000   0.7056   0.01103   0.00384  -0.0591   0.6652   0.7783  25.3890 143.3737
   5.000   0.8054   0.01080   0.00324  -0.0578   0.6359   0.7824  27.4618 143.6631
   6.000   0.8949   0.01068   0.00247  -0.0545   0.5855   0.7864  31.0539 143.9464
   7.000   0.9302   0.01151   0.00185  -0.0403   0.4573   0.7905  40.1513 144.2365
   9.000   0.9508   0.01762   0.00296  -0.0099   0.1903   0.8009  59.0116 144.9776
  10.000   0.9779   0.02133   0.00435  -0.0007   0.1038   0.8059  65.4021 145.3350
  11.000   1.0064   0.02577   0.00630   0.0066   0.0458   0.8112  70.1166 145.7167
  12.000   1.0401   0.03052   0.00870   0.0120   0.0253   0.8164  72.1584 146.0829
  13.000   1.0734   0.03573   0.01161   0.0163   0.0152   0.8221  73.5632 146.4958
  14.000   1.0879   0.04335   0.01635   0.0201   0.0087   0.8288  74.8895 146.9681
  15.000   1.0972   0.05241   0.02271   0.0223   0.0065   0.8352  75.5426 147.4322
