  
       XFOIL         Version 6.99
  
 Calculated polar for: EPPLER 542 AIRFOIL                              
  
 1 1 Reynolds number fixed          Mach number fixed         
  
 xtrf =   1.000 (top)        1.000 (bottom)  
 Mach =   0.000     Re =     1.000 e 6     Ncrit =   9.000  9.000
  
   alpha    CL        CD       CDp       CM     Top_Xtr  Bot_Xtr  Top_Itr  Bot_Itr
  ------ -------- --------- --------- -------- -------- -------- -------- --------
  -6.000  -0.2560   0.01214   0.00041  -0.0660   0.7328   0.0094  18.5728  87.9913
  -5.000  -0.2021   0.01052   0.00042  -0.0566   0.7075   0.0656  20.1199  98.5630
  -4.000  -0.1799   0.00875   0.00062  -0.0409   0.6852   0.2661  21.4847 111.9684
  -3.000  -0.1385   0.00630   0.00077  -0.0289   0.6668   0.7338  22.6186 141.4078
  -2.000  -0.0238   0.00722   0.00173  -0.0293   0.6505   0.7638  23.6270 143.3707
  -1.000   0.0909   0.00823   0.00271  -0.0297   0.6355   0.7801  24.5508 144.3966
   0.000   0.2035   0.00817   0.00256  -0.0310   0.6214   0.7837  25.4262 144.6212
   1.000   0.3160   0.00810   0.00234  -0.0324   0.6069   0.7868  26.3321 144.8155
   2.000   0.4280   0.00810   0.00211  -0.0337   0.5905   0.7892  27.3529 144.9657
   3.000   0.5383   0.00798   0.00193  -0.0347   0.5732   0.7917  28.4330 145.1204
   4.000   0.6468   0.00804   0.00179  -0.0353   0.5529   0.7941  29.7038 145.2682
   5.000   0.7532   0.00818   0.00163  -0.0354   0.5280   0.7963  31.2804 145.4103
   6.000   0.8528   0.00847   0.00143  -0.0343   0.4861   0.7989  33.9553 145.5718
   7.000   0.9313   0.00938   0.00134  -0.0292   0.3938   0.8023  39.9095 145.7825
   8.000   0.9682   0.01117   0.00143  -0.0165   0.2713   0.8053  47.7631 145.9679
   9.000   0.9976   0.01335   0.00175  -0.0038   0.1771   0.8092  53.9625 146.2156
  10.000   1.0202   0.01630   0.00248   0.0079   0.1052   0.8135  59.0840 146.4827
  11.000   1.0453   0.01996   0.00375   0.0170   0.0591   0.8177  63.1456 146.7511
  12.000   1.0740   0.02420   0.00554   0.0237   0.0328   0.8211  66.6703 146.9622
  13.000   1.1037   0.02891   0.00787   0.0288   0.0192   0.8255  69.6271 147.2408
  14.000   1.1341   0.03424   0.01074   0.0325   0.0128   0.8299  71.6442 147.5231
  15.000   1.1609   0.04051   0.01442   0.0349   0.0078   0.8345  73.7704 147.8178
