  
       XFOIL         Version 6.99
  
 Calculated polar for: EPPLER 545 AIRFOIL                              
  
 1 1 Reynolds number fixed          Mach number fixed         
  
 xtrf =   1.000 (top)        1.000 (bottom)  
 Mach =   0.000     Re =     0.500 e 6     Ncrit =   9.000  9.000
  
   alpha    CL        CD       CDp       CM     Top_Xtr  Bot_Xtr  Top_Itr  Bot_Itr
  ------ -------- --------- --------- -------- -------- -------- -------- --------
  -6.000  -0.2931   0.01231   0.00203  -0.0737   0.7890   0.0792  14.1268 103.3912
  -5.000  -0.2485   0.00842   0.00134  -0.0655   0.7555   0.5574  15.9408 133.1817
  -4.000  -0.1378   0.00919   0.00228  -0.0649   0.7253   0.6151  17.5806 136.5407
  -3.000  -0.0260   0.01039   0.00355  -0.0640   0.6987   0.6473  19.0356 138.3268
  -2.000   0.0861   0.01043   0.00344  -0.0647   0.6751   0.6571  20.3328 138.8662
  -1.000   0.1981   0.01016   0.00312  -0.0657   0.6534   0.6621  21.5352 139.1373
   0.000   0.3103   0.01010   0.00297  -0.0666   0.6333   0.6668  22.6514 139.3969
   1.000   0.4222   0.01010   0.00276  -0.0676   0.6132   0.6721  23.7712 139.6817
   2.000   0.5340   0.01018   0.00255  -0.0686   0.5939   0.6772  24.8556 139.9599
   3.000   0.6422   0.01016   0.00237  -0.0687   0.5700   0.6822  26.2014 140.2324
   4.000   0.7489   0.01030   0.00225  -0.0686   0.5458   0.6882  27.5731 140.5600
   6.000   0.9538   0.01080   0.00196  -0.0668   0.4891   0.7010  30.8304 141.2554
   7.000   1.0361   0.01146   0.00179  -0.0621   0.4208   0.7088  34.8620 141.6848
   8.000   1.0738   0.01326   0.00194  -0.0495   0.3058   0.7177  41.7449 142.1702
   9.000   1.1078   0.01564   0.00256  -0.0378   0.2306   0.7278  46.3670 142.7254
  10.000   1.1415   0.01843   0.00353  -0.0279   0.1887   0.7394  49.0840 143.3682
  11.000   1.1566   0.02293   0.00548  -0.0181   0.1149   0.7547  54.8428 144.2123
  12.000   1.1769   0.02813   0.00824  -0.0111   0.0764   0.7734  58.6224 145.2606
  13.000   1.1890   0.03475   0.01219  -0.0057   0.0468   0.8015  62.8081 146.8495
  14.000   1.1960   0.04209   0.01711  -0.0010   0.0313   0.8981  66.0196 152.5493
  15.000   1.2150   0.05146   0.02391  -0.0021   0.0214   1.0000  68.7770 160.0000
