  
       XFOIL         Version 6.99
  
 Calculated polar for: EPPLER 545 AIRFOIL                              
  
 1 1 Reynolds number fixed          Mach number fixed         
  
 xtrf =   1.000 (top)        1.000 (bottom)  
 Mach =   0.000     Re =     1.000 e 6     Ncrit =   9.000  9.000
  
   alpha    CL        CD       CDp       CM     Top_Xtr  Bot_Xtr  Top_Itr  Bot_Itr
  ------ -------- --------- --------- -------- -------- -------- -------- --------
  -6.000  -0.3036   0.01086   0.00155  -0.0716   0.7345   0.0282  17.0804  94.8519
  -5.000  -0.2211   0.00927   0.00109  -0.0681   0.7052   0.1430  18.6817 108.6999
  -4.000  -0.1388   0.00652   0.00049  -0.0655   0.6778   0.5729  20.1859 134.1071
  -3.000  -0.0245   0.00685   0.00085  -0.0663   0.6534   0.6068  21.5329 136.0722
  -2.000   0.0892   0.00720   0.00124  -0.0669   0.6308   0.6273  22.7885 137.2254
   0.000   0.3168   0.00731   0.00112  -0.0691   0.5904   0.6360  25.0478 137.7061
   1.000   0.4303   0.00743   0.00105  -0.0702   0.5701   0.6401  26.1966 137.9340
   2.000   0.5416   0.00750   0.00097  -0.0709   0.5443   0.6447  27.6600 138.1879
   3.000   0.6520   0.00769   0.00095  -0.0714   0.5227   0.6495  28.8933 138.4508
   4.000   0.7613   0.00793   0.00093  -0.0717   0.4974   0.6550  30.3535 138.7489
   5.000   0.8669   0.00832   0.00090  -0.0714   0.4633   0.6593  32.3397 138.9879
   6.000   0.9556   0.00922   0.00101  -0.0680   0.3729   0.6663  37.7193 139.3651
   7.000   1.0172   0.01105   0.00151  -0.0598   0.2489   0.6728  45.2054 139.7204
   8.000   1.0776   0.01239   0.00177  -0.0514   0.2036   0.6799  48.1142 140.1088
   9.000   1.1411   0.01371   0.00204  -0.0441   0.1755   0.6888  49.9745 140.5943
  10.000   1.1708   0.01648   0.00287  -0.0328   0.1080   0.6976  55.4414 141.0691
  11.000   1.1989   0.01996   0.00425  -0.0234   0.0673   0.7097  59.7273 141.7329
  12.000   1.2242   0.02442   0.00639  -0.0159   0.0412   0.7240  63.8484 142.5186
  13.000   1.2487   0.02974   0.00929  -0.0102   0.0254   0.7420  67.5691 143.5094
  14.000   1.2717   0.03592   0.01299  -0.0061   0.0169   0.7684  70.3030 144.9785
  15.000   1.2897   0.04315   0.01770  -0.0032   0.0114   0.8246  72.5406 148.1755
