  
       XFOIL         Version 6.99
  
 Calculated polar for: EPPLER 547 AIRFOIL                              
  
 1 1 Reynolds number fixed          Mach number fixed         
  
 xtrf =   1.000 (top)        1.000 (bottom)  
 Mach =   0.000     Re =     1.000 e 6     Ncrit =   9.000  9.000
  
   alpha    CL        CD       CDp       CM     Top_Xtr  Bot_Xtr  Top_Itr  Bot_Itr
  ------ -------- --------- --------- -------- -------- -------- -------- --------
  -6.000  -0.3285   0.01140   0.00151  -0.0557   0.7147   0.0126  20.4063  89.4837
  -5.000  -0.2538   0.01008   0.00121  -0.0500   0.6851   0.0731  22.3168  97.6605
  -4.000  -0.1959   0.00683   0.00031  -0.0428   0.6579   0.4947  24.0744 125.4965
  -3.000  -0.0896   0.00657   0.00066  -0.0423   0.6325   0.6531  25.7243 136.1899
  -2.000   0.0238   0.00713   0.00125  -0.0426   0.6089   0.6837  27.2589 138.1905
  -1.000   0.1379   0.00737   0.00138  -0.0435   0.5863   0.6933  28.7242 138.8128
   0.000   0.2515   0.00745   0.00126  -0.0447   0.5656   0.6968  30.0747 139.0393
   1.000   0.3650   0.00747   0.00123  -0.0459   0.5463   0.7008  31.3358 139.2956
   2.000   0.4777   0.00761   0.00121  -0.0469   0.5276   0.7046  32.5623 139.5373
   3.000   0.5890   0.00782   0.00117  -0.0477   0.5082   0.7085  33.8331 139.7890
   4.000   0.6994   0.00806   0.00113  -0.0484   0.4877   0.7123  35.1778 140.0365
   5.000   0.8078   0.00827   0.00113  -0.0487   0.4661   0.7169  36.5976 140.3305
   6.000   0.9131   0.00863   0.00111  -0.0485   0.4401   0.7216  38.3174 140.6311
   7.000   1.0133   0.00915   0.00109  -0.0475   0.4037   0.7266  40.7426 140.9537
   8.000   1.0973   0.01009   0.00119  -0.0436   0.3358   0.7326  45.3135 141.3356
   9.000   1.1382   0.01205   0.00153  -0.0319   0.2347   0.7393  52.1724 141.7686
  10.000   1.1694   0.01446   0.00210  -0.0201   0.1621   0.7471  57.2129 142.2688
  11.000   1.1888   0.01789   0.00323  -0.0088   0.1050   0.7564  61.4074 142.8723
  12.000   1.2001   0.02273   0.00538   0.0004   0.0627   0.7673  64.8972 143.5768
  13.000   1.2160   0.02842   0.00836   0.0066   0.0386   0.7803  67.4056 144.4237
  14.000   1.2301   0.03517   0.01233   0.0108   0.0250   0.7985  69.3660 145.6125
  15.000   1.2419   0.04300   0.01736   0.0133   0.0172   0.8282  70.9231 147.5560
