  
       XFOIL         Version 6.99
  
 Calculated polar for: EPPLER 550 AIRFOIL                              
  
 1 1 Reynolds number fixed          Mach number fixed         
  
 xtrf =   1.000 (top)        1.000 (bottom)  
 Mach =   0.000     Re =     0.500 e 6     Ncrit =   9.000  9.000
  
   alpha    CL        CD       CDp       CM     Top_Xtr  Bot_Xtr  Top_Itr  Bot_Itr
  ------ -------- --------- --------- -------- -------- -------- -------- --------
  -6.000  -0.3378   0.01255   0.00221  -0.0589   0.6340   0.1045  24.4138 102.4139
  -5.000  -0.2636   0.00921   0.00136  -0.0558   0.6069   0.5193  26.0575 129.0080
  -4.000  -0.1501   0.00977   0.00206  -0.0558   0.5831   0.5715  27.5021 132.2912
  -3.000  -0.0364   0.01066   0.00306  -0.0555   0.5647   0.6044  28.6266 134.3040
  -2.000   0.0787   0.01082   0.00301  -0.0565   0.5488   0.6155  29.5990 134.9728
  -1.000   0.1935   0.01072   0.00294  -0.0576   0.5358   0.6212  30.3954 135.3142
   0.000   0.3089   0.01082   0.00286  -0.0589   0.5239   0.6274  31.1246 135.6833
   1.000   0.4242   0.01090   0.00279  -0.0603   0.5129   0.6337  31.8037 136.0631
   2.000   0.5385   0.01105   0.00290  -0.0614   0.5027   0.6397  32.4330 136.4202
   3.000   0.6533   0.01140   0.00296  -0.0627   0.4926   0.6472  33.0585 136.8695
   4.000   0.7655   0.01152   0.00302  -0.0635   0.4814   0.6542  33.7569 137.2934
   5.000   0.8764   0.01182   0.00308  -0.0641   0.4688   0.6628  34.5485 137.8057
   6.000   0.9849   0.01206   0.00306  -0.0643   0.4543   0.6723  35.4560 138.3758
   7.000   1.0905   0.01231   0.00293  -0.0639   0.4370   0.6831  36.5497 139.0296
   8.000   1.1906   0.01257   0.00273  -0.0626   0.4150   0.6963  37.9566 139.8258
   9.000   1.2828   0.01293   0.00255  -0.0599   0.3801   0.7122  40.2408 140.7916
  10.000   1.3452   0.01423   0.00260  -0.0524   0.3098   0.7322  44.9325 142.0153
  11.000   1.3508   0.01736   0.00359  -0.0369   0.2306   0.7618  50.2131 143.8317
  12.000   1.3331   0.02285   0.00620  -0.0235   0.1730   0.8218  54.1295 147.5438
  13.000   1.3151   0.03155   0.01152  -0.0173   0.1272   1.0000  57.4031 160.0000
  14.000   1.2942   0.04273   0.01896  -0.0147   0.0935   1.0000  60.0159 160.0000
  15.000   1.2827   0.05443   0.02730  -0.0145   0.0672   1.0000  62.3503 160.0000
