  
       XFOIL         Version 6.99
  
 Calculated polar for: EPPLER 552 AIRFOIL                              
  
 1 1 Reynolds number fixed          Mach number fixed         
  
 xtrf =   1.000 (top)        1.000 (bottom)  
 Mach =   0.000     Re =     1.000 e 6     Ncrit =   9.000  9.000
  
   alpha    CL        CD       CDp       CM     Top_Xtr  Bot_Xtr  Top_Itr  Bot_Itr
  ------ -------- --------- --------- -------- -------- -------- -------- --------
  -6.000  -0.2828   0.00983   0.00133  -0.0804   0.5839   0.1396  28.1840 103.7564
  -5.000  -0.1802   0.00772   0.00064  -0.0809   0.5614   0.4160  29.5959 122.0437
  -4.000  -0.0644   0.00779   0.00077  -0.0817   0.5429   0.4477  30.7628 124.0899
  -3.000   0.0519   0.00796   0.00100  -0.0825   0.5281   0.4729  31.6988 125.6863
  -2.000   0.1681   0.00796   0.00096  -0.0835   0.5155   0.4806  32.4994 126.1717
  -1.000   0.2838   0.00803   0.00098  -0.0844   0.5045   0.4887  33.1958 126.6821
   0.000   0.3994   0.00812   0.00100  -0.0853   0.4945   0.4968  33.8331 127.1850
   1.000   0.5151   0.00823   0.00107  -0.0863   0.4857   0.5060  34.3958 127.7574
   2.000   0.6294   0.00845   0.00114  -0.0871   0.4760   0.5158  35.0179 128.3699
   3.000   0.7444   0.00857   0.00120  -0.0880   0.4675   0.5267  35.5597 129.0450
   4.000   0.8574   0.00879   0.00127  -0.0887   0.4567   0.5401  36.2549 129.8682
   5.000   0.9690   0.00904   0.00131  -0.0891   0.4443   0.5562  37.0614 130.8574
   7.000   1.1882   0.00951   0.00136  -0.0894   0.4126   0.5999  39.1377 133.5368
   8.000   1.2925   0.00993   0.00140  -0.0887   0.3849   0.6318  40.9917 135.5043
   9.000   1.3806   0.01104   0.00168  -0.0854   0.3164   0.6740  45.6401 138.1240
  10.000   1.4280   0.01335   0.00260  -0.0753   0.2256   0.7351  51.7975 141.9376
  11.000   1.4374   0.01593   0.00368  -0.0595   0.1624   0.9074  56.1950 152.9113
  12.000   1.4372   0.02095   0.00598  -0.0478   0.1136   1.0000  59.7738 160.0000
  13.000   1.4313   0.02878   0.01040  -0.0408   0.0811   1.0000  62.3812 160.0000
  14.000   1.4227   0.03855   0.01661  -0.0372   0.0585   1.0000  64.4415 160.0000
  15.000   1.4150   0.04951   0.02411  -0.0357   0.0420   1.0000  66.2424 160.0000
