  
       XFOIL         Version 6.99
  
 Calculated polar for: EPPLER 553 AIRFOIL                              
  
 1 1 Reynolds number fixed          Mach number fixed         
  
 xtrf =   1.000 (top)        1.000 (bottom)  
 Mach =   0.000     Re =     0.500 e 6     Ncrit =   9.000  9.000
  
   alpha    CL        CD       CDp       CM     Top_Xtr  Bot_Xtr  Top_Itr  Bot_Itr
  ------ -------- --------- --------- -------- -------- -------- -------- --------
  -6.000  -0.2253   0.00927   0.00159  -0.1034   0.7789   0.4056  15.9531 121.9933
  -5.000  -0.1134   0.00945   0.00188  -0.1034   0.7468   0.4405  17.9299 124.2055
  -4.000  -0.0010   0.00984   0.00225  -0.1034   0.7160   0.4680  19.8294 125.9195
  -3.000   0.1113   0.00968   0.00209  -0.1037   0.6865   0.4787  21.6523 126.5743
  -2.000   0.2238   0.00961   0.00191  -0.1040   0.6582   0.4893  23.4039 127.2244
  -1.000   0.3359   0.00969   0.00180  -0.1043   0.6310   0.5004  25.0935 127.9010
   0.000   0.4472   0.00972   0.00175  -0.1044   0.6043   0.5113  26.7579 128.5610
   1.000   0.5580   0.00985   0.00172  -0.1046   0.5792   0.5231  28.3266 129.2758
   2.000   0.6680   0.01010   0.00171  -0.1046   0.5549   0.5363  29.8443 130.0715
   3.000   0.7766   0.01037   0.00177  -0.1043   0.5313   0.5504  31.3238 130.9168
   4.000   0.8829   0.01071   0.00182  -0.1037   0.5072   0.5668  32.8309 131.9031
   5.000   0.9872   0.01110   0.00190  -0.1028   0.4832   0.5857  34.3430 133.0415
   6.000   1.0867   0.01159   0.00198  -0.1010   0.4573   0.6083  35.9817 134.4073
   7.000   1.1808   0.01211   0.00206  -0.0982   0.4281   0.6380  37.8293 136.2147
   8.000   1.2640   0.01280   0.00214  -0.0935   0.3951   0.6775  39.9356 138.6207
   9.000   1.3295   0.01372   0.00226  -0.0857   0.3531   0.7382  42.6378 142.3514
  10.000   1.3670   0.01511   0.00262  -0.0736   0.2950   1.0000  46.4259 160.0000
  11.000   1.3881   0.01892   0.00399  -0.0625   0.2217   1.0000  51.3076 160.0000
  12.000   1.3931   0.02478   0.00690  -0.0526   0.1567   1.0000  55.7644 160.0000
  13.000   1.3944   0.03239   0.01137  -0.0457   0.1107   1.0000  59.1176 160.0000
  14.000   1.3924   0.04175   0.01751  -0.0416   0.0776   1.0000  61.8016 160.0000
  15.000   1.3863   0.05306   0.02557  -0.0400   0.0541   1.0000  64.0529 160.0000
