  
       XFOIL         Version 6.99
  
 Calculated polar for: EPPLER 554 AIRFOIL                              
  
 1 1 Reynolds number fixed          Mach number fixed         
  
 xtrf =   1.000 (top)        1.000 (bottom)  
 Mach =   0.000     Re =     1.000 e 6     Ncrit =   9.000  9.000
  
   alpha    CL        CD       CDp       CM     Top_Xtr  Bot_Xtr  Top_Itr  Bot_Itr
  ------ -------- --------- --------- -------- -------- -------- -------- --------
  -6.000  -0.2578   0.00830   0.00074  -0.0910   0.6110   0.2720  24.8677 115.2852
  -5.000  -0.1458   0.00765   0.00066  -0.0916   0.5756   0.3980  26.9032 123.2266
  -4.000  -0.0301   0.00773   0.00075  -0.0923   0.5464   0.4259  28.5953 124.9270
  -3.000   0.0852   0.00788   0.00089  -0.0929   0.5213   0.4480  30.0510 126.2492
  -2.000   0.2012   0.00795   0.00089  -0.0936   0.5020   0.4579  31.1864 126.8316
  -1.000   0.3165   0.00801   0.00091  -0.0943   0.4849   0.4680  32.1874 127.4168
   0.000   0.4315   0.00820   0.00096  -0.0950   0.4702   0.4773  33.0623 127.9574
   1.000   0.5465   0.00831   0.00103  -0.0957   0.4577   0.4890  33.8017 128.6331
   2.000   0.6612   0.00848   0.00110  -0.0963   0.4464   0.5000  34.4752 129.2622
   3.000   0.7742   0.00877   0.00121  -0.0968   0.4351   0.5123  35.1544 129.9606
   4.000   0.8867   0.00901   0.00131  -0.0971   0.4236   0.5266  35.8496 130.7719
   5.000   0.9986   0.00925   0.00139  -0.0974   0.4108   0.5432  36.6243 131.7048
   6.000   1.1086   0.00957   0.00148  -0.0974   0.3967   0.5620  37.4915 132.7669
   7.000   1.2163   0.00994   0.00155  -0.0971   0.3789   0.5862  38.5932 134.1251
   8.000   1.3201   0.01043   0.00165  -0.0962   0.3549   0.6176  40.1121 135.9005
   9.000   1.4162   0.01122   0.00185  -0.0940   0.3132   0.6596  42.8113 138.3022
  10.000   1.4855   0.01305   0.00257  -0.0876   0.2377   0.7191  47.7675 141.7349
  11.000   1.5110   0.01560   0.00370  -0.0739   0.1666   0.8318  52.5849 148.3616
  13.000   1.5153   0.02543   0.00862  -0.0505   0.0873   1.0000  58.6931 160.0000
  14.000   1.5014   0.03507   0.01461  -0.0454   0.0632   1.0000  61.1103 160.0000
  15.000   1.4823   0.04709   0.02287  -0.0436   0.0461   1.0000  63.2952 160.0000
