  
       XFOIL         Version 6.99
  
 Calculated polar for: EPPLER 555 AIRFOIL                              
  
 1 1 Reynolds number fixed          Mach number fixed         
  
 xtrf =   1.000 (top)        1.000 (bottom)  
 Mach =   0.000     Re =     1.000 e 6     Ncrit =   9.000  9.000
  
   alpha    CL        CD       CDp       CM     Top_Xtr  Bot_Xtr  Top_Itr  Bot_Itr
  ------ -------- --------- --------- -------- -------- -------- -------- --------
  -6.000  -0.2290   0.00709   0.00062  -0.1093   0.8693   0.2692  10.7639 112.4456
  -5.000  -0.1185   0.00642   0.00053  -0.1097   0.8206   0.4041  13.8128 121.3419
  -4.000  -0.0067   0.00653   0.00058  -0.1095   0.7743   0.4314  16.6874 123.0942
  -3.000   0.1050   0.00666   0.00067  -0.1094   0.7308   0.4517  19.3837 124.3824
  -1.000   0.3286   0.00686   0.00059  -0.1092   0.6493   0.4713  24.4424 125.6010
   0.000   0.4398   0.00703   0.00058  -0.1091   0.6097   0.4813  26.9054 126.2232
   1.000   0.5509   0.00726   0.00060  -0.1089   0.5697   0.4917  29.3972 126.8654
   2.000   0.6602   0.00755   0.00065  -0.1085   0.5265   0.5035  32.0956 127.5878
   3.000   0.7684   0.00793   0.00072  -0.1079   0.4815   0.5155  34.9146 128.3240
   4.000   0.8750   0.00840   0.00083  -0.1070   0.4348   0.5294  37.8546 129.1720
   6.000   1.0795   0.00976   0.00123  -0.1039   0.3302   0.5648  44.5048 131.3255
   7.000   1.1726   0.01088   0.00162  -0.1009   0.2613   0.5894  48.9668 132.8250
   8.000   1.2538   0.01251   0.00229  -0.0959   0.1787   0.6199  54.4849 134.6931
   9.000   1.3209   0.01427   0.00305  -0.0885   0.1187   0.6617  58.7127 137.2711
  10.000   1.3777   0.01629   0.00400  -0.0797   0.0767   0.7216  62.0293 140.9905
  11.000   1.4243   0.01847   0.00524  -0.0700   0.0504   0.8668  64.6022 150.1538
  12.000   1.4579   0.02166   0.00690  -0.0601   0.0324   1.0000  66.9766 160.0000
  13.000   1.4887   0.02618   0.00945  -0.0524   0.0219   1.0000  68.9693 160.0000
  14.000   1.5138   0.03201   0.01304  -0.0467   0.0164   1.0000  70.3915 160.0000
  15.000   1.5282   0.03987   0.01828  -0.0429   0.0126   1.0000  71.5756 160.0000
