  
       XFOIL         Version 6.99
  
 Calculated polar for: EPPLER 556 AIRFOIL                              
  
 1 1 Reynolds number fixed          Mach number fixed         
  
 xtrf =   1.000 (top)        1.000 (bottom)  
 Mach =   0.000     Re =     1.000 e 6     Ncrit =   9.000  9.000
  
   alpha    CL        CD       CDp       CM     Top_Xtr  Bot_Xtr  Top_Itr  Bot_Itr
  ------ -------- --------- --------- -------- -------- -------- -------- --------
  -6.000  -0.1526   0.00687   0.00055  -0.1279   0.8635   0.2823  11.3779 112.5861
  -5.000  -0.0400   0.00642   0.00049  -0.1285   0.8163   0.3870  14.3767 119.5637
  -4.000   0.0717   0.00651   0.00053  -0.1283   0.7725   0.4162  17.1422 121.4730
  -3.000   0.1833   0.00673   0.00062  -0.1280   0.7295   0.4391  19.8604 122.9445
  -2.000   0.2949   0.00678   0.00058  -0.1279   0.6896   0.4499  22.3809 123.6285
  -1.000   0.4062   0.00691   0.00055  -0.1277   0.6506   0.4602  24.8469 124.2790
   0.000   0.5173   0.00712   0.00055  -0.1275   0.6122   0.4705  27.2813 124.9246
   1.000   0.6276   0.00734   0.00059  -0.1272   0.5733   0.4823  29.7489 125.6616
   2.000   0.7368   0.00764   0.00064  -0.1267   0.5327   0.4941  32.3299 126.3946
   3.000   0.8440   0.00806   0.00071  -0.1259   0.4898   0.5071  35.0606 127.2010
   4.000   0.9497   0.00855   0.00083  -0.1248   0.4449   0.5217  37.9336 128.1033
   5.000   1.0527   0.00916   0.00099  -0.1233   0.3977   0.5387  40.9670 129.1508
   6.000   1.1522   0.00992   0.00123  -0.1212   0.3449   0.5597  44.3840 130.4515
   9.000   1.3851   0.01445   0.00301  -0.1040   0.1385   0.6645  58.3026 137.0011
  10.000   1.4420   0.01657   0.00404  -0.0954   0.0930   0.7320  61.7229 141.2716
  11.000   1.4833   0.01870   0.00528  -0.0847   0.0637   1.0000  64.2095 160.0000
  12.000   1.5220   0.02230   0.00711  -0.0760   0.0420   1.0000  66.4739 160.0000
  13.000   1.5517   0.02709   0.00984  -0.0683   0.0283   1.0000  68.3746 160.0000
  14.000   1.5727   0.03348   0.01381  -0.0622   0.0203   1.0000  69.8603 160.0000
  15.000   1.5859   0.04173   0.01933  -0.0583   0.0157   1.0000  70.9779 160.0000
