  
       XFOIL         Version 6.99
  
 Calculated polar for: EPPLER 559 AIRFOIL                              
  
 1 1 Reynolds number fixed          Mach number fixed         
  
 xtrf =   1.000 (top)        1.000 (bottom)  
 Mach =   0.000     Re =     0.500 e 6     Ncrit =   9.000  9.000
  
   alpha    CL        CD       CDp       CM     Top_Xtr  Bot_Xtr  Top_Itr  Bot_Itr
  ------ -------- --------- --------- -------- -------- -------- -------- --------
  -6.000  -0.0844   0.00947   0.00159  -0.1382   0.8393   0.2084  12.5585 111.4498
  -5.000   0.0282   0.00938   0.00143  -0.1378   0.7715   0.2477  16.5990 113.9312
  -4.000   0.1360   0.00936   0.00131  -0.1365   0.7138   0.2796  20.0223 115.8969
  -3.000   0.2440   0.00937   0.00123  -0.1353   0.6630   0.3084  23.0344 117.6424
  -2.000   0.3526   0.00944   0.00118  -0.1341   0.6174   0.3369  25.7459 119.3459
  -1.000   0.4613   0.00963   0.00117  -0.1331   0.5770   0.3659  28.1561 121.0551
   0.000   0.5699   0.00981   0.00121  -0.1321   0.5402   0.3962  30.3574 122.8119
   1.000   0.6779   0.01006   0.00129  -0.1310   0.5073   0.4288  32.3310 124.6928
   2.000   0.7849   0.01041   0.00140  -0.1298   0.4782   0.4669  34.0909 126.8977
   3.000   0.8915   0.01072   0.00157  -0.1286   0.4519   0.5166  35.6829 129.7852
   4.000   0.9961   0.01112   0.00181  -0.1272   0.4286   0.5971  37.1010 134.4868
   5.000   1.0967   0.01134   0.00216  -0.1249   0.4068   0.7710  38.4367 144.7309
   6.000   1.1867   0.01165   0.00228  -0.1202   0.3862   1.0000  39.7068 160.0000
   7.000   1.2835   0.01259   0.00252  -0.1176   0.3652   1.0000  41.0036 160.0000
   8.000   1.3735   0.01341   0.00272  -0.1137   0.3443   1.0000  42.3118 160.0000
   9.000   1.4535   0.01445   0.00292  -0.1081   0.3212   1.0000  43.7707 160.0000
  10.000   1.5279   0.01570   0.00323  -0.1020   0.2958   1.0000  45.3928 160.0000
  11.000   1.5916   0.01742   0.00371  -0.0948   0.2660   1.0000  47.3362 160.0000
  12.000   1.6388   0.02007   0.00469  -0.0862   0.2288   1.0000  49.8112 160.0000
  13.000   1.6582   0.02483   0.00696  -0.0764   0.1811   1.0000  53.0895 160.0000
  14.000   1.6520   0.03278   0.01162  -0.0679   0.1352   1.0000  56.3917 160.0000
  15.000   1.6302   0.04436   0.01937  -0.0633   0.1023   1.0000  58.9370 160.0000
