  
       XFOIL         Version 6.99
  
 Calculated polar for: EPPLER 560 AIRFOIL                              
  
 1 1 Reynolds number fixed          Mach number fixed         
  
 xtrf =   1.000 (top)        1.000 (bottom)  
 Mach =   0.000     Re =     0.500 e 6     Ncrit =   9.000  9.000
  
   alpha    CL        CD       CDp       CM     Top_Xtr  Bot_Xtr  Top_Itr  Bot_Itr
  ------ -------- --------- --------- -------- -------- -------- -------- --------
  -6.000   0.0022   0.00956   0.00163  -0.1605   0.8411   0.1906  12.6457 110.2623
  -5.000   0.1179   0.00942   0.00146  -0.1609   0.7772   0.2276  16.4653 112.6163
  -4.000   0.2263   0.00941   0.00133  -0.1597   0.7212   0.2577  19.7954 114.4770
  -3.000   0.3343   0.00947   0.00122  -0.1584   0.6717   0.2854  22.7280 116.1608
  -2.000   0.4424   0.00959   0.00118  -0.1572   0.6275   0.3133  25.3581 117.8331
  -1.000   0.5503   0.00976   0.00118  -0.1560   0.5872   0.3412  27.7584 119.4720
   0.000   0.6579   0.01003   0.00121  -0.1548   0.5512   0.3702  29.9054 121.1550
   1.000   0.7651   0.01034   0.00128  -0.1536   0.5190   0.4018  31.8414 122.9725
   2.000   0.8717   0.01067   0.00141  -0.1523   0.4902   0.4377  33.5736 125.0394
   3.000   0.9767   0.01109   0.00158  -0.1509   0.4647   0.4822  35.1125 127.6213
   4.000   1.0809   0.01148   0.00180  -0.1493   0.4412   0.5493  36.5349 131.5314
   5.000   1.1818   0.01190   0.00213  -0.1472   0.4196   0.6880  37.8521 139.6665
   6.000   1.2659   0.01212   0.00232  -0.1413   0.3998   1.0000  39.0692 160.0000
   7.000   1.3583   0.01293   0.00251  -0.1377   0.3795   1.0000  40.3192 160.0000
   8.000   1.4441   0.01389   0.00272  -0.1331   0.3582   1.0000  41.6408 160.0000
   9.000   1.5227   0.01510   0.00299  -0.1274   0.3361   1.0000  43.0269 160.0000
  10.000   1.5965   0.01640   0.00334  -0.1213   0.3109   1.0000  44.6273 160.0000
  11.000   1.6567   0.01833   0.00390  -0.1137   0.2786   1.0000  46.7118 160.0000
  12.000   1.7010   0.02132   0.00506  -0.1050   0.2397   1.0000  49.2822 160.0000
  13.000   1.7216   0.02633   0.00753  -0.0954   0.1936   1.0000  52.4192 160.0000
  14.000   1.7151   0.03468   0.01247  -0.0869   0.1473   1.0000  55.6984 160.0000
  15.000   1.6948   0.04644   0.02034  -0.0820   0.1123   1.0000  58.3358 160.0000
