  
       XFOIL         Version 6.99
  
 Calculated polar for: EPPLER 562 AIRFOIL                              
  
 1 1 Reynolds number fixed          Mach number fixed         
  
 xtrf =   1.000 (top)        1.000 (bottom)  
 Mach =   0.000     Re =     1.000 e 6     Ncrit =   9.000  9.000
  
   alpha    CL        CD       CDp       CM     Top_Xtr  Bot_Xtr  Top_Itr  Bot_Itr
  ------ -------- --------- --------- -------- -------- -------- -------- --------
  -6.000  -0.0864   0.00735   0.00077  -0.1413   0.8858   0.1675  10.0169 106.9687
  -5.000   0.0312   0.00698   0.00051  -0.1425   0.8086   0.2349  14.8560 111.3909
  -3.000   0.2447   0.00699   0.00036  -0.1397   0.6833   0.3171  22.5827 116.5941
  -2.000   0.3533   0.00711   0.00035  -0.1387   0.6314   0.3522  25.7802 118.7764
  -1.000   0.4627   0.00727   0.00037  -0.1379   0.5849   0.3830  28.6521 120.6707
   0.000   0.5720   0.00750   0.00042  -0.1371   0.5426   0.4130  31.2682 122.4970
   1.000   0.6810   0.00778   0.00050  -0.1363   0.5033   0.4437  33.7025 124.3475
   2.000   0.7891   0.00812   0.00060  -0.1353   0.4679   0.4755  35.9093 126.2565
   3.000   0.8964   0.00848   0.00072  -0.1343   0.4358   0.5116  37.9103 128.4327
   4.000   1.0027   0.00886   0.00087  -0.1332   0.4065   0.5574  39.7535 131.2056
   5.000   1.1071   0.00927   0.00106  -0.1317   0.3777   0.6275  41.5727 135.4614
   6.000   1.2082   0.00969   0.00132  -0.1297   0.3475   0.7526  43.4972 143.1231
   7.000   1.2952   0.01002   0.00152  -0.1246   0.3155   1.0000  45.5551 160.0000
   8.000   1.3841   0.01101   0.00175  -0.1204   0.2791   1.0000  47.9305 160.0000
   9.000   1.4635   0.01234   0.00212  -0.1147   0.2321   1.0000  51.0546 160.0000
  10.000   1.5303   0.01420   0.00279  -0.1073   0.1774   1.0000  54.8097 160.0000
  11.000   1.5759   0.01703   0.00402  -0.0971   0.1160   1.0000  59.2770 160.0000
  12.000   1.6081   0.02065   0.00580  -0.0863   0.0738   1.0000  62.7156 160.0000
  13.000   1.6312   0.02535   0.00837  -0.0766   0.0485   1.0000  65.2410 160.0000
  14.000   1.6436   0.03190   0.01234  -0.0688   0.0325   1.0000  67.3698 160.0000
  15.000   1.6450   0.04100   0.01840  -0.0639   0.0227   1.0000  69.1614 160.0000
