  
       XFOIL         Version 6.99
  
 Calculated polar for: EPPLER 580 AIRFOIL                              
  
 1 1 Reynolds number fixed          Mach number fixed         
  
 xtrf =   1.000 (top)        1.000 (bottom)  
 Mach =   0.000     Re =     0.500 e 6     Ncrit =   9.000  9.000
  
   alpha    CL        CD       CDp       CM     Top_Xtr  Bot_Xtr  Top_Itr  Bot_Itr
  ------ -------- --------- --------- -------- -------- -------- -------- --------
  -6.000  -0.0246   0.01401   0.00404  -0.1453   0.8737   0.0236  10.8154  92.8841
  -5.000   0.0876   0.01162   0.00247  -0.1477   0.8315   0.0260  13.5832  93.2971
  -4.000   0.2014   0.01044   0.00161  -0.1494   0.7906   0.0353  16.2353  94.7055
  -3.000   0.3212   0.00820   0.00129  -0.1543   0.7517   0.5219  18.7517 127.6305
  -2.000   0.4314   0.00912   0.00206  -0.1534   0.7161   0.5766  21.0432 131.0840
  -1.000   0.5418   0.00942   0.00208  -0.1532   0.6835   0.5915  23.1447 132.0148
   0.000   0.6516   0.00957   0.00204  -0.1531   0.6538   0.6001  25.0573 132.5563
   1.000   0.7615   0.00978   0.00195  -0.1532   0.6257   0.6093  26.8616 133.1355
   2.000   0.8695   0.01006   0.00196  -0.1529   0.5989   0.6183  28.5859 133.7050
   3.000   0.9761   0.01039   0.00196  -0.1524   0.5723   0.6274  30.3023 134.2768
   4.000   1.0795   0.01085   0.00196  -0.1513   0.5442   0.6379  32.1134 134.9422
   5.000   1.1780   0.01130   0.00200  -0.1493   0.5129   0.6486  34.1329 135.6204
   6.000   1.2704   0.01188   0.00202  -0.1461   0.4765   0.6602  36.4995 136.3606
   7.000   1.3496   0.01268   0.00208  -0.1405   0.4353   0.6743  39.1948 137.2592
   8.000   1.4220   0.01388   0.00233  -0.1340   0.3878   0.6904  42.3185 138.2884
   9.000   1.4767   0.01588   0.00294  -0.1250   0.3186   0.7117  46.8821 139.6518
  10.000   1.5206   0.01874   0.00411  -0.1155   0.2475   0.7400  51.6582 141.4773
  11.000   1.5436   0.02319   0.00640  -0.1047   0.1734   0.7906  56.7856 144.7575
  12.000   1.5500   0.02901   0.00984  -0.0940   0.1154   1.0000  61.0291 160.0000
  13.000   1.5581   0.03717   0.01493  -0.0874   0.0708   1.0000  64.6480 160.0000
  14.000   1.5445   0.04898   0.02311  -0.0828   0.0302   1.0000  69.0285 160.0000
  15.000   1.5245   0.06363   0.03407  -0.0814   0.0125   1.0000  72.7372 160.0000
