  
       XFOIL         Version 6.99
  
 Calculated polar for: EPPLER 583 AIRFOIL                              
  
 1 1 Reynolds number fixed          Mach number fixed         
  
 xtrf =   1.000 (top)        1.000 (bottom)  
 Mach =   0.000     Re =     0.500 e 6     Ncrit =   9.000  9.000
  
   alpha    CL        CD       CDp       CM     Top_Xtr  Bot_Xtr  Top_Itr  Bot_Itr
  ------ -------- --------- --------- -------- -------- -------- -------- --------
  -6.000  -0.0855   0.01654   0.00437  -0.1086   0.7037   0.0116  20.5369  90.9686
  -5.000   0.0082   0.01411   0.00294  -0.1062   0.6932   0.0140  21.1774  91.8033
  -4.000   0.1033   0.01248   0.00218  -0.1039   0.6827   0.0212  21.8180  93.9396
  -3.000   0.1970   0.01068   0.00187  -0.1021   0.6729   0.2139  22.4267 110.5575
  -2.000   0.2896   0.00915   0.00237  -0.0996   0.6634   0.7643  23.0116 143.6201
  -1.000   0.3966   0.00981   0.00309  -0.0981   0.6536   0.8073  23.6188 146.2050
   0.000   0.4948   0.01075   0.00392  -0.0940   0.6439   0.8424  24.2193 148.3538
   1.000   0.6064   0.01084   0.00384  -0.0948   0.6333   0.8544  24.8781 149.1062
   2.000   0.7148   0.01089   0.00378  -0.0952   0.6217   0.8612  25.5993 149.5315
   3.000   0.8281   0.01097   0.00358  -0.0969   0.6091   0.8681  26.3898 149.9718
   4.000   0.9338   0.01096   0.00335  -0.0969   0.5945   0.8742  27.3151 150.3591
   5.000   1.0387   0.01101   0.00305  -0.0968   0.5774   0.8816  28.4007 150.8327
   6.000   1.1362   0.01104   0.00266  -0.0953   0.5569   0.8886  29.7290 151.2913
   7.000   1.2250   0.01125   0.00225  -0.0922   0.5305   0.8980  31.4569 151.9051
   8.000   1.2900   0.01164   0.00172  -0.0844   0.4961   0.9096  33.7242 152.6795
   9.000   1.3359   0.01273   0.00136  -0.0738   0.4513   0.9269  36.6448 153.8647
  10.000   1.3595   0.01482   0.00136  -0.0610   0.3988   0.9654  40.0459 156.7208
  11.000   1.3890   0.01919   0.00291  -0.0542   0.3339   1.0000  44.2482 160.0000
  12.000   1.3905   0.02586   0.00599  -0.0457   0.2670   1.0000  48.6349 160.0000
  13.000   1.3911   0.03362   0.01016  -0.0391   0.2081   1.0000  52.5772 160.0000
  14.000   1.3929   0.04232   0.01536  -0.0345   0.1560   1.0000  56.2186 160.0000
  15.000   1.3930   0.05220   0.02181  -0.0316   0.1082   1.0000  59.8140 160.0000
