  
       XFOIL         Version 6.99
  
 Calculated polar for: EPPLER 584 AIRFOIL                              
  
 1 1 Reynolds number fixed          Mach number fixed         
  
 xtrf =   1.000 (top)        1.000 (bottom)  
 Mach =   0.000     Re =     0.500 e 6     Ncrit =   9.000  9.000
  
   alpha    CL        CD       CDp       CM     Top_Xtr  Bot_Xtr  Top_Itr  Bot_Itr
  ------ -------- --------- --------- -------- -------- -------- -------- --------
  -6.000  -0.0878   0.01740   0.00483  -0.1062   0.6977   0.0121  20.7715  91.5635
  -5.000   0.0075   0.01438   0.00278  -0.1035   0.6889   0.0123  21.3601  91.6550
  -4.000   0.1003   0.01272   0.00199  -0.1005   0.6800   0.0168  21.9695  93.1494
  -2.000   0.2639   0.00956   0.00276  -0.0910   0.6617   0.8066  23.2317 146.1763
  -1.000   0.3667   0.01103   0.00401  -0.0875   0.6523   0.8475  23.8855 148.6638
   0.000   0.4583   0.01229   0.00501  -0.0812   0.6426   0.8806  24.5597 150.7453
   1.000   0.5587   0.01271   0.00510  -0.0791   0.6331   0.9002  25.2257 152.0191
   2.000   0.6636   0.01255   0.00485  -0.0786   0.6229   0.9056  25.9471 152.3855
   3.000   0.7612   0.01228   0.00449  -0.0773   0.6112   0.9113  26.7813 152.7724
   4.000   0.8657   0.01199   0.00399  -0.0776   0.5980   0.9149  27.7154 153.0111
   5.000   0.9617   0.01153   0.00331  -0.0758   0.5826   0.9178  28.7955 153.2165
   6.000   1.0571   0.01137   0.00266  -0.0741   0.5634   0.9210  30.0837 153.4393
   7.000   1.1420   0.01145   0.00209  -0.0706   0.5377   0.9242  31.7353 153.6582
   8.000   1.2159   0.01188   0.00153  -0.0653   0.5059   0.9282  33.7744 153.9414
   9.000   1.2715   0.01282   0.00106  -0.0570   0.4639   0.9328  36.4885 154.2710
  10.000   1.3079   0.01482   0.00098  -0.0470   0.4138   0.9396  39.6610 154.7634
  11.000   1.3209   0.01846   0.00173  -0.0356   0.3565   0.9498  43.2960 155.5292
  13.000   1.3377   0.03196   0.00825  -0.0233   0.2297   1.0000  51.4660 160.0000
  14.000   1.3451   0.04042   0.01319  -0.0199   0.1756   1.0000  55.1108 160.0000
  15.000   1.3507   0.04972   0.01911  -0.0177   0.1260   1.0000  58.6588 160.0000
