  
       XFOIL         Version 6.99
  
 Calculated polar for: EPPLER 585 AIRFOIL                              
  
 1 1 Reynolds number fixed          Mach number fixed         
  
 xtrf =   1.000 (top)        1.000 (bottom)  
 Mach =   0.000     Re =     0.500 e 6     Ncrit =   9.000  9.000
  
   alpha    CL        CD       CDp       CM     Top_Xtr  Bot_Xtr  Top_Itr  Bot_Itr
  ------ -------- --------- --------- -------- -------- -------- -------- --------
  -6.000  -0.0557   0.01908   0.00735  -0.1261   0.7879   0.0141  16.1667  90.8643
  -5.000   0.0413   0.01418   0.00353  -0.1238   0.7735   0.0133  17.1076  90.6058
  -4.000   0.1407   0.01180   0.00209  -0.1221   0.7597   0.0153  18.0138  91.1832
  -3.000   0.2433   0.00982   0.00160  -0.1219   0.7461   0.1964  18.9033 106.5779
  -2.000   0.3474   0.00830   0.00201  -0.1220   0.7324   0.7351  19.8013 141.0629
  -1.000   0.4573   0.00881   0.00247  -0.1212   0.7182   0.7799  20.7401 143.9366
   0.000   0.5611   0.00932   0.00298  -0.1190   0.7038   0.8147  21.6850 146.2024
   1.000   0.6734   0.00942   0.00287  -0.1198   0.6880   0.8270  22.7322 147.0097
   2.000   0.7832   0.00944   0.00274  -0.1202   0.6708   0.8352  23.8786 147.5506
   3.000   0.8925   0.00950   0.00255  -0.1206   0.6504   0.8440  25.2427 148.1333
   4.000   0.9975   0.00959   0.00234  -0.1201   0.6266   0.8528  26.8396 148.7167
   5.000   1.0977   0.00978   0.00211  -0.1188   0.5968   0.8622  28.8531 149.3501
   6.000   1.1906   0.01016   0.00191  -0.1161   0.5572   0.8737  31.5271 150.1182
   7.000   1.2671   0.01088   0.00174  -0.1102   0.5030   0.8873  35.1721 151.0352
   8.000   1.3083   0.01220   0.00170  -0.0978   0.4315   0.9089  39.9687 152.5151
   9.000   1.3350   0.01439   0.00209  -0.0846   0.3497   1.0000  45.4468 160.0000
  10.000   1.3660   0.01847   0.00368  -0.0757   0.2641   1.0000  51.2236 160.0000
  11.000   1.3896   0.02361   0.00611  -0.0675   0.1899   1.0000  56.3574 160.0000
  12.000   1.4071   0.02993   0.00951  -0.0604   0.1249   1.0000  61.0881 160.0000
  13.000   1.4212   0.03740   0.01398  -0.0548   0.0711   1.0000  65.4400 160.0000
  14.000   1.4296   0.04638   0.01990  -0.0507   0.0351   1.0000  69.1714 160.0000
  15.000   1.4383   0.05648   0.02703  -0.0486   0.0189   1.0000  71.8223 160.0000
