  
       XFOIL         Version 6.99
  
 Calculated polar for: EPPLER 587 AIRFOIL                              
  
 1 1 Reynolds number fixed          Mach number fixed         
  
 xtrf =   1.000 (top)        1.000 (bottom)  
 Mach =   0.000     Re =     0.500 e 6     Ncrit =   9.000  9.000
  
   alpha    CL        CD       CDp       CM     Top_Xtr  Bot_Xtr  Top_Itr  Bot_Itr
  ------ -------- --------- --------- -------- -------- -------- -------- --------
  -6.000   0.0023   0.01357   0.00288  -0.1462   0.7946   0.0154  15.3912  91.5544
  -5.000   0.1000   0.01159   0.00214  -0.1457   0.7800   0.0470  16.2952  97.7269
  -4.000   0.2093   0.00867   0.00155  -0.1498   0.7665   0.4862  17.1350 126.2636
  -3.000   0.3262   0.00893   0.00213  -0.1511   0.7533   0.6269  17.9542 135.0181
  -2.000   0.4392   0.00940   0.00259  -0.1515   0.7399   0.6600  18.7910 137.0101
  -1.000   0.5490   0.00987   0.00311  -0.1511   0.7262   0.6850  19.6464 138.5044
   0.000   0.6629   0.00994   0.00301  -0.1524   0.7118   0.6959  20.5460 139.1579
   1.000   0.7746   0.01002   0.00292  -0.1532   0.6961   0.7050  21.5274 139.7054
   2.000   0.8848   0.01006   0.00274  -0.1538   0.6786   0.7137  22.6347 140.2324
   3.000   0.9926   0.01018   0.00254  -0.1538   0.6594   0.7228  23.8483 140.7865
   4.000   1.0940   0.01032   0.00234  -0.1526   0.6359   0.7320  25.3474 141.3455
   5.000   1.1908   0.01060   0.00207  -0.1505   0.6080   0.7423  27.1364 141.9727
   6.000   1.2736   0.01099   0.00186  -0.1456   0.5712   0.7526  29.4891 142.6083
   7.000   1.3356   0.01176   0.00165  -0.1367   0.5237   0.7646  32.5283 143.3467
   8.000   1.3823   0.01332   0.00176  -0.1258   0.4602   0.7782  36.5707 144.1855
   9.000   1.4091   0.01607   0.00252  -0.1129   0.3844   0.7947  41.3816 145.2154
  10.000   1.4268   0.02015   0.00418  -0.1009   0.3087   0.8145  46.2023 146.4594
  11.000   1.4416   0.02545   0.00678  -0.0907   0.2361   0.8430  50.9160 148.2639
  12.000   1.4534   0.03125   0.00996  -0.0815   0.1760   0.9257  54.9416 153.7639
  13.000   1.4702   0.03874   0.01438  -0.0763   0.1195   1.0000  58.9847 160.0000
  14.000   1.4833   0.04754   0.02002  -0.0722   0.0735   1.0000  62.7411 160.0000
  15.000   1.4900   0.05796   0.02725  -0.0696   0.0417   1.0000  66.2137 160.0000
