  
       XFOIL         Version 6.99
  
 Calculated polar for: E591                                            
  
 1 1 Reynolds number fixed          Mach number fixed         
  
 xtrf =   1.000 (top)        1.000 (bottom)  
 Mach =   0.000     Re =     0.500 e 6     Ncrit =   9.000  9.000
  
   alpha    CL        CD       CDp       CM     Top_Xtr  Bot_Xtr  Top_Itr  Bot_Itr
  ------ -------- --------- --------- -------- -------- -------- -------- --------
  -6.000   0.2145   0.01340   0.00415  -0.1934   0.8198   0.0264  13.6814  98.1075
  -5.000   0.3298   0.01183   0.00285  -0.1946   0.7678   0.0321  16.4007  99.5337
  -4.000   0.4448   0.01074   0.00184  -0.1954   0.7168   0.0456  19.0286 102.3473
  -3.000   0.5618   0.00957   0.00119  -0.1969   0.6678   0.1887  21.5508 115.3491
  -2.000   0.6717   0.00964   0.00125  -0.1961   0.6215   0.2977  23.9374 121.1782
  -1.000   0.7796   0.00996   0.00137  -0.1947   0.5785   0.3598  26.1601 124.1828
   0.000   0.8866   0.01034   0.00150  -0.1932   0.5392   0.4088  28.2133 126.4945
   1.000   0.9922   0.01081   0.00165  -0.1916   0.5036   0.4571  30.0851 128.7846
   2.000   1.0967   0.01131   0.00187  -0.1898   0.4712   0.5162  31.8010 131.6359
   3.000   1.1991   0.01187   0.00217  -0.1878   0.4421   0.5944  33.3672 135.4870
   4.000   1.2959   0.01253   0.00252  -0.1848   0.4144   0.7019  34.8666 140.9307
   5.000   1.3710   0.01284   0.00279  -0.1770   0.3900   1.0000  36.2140 160.0000
   6.000   1.4611   0.01391   0.00308  -0.1732   0.3647   1.0000  37.6280 160.0000
   7.000   1.5431   0.01527   0.00350  -0.1682   0.3405   1.0000  39.0080 160.0000
   8.000   1.6234   0.01668   0.00400  -0.1632   0.3181   1.0000  40.3158 160.0000
   9.000   1.6950   0.01851   0.00467  -0.1572   0.2964   1.0000  41.6095 160.0000
  10.000   1.7572   0.02090   0.00563  -0.1505   0.2759   1.0000  42.8544 160.0000
  11.000   1.8118   0.02394   0.00696  -0.1435   0.2566   1.0000  44.0551 160.0000
  12.000   1.8609   0.02763   0.00872  -0.1369   0.2384   1.0000  45.2180 160.0000
  13.000   1.9000   0.03250   0.01120  -0.1307   0.2209   1.0000  46.3652 160.0000
  14.000   1.9288   0.03887   0.01472  -0.1251   0.2044   1.0000  47.4801 160.0000
  15.000   1.9475   0.04707   0.01954  -0.1208   0.1889   1.0000  48.5652 160.0000
