  
       XFOIL         Version 6.99
  
 Calculated polar for: EPPLER 593 AIRFOIL                              
  
 1 1 Reynolds number fixed          Mach number fixed         
  
 xtrf =   1.000 (top)        1.000 (bottom)  
 Mach =   0.000     Re =     1.000 e 6     Ncrit =   9.000  9.000
  
   alpha    CL        CD       CDp       CM     Top_Xtr  Bot_Xtr  Top_Itr  Bot_Itr
  ------ -------- --------- --------- -------- -------- -------- -------- --------
  -6.000  -0.3701   0.01512   0.00513  -0.0363   0.4686   0.0066  35.6874  89.4544
  -5.000  -0.2620   0.01249   0.00292  -0.0350   0.4614   0.0068  36.1449  89.5416
  -4.000  -0.1504   0.01091   0.00180  -0.0340   0.4553   0.0077  36.5305  89.9673
  -3.000  -0.0385   0.00970   0.00115  -0.0331   0.4478   0.0326  37.0075  96.7206
  -2.000   0.0754   0.00915   0.00102  -0.0327   0.4432   0.0667  37.3076 100.8190
  -1.000   0.1896   0.00882   0.00095  -0.0324   0.4373   0.1078  37.6918 103.9478
   0.000   0.3035   0.00864   0.00097  -0.0322   0.4314   0.1705  38.0781 107.9337
   1.000   0.4146   0.00763   0.00107  -0.0319   0.4261   0.5316  38.4289 130.1567
   2.000   0.5499   0.00668   0.00119  -0.0363   0.4201   1.0000  38.8241 160.0000
   3.000   0.6591   0.00699   0.00136  -0.0352   0.4143   1.0000  39.2132 160.0000
   4.000   0.7696   0.00719   0.00143  -0.0345   0.4073   1.0000  39.6938 160.0000
   5.000   0.8806   0.00747   0.00151  -0.0341   0.3985   1.0000  40.2918 160.0000
   6.000   0.9918   0.00775   0.00152  -0.0339   0.3878   1.0000  41.0368 160.0000
   7.000   1.1032   0.00799   0.00153  -0.0339   0.3757   1.0000  41.8868 160.0000
   8.000   1.2140   0.00832   0.00155  -0.0340   0.3575   1.0000  43.1878 160.0000
   9.000   1.3225   0.00895   0.00166  -0.0340   0.3218   1.0000  45.7465 160.0000
  10.000   1.4181   0.01122   0.00269  -0.0333   0.2256   1.0000  52.6538 160.0000
  11.000   1.4986   0.01469   0.00462  -0.0315   0.1372   1.0000  59.0938 160.0000
  12.000   1.5607   0.01863   0.00680  -0.0281   0.0847   1.0000  63.3235 160.0000
  13.000   1.5407   0.02887   0.01319  -0.0247   0.0621   1.0000  65.4228 160.0000
  14.000   1.4970   0.04329   0.02335  -0.0249   0.0486   1.0000  66.8770 160.0000
  15.000   1.4703   0.05641   0.03305  -0.0259   0.0364   1.0000  68.4680 160.0000
