  
       XFOIL         Version 6.99
  
 Calculated polar for: EPPLER 593 AIRFOIL                              
  
 1 1 Reynolds number fixed          Mach number fixed         
  
 xtrf =   1.000 (top)        1.000 (bottom)  
 Mach =   0.000     Re =     0.500 e 6     Ncrit =   9.000  9.000
  
   alpha    CL        CD       CDp       CM     Top_Xtr  Bot_Xtr  Top_Itr  Bot_Itr
  ------ -------- --------- --------- -------- -------- -------- -------- --------
  -6.000  -0.3608   0.02051   0.00878  -0.0378   0.4972   0.0105  33.8976  91.1479
  -5.000  -0.2569   0.01592   0.00472  -0.0362   0.4893   0.0110  34.3910  91.3297
  -4.000  -0.1477   0.01352   0.00298  -0.0349   0.4817   0.0145  34.8661  92.5203
  -3.000  -0.0361   0.01218   0.00244  -0.0340   0.4748   0.0466  35.2981  98.7428
  -2.000   0.0768   0.01171   0.00239  -0.0335   0.4677   0.0863  35.7441 102.4107
  -1.000   0.1898   0.01144   0.00233  -0.0331   0.4615   0.1321  36.1365 105.5358
   0.000   0.3026   0.01099   0.00238  -0.0328   0.4548   0.2347  36.5656 111.8680
   2.000   0.5466   0.00963   0.00292  -0.0363   0.4422   1.0000  37.3708 160.0000
   3.000   0.6560   0.01005   0.00316  -0.0354   0.4358   1.0000  37.7903 160.0000
   4.000   0.7656   0.01064   0.00354  -0.0348   0.4289   1.0000  38.2425 160.0000
   5.000   0.8762   0.01091   0.00363  -0.0343   0.4203   1.0000  38.8105 160.0000
   6.000   0.9862   0.01128   0.00377  -0.0339   0.4103   1.0000  39.4885 160.0000
   7.000   1.0962   0.01147   0.00363  -0.0336   0.3987   1.0000  40.2805 160.0000
   8.000   1.2057   0.01156   0.00337  -0.0334   0.3834   1.0000  41.3472 160.0000
   9.000   1.3140   0.01169   0.00300  -0.0331   0.3612   1.0000  42.9197 160.0000
  10.000   1.4180   0.01237   0.00294  -0.0327   0.3155   1.0000  46.2006 160.0000
  11.000   1.4964   0.01580   0.00450  -0.0308   0.2104   1.0000  53.7383 160.0000
  12.000   1.5345   0.02149   0.00775  -0.0262   0.1356   1.0000  59.2195 160.0000
  13.000   1.4827   0.03579   0.01741  -0.0253   0.1093   1.0000  61.2710 160.0000
  14.000   1.4373   0.05035   0.02811  -0.0257   0.0869   1.0000  63.1275 160.0000
  15.000   1.4125   0.06427   0.03884  -0.0277   0.0659   1.0000  65.0391 160.0000
