  
       XFOIL         Version 6.99
  
 Calculated polar for: EPPLER 603 AIRFOIL                              
  
 1 1 Reynolds number fixed          Mach number fixed         
  
 xtrf =   1.000 (top)        1.000 (bottom)  
 Mach =   0.000     Re =     0.500 e 6     Ncrit =   9.000  9.000
  
   alpha    CL        CD       CDp       CM     Top_Xtr  Bot_Xtr  Top_Itr  Bot_Itr
  ------ -------- --------- --------- -------- -------- -------- -------- --------
  -6.000  -0.1973   0.01422   0.00272  -0.0854   0.6654   0.0514  22.0643  98.6697
  -5.000  -0.1203   0.01255   0.00248  -0.0817   0.6575   0.1580  22.5309 106.7368
  -4.000  -0.0376   0.00963   0.00243  -0.0807   0.6504   0.6367  22.9517 135.5145
  -3.000   0.0790   0.01069   0.00366  -0.0812   0.6434   0.6983  23.3631 139.4021
  -2.000   0.1941   0.01174   0.00465  -0.0814   0.6363   0.7214  23.7839 140.7782
  -1.000   0.3051   0.01308   0.00583  -0.0805   0.6294   0.7430  24.1929 142.0450
   0.000   0.4168   0.01317   0.00605  -0.0811   0.6218   0.7487  24.6516 142.3774
   1.000   0.5345   0.01322   0.00585  -0.0838   0.6144   0.7559  25.0938 142.7993
   2.000   0.6501   0.01302   0.00567  -0.0862   0.6056   0.7616  25.6223 143.1370
   3.000   0.7646   0.01311   0.00557  -0.0881   0.5967   0.7657  26.1572 143.3863
   4.000   0.8792   0.01302   0.00528  -0.0901   0.5859   0.7712  26.8169 143.7112
   5.000   0.9928   0.01290   0.00481  -0.0921   0.5722   0.7763  27.6645 144.0193
   6.000   1.0991   0.01272   0.00441  -0.0923   0.5566   0.7803  28.6443 144.2631
   7.000   1.2016   0.01262   0.00384  -0.0918   0.5372   0.7852  29.8849 144.5572
   8.000   1.2934   0.01270   0.00326  -0.0896   0.5079   0.7905  31.7949 144.8820
   9.000   1.3565   0.01323   0.00276  -0.0820   0.4636   0.7956  34.6996 145.1907
  10.000   1.3794   0.01541   0.00290  -0.0688   0.3997   0.8020  38.8069 145.5827
  11.000   1.3707   0.02042   0.00464  -0.0554   0.3292   0.8086  43.2967 145.9884
  12.000   1.3468   0.02850   0.00878  -0.0450   0.2592   0.8156  47.7905 146.4208
  13.000   1.3329   0.03761   0.01409  -0.0386   0.1968   0.8222  51.8928 146.8295
  14.000   1.3387   0.04634   0.01957  -0.0353   0.1491   0.8284  55.1773 147.2179
  15.000   1.3480   0.05568   0.02580  -0.0336   0.1096   0.8360  58.0964 147.6946
