  
       XFOIL         Version 6.99
  
 Calculated polar for: EPPLER 604 AIRFOIL                              
  
 1 1 Reynolds number fixed          Mach number fixed         
  
 xtrf =   1.000 (top)        1.000 (bottom)  
 Mach =   0.000     Re =     1.000 e 6     Ncrit =   9.000  9.000
  
   alpha    CL        CD       CDp       CM     Top_Xtr  Bot_Xtr  Top_Itr  Bot_Itr
  ------ -------- --------- --------- -------- -------- -------- -------- --------
  -6.000  -0.1377   0.01054   0.00154  -0.1100   0.7067   0.0560  20.3080  98.8182
  -5.000  -0.0411   0.00907   0.00111  -0.1097   0.6939   0.1853  21.1016 108.0907
  -4.000   0.0641   0.00679   0.00062  -0.1118   0.6823   0.5528  21.8189 130.6657
  -3.000   0.1820   0.00686   0.00081  -0.1137   0.6716   0.6069  22.4839 134.0389
  -2.000   0.2991   0.00707   0.00102  -0.1154   0.6609   0.6312  23.1475 135.5287
  -1.000   0.4153   0.00732   0.00124  -0.1169   0.6503   0.6510  23.8075 136.7346
   0.000   0.5316   0.00738   0.00120  -0.1187   0.6395   0.6576  24.4752 137.1324
   1.000   0.6463   0.00751   0.00121  -0.1202   0.6281   0.6643  25.1892 137.5374
   2.000   0.7600   0.00771   0.00116  -0.1215   0.6150   0.6710  26.0112 137.9374
   3.000   0.8698   0.00782   0.00110  -0.1221   0.5994   0.6780  26.9865 138.3619
   4.000   0.9768   0.00800   0.00102  -0.1222   0.5815   0.6854  28.1235 138.8053
   5.000   1.0798   0.00822   0.00092  -0.1214   0.5586   0.6932  29.5854 139.2705
   6.000   1.1725   0.00864   0.00081  -0.1187   0.5277   0.7014  31.5660 139.7582
   7.000   1.2431   0.00936   0.00069  -0.1117   0.4831   0.7105  34.4228 140.3059
   8.000   1.2970   0.01080   0.00078  -0.1023   0.4218   0.7201  38.3165 140.8806
   9.000   1.3250   0.01332   0.00134  -0.0896   0.3431   0.7309  43.3151 141.5237
  10.000   1.3391   0.01725   0.00268  -0.0771   0.2650   0.7428  48.3159 142.2451
  11.000   1.3566   0.02204   0.00474  -0.0674   0.2025   0.7550  52.4102 142.9798
  12.000   1.3727   0.02779   0.00761  -0.0595   0.1485   0.7694  56.0995 143.8565
  13.000   1.3944   0.03400   0.01099  -0.0538   0.1081   0.7852  59.0660 144.8286
  14.000   1.4167   0.04091   0.01505  -0.0496   0.0772   0.8038  61.6111 145.9742
  15.000   1.4352   0.04881   0.02004  -0.0465   0.0522   0.8305  64.0992 147.6477
