  
       XFOIL         Version 6.99
  
 Calculated polar for: E61  (5.64%)                                    
  
 1 1 Reynolds number fixed          Mach number fixed         
  
 xtrf =   1.000 (top)        1.000 (bottom)  
 Mach =   0.000     Re =     0.500 e 6     Ncrit =   9.000  9.000
  
   alpha    CL        CD       CDp       CM     Top_Xtr  Bot_Xtr  Top_Itr  Bot_Itr
  ------ -------- --------- --------- -------- -------- -------- -------- --------
  -1.000   0.7594   0.00992   0.00265  -0.2138   0.9085   0.0259   8.8498  88.0115
   0.000   0.9131   0.00802   0.00107  -0.2228   0.8894   0.0557  10.3085  90.3631
   2.000   1.1543   0.00679   0.00094  -0.2271   0.8072   1.0000  16.4578 160.0000
   3.000   1.2560   0.00739   0.00089  -0.2247   0.7506   1.0000  20.6438 160.0000
   4.000   1.3441   0.00836   0.00088  -0.2194   0.6566   1.0000  27.5467 160.0000
   5.000   1.3848   0.01229   0.00179  -0.2052   0.3220   1.0000  51.9665 160.0000
   6.000   1.4274   0.01787   0.00378  -0.1932   0.0122   1.0000  76.4080 160.0000
   7.000   1.4945   0.02114   0.00453  -0.1845   0.0060   1.0000  77.6084 160.0000
   8.000   1.5400   0.02647   0.00661  -0.1724   0.0060   1.0000  77.6132 160.0000
   9.000   1.6065   0.03759   0.01101  -0.1642   0.0082   1.0000  77.1547 160.0000
