  
       XFOIL         Version 6.99
  
 Calculated polar for: EPPLER 625 AIRFOIL                              
  
 1 1 Reynolds number fixed          Mach number fixed         
  
 xtrf =   1.000 (top)        1.000 (bottom)  
 Mach =   0.000     Re =     0.500 e 6     Ncrit =   9.000  9.000
  
   alpha    CL        CD       CDp       CM     Top_Xtr  Bot_Xtr  Top_Itr  Bot_Itr
  ------ -------- --------- --------- -------- -------- -------- -------- --------
  -6.000  -0.4541   0.02201   0.01008  -0.0097   0.7933   0.0244  14.8289  95.0454
  -5.000  -0.3543   0.01648   0.00530  -0.0065   0.7355   0.0234  18.3353  94.8324
  -4.000  -0.2511   0.01367   0.00296  -0.0040   0.6821   0.0246  21.5565  95.0909
  -3.000  -0.1568   0.01209   0.00186   0.0001   0.6324   0.0282  24.5659  95.8419
  -2.000  -0.0632   0.01101   0.00118   0.0045   0.5862   0.0373  27.3909  97.3943
  -1.000   0.0040   0.00875   0.00079   0.0132   0.5442   0.4690  29.9698 125.7389
   0.000   0.0934   0.00858   0.00196   0.0207   0.5014   0.9190  32.6143 153.8499
   1.000   0.3133   0.01085   0.00308   0.0004   0.4465   0.9396  36.0280 155.1654
   2.000   0.4403   0.01124   0.00309  -0.0028   0.4029   0.9493  38.7597 155.7934
   3.000   0.5521   0.01143   0.00306  -0.0034   0.3648   0.9562  41.1713 156.2512
   4.000   0.6622   0.01176   0.00311  -0.0037   0.3309   0.9638  43.3334 156.7739
   5.000   0.7721   0.01215   0.00323  -0.0042   0.3019   0.9704  45.2029 157.2476
   6.000   0.8816   0.01268   0.00339  -0.0049   0.2759   0.9773  46.8950 157.7629
   7.000   0.9925   0.01323   0.00364  -0.0060   0.2524   0.9836  48.4498 158.2766
   8.000   1.1001   0.01409   0.00398  -0.0069   0.2294   0.9906  49.9848 158.8985
   9.000   1.2131   0.01484   0.00436  -0.0092   0.2073   0.9961  51.5013 159.5304
  10.000   1.3053   0.01612   0.00495  -0.0078   0.1859   1.0000  53.0064 160.0000
  11.000   1.3575   0.01744   0.00554   0.0014   0.1691   1.0000  54.2209 160.0000
  12.000   1.3699   0.01893   0.00593   0.0175   0.1541   1.0000  55.3239 160.0000
  13.000   1.3634   0.02125   0.00648   0.0341   0.1395   1.0000  56.4310 160.0000
  14.000   1.3786   0.02551   0.00842   0.0422   0.1248   1.0000  57.5809 160.0000
  15.000   1.3913   0.03201   0.01205   0.0458   0.1106   1.0000  58.7285 160.0000
