  
       XFOIL         Version 6.99
  
 Calculated polar for: EPPLER 625 AIRFOIL                              
  
 1 1 Reynolds number fixed          Mach number fixed         
  
 xtrf =   1.000 (top)        1.000 (bottom)  
 Mach =   0.000     Re =     1.000 e 6     Ncrit =   9.000  9.000
  
   alpha    CL        CD       CDp       CM     Top_Xtr  Bot_Xtr  Top_Itr  Bot_Itr
  ------ -------- --------- --------- -------- -------- -------- -------- --------
  -6.000  -0.4660   0.01550   0.00552  -0.0064   0.7212   0.0156  19.2001  92.7679
  -5.000  -0.3661   0.01343   0.00353  -0.0034   0.6690   0.0164  22.3517  92.9936
  -4.000  -0.2707   0.01120   0.00200   0.0002   0.6201   0.0177  25.3153  93.3602
  -3.000  -0.1731   0.01027   0.00127   0.0037   0.5745   0.0196  28.1099  93.8851
  -2.000  -0.0749   0.00953   0.00078   0.0070   0.5306   0.0236  30.8058  94.8656
  -1.000   0.0194   0.00869   0.00054   0.0110   0.4894   0.1342  33.3536 105.5200
   0.000   0.0555   0.00597   0.00044   0.0269   0.4550   0.8568  35.4961 149.9067
   2.000   0.2799   0.00728   0.00136   0.0289   0.3765   0.9408  40.4322 155.2398
   3.000   0.3964   0.00786   0.00155   0.0280   0.3398   0.9504  42.7638 155.8616
   4.000   0.5120   0.00826   0.00165   0.0268   0.3079   0.9553  44.8142 156.1942
   5.000   0.6368   0.00878   0.00183   0.0235   0.2804   0.9584  46.5998 156.4056
   6.000   0.7354   0.00930   0.00195   0.0256   0.2576   0.9675  48.1037 157.0281
   7.000   0.8624   0.00992   0.00221   0.0213   0.2351   0.9695  49.6037 157.1770
   8.000   0.9838   0.01070   0.00253   0.0179   0.2131   0.9730  51.0991 157.4411
   9.000   1.0851   0.01149   0.00279   0.0187   0.1931   0.9809  52.4974 158.0441
  10.000   1.2040   0.01256   0.00326   0.0150   0.1709   0.9841  54.0886 158.3270
  11.000   1.3085   0.01385   0.00377   0.0140   0.1486   0.9910  55.7365 158.9328
  12.000   1.4169   0.01542   0.00451   0.0112   0.1259   0.9960  57.4976 159.5094
  13.000   1.4694   0.01723   0.00516   0.0186   0.1072   1.0000  59.0135 160.0000
  14.000   1.4612   0.01981   0.00579   0.0350   0.0954   1.0000  60.0271 160.0000
  15.000   1.4773   0.02447   0.00791   0.0420   0.0819   1.0000  61.2547 160.0000
