  
       XFOIL         Version 6.99
  
 Calculated polar for: EPPLER 635 AIRFOIL                              
  
 1 1 Reynolds number fixed          Mach number fixed         
  
 xtrf =   1.000 (top)        1.000 (bottom)  
 Mach =   0.000     Re =     1.000 e 6     Ncrit =   9.000  9.000
  
   alpha    CL        CD       CDp       CM     Top_Xtr  Bot_Xtr  Top_Itr  Bot_Itr
  ------ -------- --------- --------- -------- -------- -------- -------- --------
  -6.000  -0.5627   0.01904   0.00934   0.0192   0.6088   0.0105  28.0203  89.3587
  -5.000  -0.4647   0.01631   0.00612   0.0227   0.5571   0.0127  31.4506  89.9808
  -4.000  -0.3626   0.01343   0.00386   0.0248   0.5133   0.0160  34.3562  90.7506
  -3.000  -0.2612   0.01129   0.00215   0.0274   0.4761   0.0194  36.8387  91.4083
  -2.000  -0.1592   0.01026   0.00124   0.0300   0.4439   0.0223  38.9922  91.9448
  -1.000  -0.0566   0.00941   0.00066   0.0324   0.4165   0.0270  40.8364  92.6333
   0.000   0.0333   0.00771   0.00035   0.0368   0.3942   0.4220  42.3424 120.0932
   1.000   0.1627   0.00692   0.00107   0.0341   0.3722   0.9562  43.8325 156.0049
   2.000   0.3385   0.00796   0.00160   0.0210   0.3515   0.9649  45.2442 156.6816
   3.000   0.4582   0.00820   0.00168   0.0191   0.3347   0.9713  46.3891 157.1842
   4.000   0.5850   0.00845   0.00174   0.0155   0.3187   0.9756  47.4898 157.5344
   5.000   0.6997   0.00878   0.00185   0.0143   0.3034   0.9823  48.5513 158.0950
   6.000   0.8267   0.00904   0.00188   0.0103   0.2841   0.9856  49.8926 158.3994
   7.000   0.9442   0.00942   0.00198   0.0081   0.2651   0.9912  51.2303 158.9080
   8.000   1.0666   0.00984   0.00208   0.0046   0.2402   0.9949  53.0093 159.3483
   9.000   1.1858   0.01060   0.00231   0.0013   0.1984   0.9991  56.0456 159.8850
  10.000   1.2741   0.01255   0.00332   0.0033   0.1247   1.0000  61.6137 160.0000
  11.000   1.3393   0.01538   0.00500   0.0088   0.0651   1.0000  66.4963 160.0000
  12.000   1.3849   0.01870   0.00691   0.0168   0.0315   1.0000  69.9631 160.0000
  13.000   1.3590   0.02367   0.00953   0.0328   0.0137   1.0000  73.0297 160.0000
  14.000   1.3113   0.03688   0.01870   0.0341   0.0058   1.0000  75.8700 160.0000
  15.000   1.2680   0.05208   0.03032   0.0320   0.0047   1.0000  76.4578 160.0000
