  
       XFOIL         Version 6.99
  
 Calculated polar for: EPPLER 636 AIRFOIL                              
  
 1 1 Reynolds number fixed          Mach number fixed         
  
 xtrf =   1.000 (top)        1.000 (bottom)  
 Mach =   0.000     Re =     0.500 e 6     Ncrit =   9.000  9.000
  
   alpha    CL        CD       CDp       CM     Top_Xtr  Bot_Xtr  Top_Itr  Bot_Itr
  ------ -------- --------- --------- -------- -------- -------- -------- --------
  -6.000  -0.4099   0.03353   0.02947  -0.0138   0.6425   0.0239  25.7128  92.6517
  -5.000  -0.3589   0.02163   0.01903  -0.0065   0.5975   0.0287  28.6702  93.3781
  -4.000  -0.2845   0.02470   0.01413  -0.0011   0.5636   0.0376  30.9001  94.4891
  -3.000  -0.1832   0.01638   0.00535   0.0048   0.5261   0.0254  33.3798  92.9059
  -2.000  -0.0776   0.01284   0.00250   0.0072   0.4912   0.0247  35.6966  92.7955
  -1.000   0.0206   0.01135   0.00137   0.0106   0.4619   0.0274  37.6524  93.1910
   0.000   0.1194   0.01033   0.00097   0.0137   0.4373   0.1591  39.2968 103.2442
   1.000   0.3709   0.01013   0.00226  -0.0133   0.4081   0.9798  41.2592 157.8839
   2.000   0.5037   0.01006   0.00208  -0.0182   0.3883   0.9883  42.5907 158.6431
   3.000   0.6327   0.01002   0.00196  -0.0226   0.3708   0.9964  43.7756 159.5434
   4.000   0.7452   0.01017   0.00201  -0.0236   0.3551   1.0000  44.8483 160.0000
   5.000   0.8397   0.01054   0.00223  -0.0208   0.3405   1.0000  45.8454 160.0000
   6.000   0.9339   0.01100   0.00249  -0.0181   0.3257   1.0000  46.8602 160.0000
   7.000   1.0270   0.01151   0.00271  -0.0152   0.3083   1.0000  48.0566 160.0000
   8.000   1.1192   0.01202   0.00296  -0.0123   0.2903   1.0000  49.3174 160.0000
   9.000   1.2082   0.01268   0.00311  -0.0089   0.2652   1.0000  51.0919 160.0000
  11.000   1.3556   0.01593   0.00432   0.0014   0.1583   1.0000  58.9418 160.0000
  12.000   1.3750   0.02003   0.00644   0.0133   0.0894   1.0000  64.3565 160.0000
  13.000   1.3382   0.02634   0.00982   0.0278   0.0580   1.0000  67.1135 160.0000
  14.000   1.2882   0.04080   0.02003   0.0279   0.0311   1.0000  70.0626 160.0000
  15.000   1.2221   0.05906   0.03445   0.0247   0.0156   1.0000  72.7097 160.0000
