  
       XFOIL         Version 6.99
  
 Calculated polar for: EPPLER 636 AIRFOIL                              
  
 1 1 Reynolds number fixed          Mach number fixed         
  
 xtrf =   1.000 (top)        1.000 (bottom)  
 Mach =   0.000     Re =     1.000 e 6     Ncrit =   9.000  9.000
  
   alpha    CL        CD       CDp       CM     Top_Xtr  Bot_Xtr  Top_Itr  Bot_Itr
  ------ -------- --------- --------- -------- -------- -------- -------- --------
  -6.000  -0.4296   0.03515   0.02364  -0.0108   0.5918   0.0150  29.0464  90.9938
  -5.000  -0.3787   0.02465   0.01549  -0.0025   0.5522   0.0169  31.6548  91.3794
  -4.000  -0.2941   0.01828   0.00869   0.0035   0.5144   0.0213  34.1560  92.2222
  -3.000  -0.1893   0.01259   0.00335   0.0069   0.4800   0.0164  36.4428  91.2698
  -2.000  -0.0874   0.01071   0.00176   0.0096   0.4497   0.0175  38.4657  91.5014
  -1.000   0.0147   0.00975   0.00096   0.0121   0.4238   0.0192  40.2026  91.8402
   0.000   0.1195   0.00918   0.00056   0.0141   0.4014   0.0238  41.7085  92.6459
   1.000   0.2078   0.00637   0.00068   0.0189   0.3826   0.9425  42.9767 155.0475
   2.000   0.3967   0.00779   0.00148   0.0036   0.3629   0.9704  44.3180 157.1276
   3.000   0.5275   0.00803   0.00152  -0.0007   0.3468   0.9747  45.4142 157.4712
   4.000   0.6438   0.00833   0.00161  -0.0020   0.3322   0.9821  46.4119 158.0801
   5.000   0.7731   0.00854   0.00166  -0.0064   0.3175   0.9857  47.4249 158.4046
   6.000   0.8913   0.00890   0.00175  -0.0085   0.3015   0.9918  48.5334 158.9644
   7.000   1.0171   0.00917   0.00180  -0.0125   0.2827   0.9954  49.8484 159.4106
   8.000   1.1397   0.00954   0.00188  -0.0160   0.2581   0.9996  51.6003 159.9487
   9.000   1.2337   0.01033   0.00216  -0.0138   0.2220   1.0000  54.2013 160.0000
  10.000   1.3109   0.01212   0.00301  -0.0092   0.1515   1.0000  59.4575 160.0000
  11.000   1.3648   0.01520   0.00474  -0.0014   0.0764   1.0000  65.4556 160.0000
  12.000   1.3777   0.01948   0.00706   0.0119   0.0222   1.0000  71.3984 160.0000
  13.000   1.3305   0.02644   0.01097   0.0268   0.0075   1.0000  75.3023 160.0000
  14.000   1.3092   0.03826   0.01922   0.0270   0.0058   1.0000  76.0567 160.0000
  15.000   1.2765   0.05244   0.03001   0.0253   0.0054   1.0000  76.2976 160.0000
