  
       XFOIL         Version 6.99
  
 Calculated polar for: EPPLER 639 AIRFOIL                              
  
 1 1 Reynolds number fixed          Mach number fixed         
  
 xtrf =   1.000 (top)        1.000 (bottom)  
 Mach =   0.000     Re =     0.500 e 6     Ncrit =   9.000  9.000
  
   alpha    CL        CD       CDp       CM     Top_Xtr  Bot_Xtr  Top_Itr  Bot_Itr
  ------ -------- --------- --------- -------- -------- -------- -------- --------
  -6.000  -0.1433   0.04549   0.03392  -0.0678   0.6220   0.0217  26.8485  93.9965
  -5.000  -0.0932   0.03550   0.02712  -0.0643   0.5823   0.0241  29.4381  94.3999
  -4.000  -0.0187   0.02691   0.01799  -0.0590   0.5478   0.0300  31.6910  95.3450
  -3.000   0.0710   0.02164   0.01189  -0.0547   0.5174   0.0408  33.6820  96.7223
  -1.000   0.2768   0.01239   0.00238  -0.0473   0.4693   0.0282  36.8590  95.0847
   0.000   0.3772   0.01132   0.00153  -0.0446   0.4502   0.0321  38.1283  95.6406
   1.000   0.4598   0.00910   0.00125  -0.0392   0.4341   0.6942  39.1968 139.1736
   2.000   0.7235   0.00948   0.00167  -0.0702   0.4133   1.0000  40.5758 160.0000
   3.000   0.8143   0.00982   0.00187  -0.0665   0.4002   1.0000  41.4550 160.0000
   4.000   0.9048   0.01026   0.00211  -0.0628   0.3879   1.0000  42.2819 160.0000
   5.000   0.9947   0.01084   0.00239  -0.0590   0.3761   1.0000  43.0812 160.0000
   6.000   1.0843   0.01141   0.00268  -0.0552   0.3644   1.0000  43.8744 160.0000
   7.000   1.1729   0.01203   0.00298  -0.0514   0.3520   1.0000  44.7198 160.0000
   8.000   1.2597   0.01270   0.00319  -0.0474   0.3377   1.0000  45.6975 160.0000
   9.000   1.3440   0.01342   0.00334  -0.0432   0.3223   1.0000  46.7598 160.0000
  10.000   1.4230   0.01423   0.00339  -0.0382   0.3032   1.0000  48.0973 160.0000
  11.000   1.4928   0.01516   0.00335  -0.0320   0.2751   1.0000  50.1000 160.0000
  12.000   1.5339   0.01690   0.00350  -0.0215   0.2326   1.0000  53.1810 160.0000
  13.000   1.5377   0.02136   0.00517  -0.0098   0.1742   1.0000  57.5291 160.0000
  14.000   1.5056   0.03164   0.01117  -0.0037   0.1255   1.0000  61.2790 160.0000
  15.000   1.4530   0.04704   0.02189  -0.0032   0.0934   1.0000  63.8828 160.0000
