  
       XFOIL         Version 6.99
  
 Calculated polar for: E63  (4.25%)                                    
  
 1 1 Reynolds number fixed          Mach number fixed         
  
 xtrf =   1.000 (top)        1.000 (bottom)  
 Mach =   0.000     Re =     0.500 e 6     Ncrit =   9.000  9.000
  
   alpha    CL        CD       CDp       CM     Top_Xtr  Bot_Xtr  Top_Itr  Bot_Itr
  ------ -------- --------- --------- -------- -------- -------- -------- --------
   1.000   0.8309   0.00719   0.00206  -0.1816   0.9279   1.0000   7.4860 160.0000
   2.000   0.9809   0.00619   0.00107  -0.1891   0.8883   1.0000  10.5068 160.0000
   3.000   1.1105   0.00776   0.00071  -0.1921   0.6014   1.0000  31.7046 160.0000
   4.000   1.1829   0.01154   0.00170  -0.1849   0.2157   1.0000  59.9744 160.0000
   5.000   1.2667   0.01541   0.00303  -0.1797   0.0156   1.0000  75.9527 160.0000
   7.000   1.4154   0.02157   0.00616  -0.1629   0.0140   1.0000  76.1552 160.0000
   9.000   1.5215   0.05526   0.02954  -0.1444   0.0061   1.0000  77.3745 160.0000
  10.000   1.4374   0.07559   0.04759  -0.1237   0.0068   1.0000  77.2348 160.0000
  11.000   1.3480   0.10017   0.07331  -0.1248   0.0069   1.0000  77.2074 160.0000
  12.000   1.2838   0.14509   0.12637  -0.1555   0.0073   1.0000  77.1328 160.0000
  13.000   1.2720   0.17595   0.16734  -0.1729   0.0085   1.0000  76.9203 160.0000
  14.000   1.2754   0.20272   0.20788  -0.1884   0.0084   1.0000  76.9376 160.0000
