  
       XFOIL         Version 6.99
  
 Calculated polar for: EPPLER 642 AIRFOIL                              
  
 1 1 Reynolds number fixed          Mach number fixed         
  
 xtrf =   1.000 (top)        1.000 (bottom)  
 Mach =   0.000     Re =     0.500 e 6     Ncrit =   9.000  9.000
  
   alpha    CL        CD       CDp       CM     Top_Xtr  Bot_Xtr  Top_Itr  Bot_Itr
  ------ -------- --------- --------- -------- -------- -------- -------- --------
  -6.000  -0.2853   0.01805   0.00581  -0.0640   0.7143   0.0191  20.5802  91.8993
  -5.000  -0.1850   0.01485   0.00356  -0.0624   0.7072   0.0198  21.0330  92.0576
  -4.000  -0.0921   0.01298   0.00265  -0.0596   0.6997   0.0234  21.5062  92.7751
  -3.000   0.0057   0.01178   0.00216  -0.0575   0.6925   0.0592  21.9666  97.1067
  -2.000   0.0660   0.00882   0.00265  -0.0488   0.6845   0.7885  22.4737 144.4788
  -1.000   0.1703   0.01047   0.00415  -0.0451   0.6769   0.8596  22.9639 149.2077
   0.000   0.2730   0.01150   0.00509  -0.0412   0.6680   0.8898  23.5302 151.2332
   1.000   0.3856   0.01179   0.00512  -0.0410   0.6589   0.9055  24.1120 152.3094
   2.000   0.4854   0.01159   0.00481  -0.0395   0.6475   0.9162  24.8478 153.0486
   3.000   0.5922   0.01128   0.00446  -0.0394   0.6339   0.9208  25.7316 153.3703
   4.000   0.6949   0.01095   0.00395  -0.0387   0.6181   0.9253  26.7649 153.6865
   5.000   0.7990   0.01060   0.00333  -0.0385   0.5982   0.9287  28.0927 153.9215
   6.000   0.8996   0.01026   0.00273  -0.0375   0.5702   0.9315  30.0001 154.1227
   7.000   0.9923   0.01024   0.00219  -0.0351   0.5209   0.9345  33.4165 154.3357
   8.000   1.0535   0.01122   0.00178  -0.0273   0.4276   0.9400  39.7012 154.7284
   9.000   1.0709   0.01347   0.00180  -0.0130   0.3202   0.9482  46.8700 155.3319
  10.000   1.0859   0.01720   0.00284  -0.0022   0.2322   0.9616  52.8079 156.3404
  11.000   1.1267   0.02269   0.00562  -0.0003   0.1466   0.9832  58.8178 158.1320
  12.000   1.1514   0.02900   0.00901   0.0030   0.0743   1.0000  64.4588 160.0000
  13.000   1.1529   0.03753   0.01418   0.0073   0.0175   1.0000  71.5018 160.0000
  14.000   1.1752   0.04532   0.01931   0.0090   0.0129   1.0000  72.7697 160.0000
  15.000   1.1846   0.05527   0.02657   0.0097   0.0116   1.0000  73.2131 160.0000
