  
       XFOIL         Version 6.99
  
 Calculated polar for: EPPLER 642 AIRFOIL                              
  
 1 1 Reynolds number fixed          Mach number fixed         
  
 xtrf =   1.000 (top)        1.000 (bottom)  
 Mach =   0.000     Re =     1.000 e 6     Ncrit =   9.000  9.000
  
   alpha    CL        CD       CDp       CM     Top_Xtr  Bot_Xtr  Top_Itr  Bot_Itr
  ------ -------- --------- --------- -------- -------- -------- -------- --------
  -6.000  -0.2989   0.01390   0.00374  -0.0607   0.6781   0.0126  22.8835  90.2542
  -5.000  -0.2027   0.01197   0.00248  -0.0585   0.6723   0.0138  23.2586  90.5923
  -4.000  -0.1027   0.01073   0.00171  -0.0568   0.6660   0.0151  23.6604  90.9581
  -3.000   0.0003   0.00982   0.00125  -0.0557   0.6594   0.0192  24.0832  91.9317
  -2.000   0.0935   0.00801   0.00095  -0.0535   0.6528   0.3151  24.5075 114.0504
  -1.000   0.1839   0.00648   0.00122  -0.0502   0.6454   0.8133  24.9813 146.1681
   0.000   0.2947   0.00722   0.00202  -0.0494   0.6384   0.8510  25.4408 148.6424
   1.000   0.4049   0.00775   0.00239  -0.0488   0.6293   0.8687  26.0301 149.8162
   2.000   0.5154   0.00774   0.00240  -0.0489   0.6187   0.8771  26.7238 150.3755
   3.000   0.6295   0.00766   0.00219  -0.0503   0.6056   0.8803  27.5995 150.5939
   4.000   0.7432   0.00758   0.00190  -0.0518   0.5875   0.8829  28.8193 150.7666
   5.000   0.8556   0.00760   0.00165  -0.0531   0.5606   0.8849  30.6657 150.9062
   6.000   0.9601   0.00793   0.00145  -0.0529   0.5068   0.8867  34.3829 151.0237
   7.000   1.0399   0.00914   0.00162  -0.0484   0.3987   0.8894  41.6297 151.2102
   8.000   1.0894   0.01097   0.00195  -0.0384   0.2810   0.8935  49.4955 151.4861
   9.000   1.1138   0.01338   0.00237  -0.0250   0.1905   0.8985  55.6930 151.8283
  10.000   1.1360   0.01675   0.00344  -0.0142   0.1236   0.9039  60.5176 152.1968
  11.000   1.1466   0.02191   0.00568  -0.0049   0.0556   0.9105  66.1728 152.6529
  12.000   1.1546   0.02823   0.00896   0.0024   0.0110   0.9172  73.4090 153.1171
  13.000   1.1883   0.03338   0.01177   0.0065   0.0086   0.9256  74.3132 153.7071
  14.000   1.2150   0.03963   0.01561   0.0098   0.0075   0.9398  74.7495 154.7157
  15.000   1.2371   0.04884   0.02235   0.0088   0.0069   1.0000  75.0410 160.0000
