  
       XFOIL         Version 6.99
  
 Calculated polar for: EPPLER 654 AIRFOIL                              
  
 1 1 Reynolds number fixed          Mach number fixed         
  
 xtrf =   1.000 (top)        1.000 (bottom)  
 Mach =   0.000     Re =     1.000 e 6     Ncrit =   9.000  9.000
  
   alpha    CL        CD       CDp       CM     Top_Xtr  Bot_Xtr  Top_Itr  Bot_Itr
  ------ -------- --------- --------- -------- -------- -------- -------- --------
  -6.000  -0.0402   0.01103   0.00202  -0.1295   0.6770   0.0117  21.3271  91.5347
  -5.000   0.0712   0.01000   0.00157  -0.1306   0.6707   0.0363  21.7024  98.0264
  -4.000   0.1854   0.00921   0.00130  -0.1323   0.6640   0.1032  22.1023 105.2679
  -3.000   0.3016   0.00790   0.00108  -0.1351   0.6579   0.3374  22.4676 119.3115
  -2.000   0.4215   0.00704   0.00110  -0.1381   0.6514   0.6018  22.8613 134.4244
  -1.000   0.5399   0.00713   0.00131  -0.1398   0.6449   0.6700  23.2583 138.3527
   0.000   0.6575   0.00727   0.00140  -0.1414   0.6370   0.6997  23.7384 140.0277
   1.000   0.7737   0.00744   0.00151  -0.1428   0.6281   0.7213  24.2844 141.2298
   2.000   0.8889   0.00760   0.00151  -0.1441   0.6176   0.7381  24.9359 142.1740
   3.000   1.0024   0.00771   0.00150  -0.1451   0.6065   0.7518  25.6421 142.9475
   4.000   1.1138   0.00784   0.00146  -0.1459   0.5925   0.7634  26.5285 143.6128
   5.000   1.2223   0.00804   0.00135  -0.1462   0.5737   0.7744  27.7413 144.2514
   6.000   1.3259   0.00838   0.00128  -0.1456   0.5477   0.7858  29.4295 144.9150
   7.000   1.4148   0.00907   0.00127  -0.1423   0.5021   0.7983  32.3686 145.6519
   8.000   1.4598   0.01061   0.00145  -0.1308   0.4304   0.8137  36.9347 146.5677
   9.000   1.4793   0.01324   0.00214  -0.1164   0.3609   0.8345  41.2802 147.8225
  10.000   1.4873   0.01749   0.00376  -0.1033   0.3002   0.8635  45.0909 149.6113
  11.000   1.4948   0.02269   0.00619  -0.0926   0.2460   1.0000  48.5520 160.0000
  12.000   1.5118   0.02904   0.00940  -0.0857   0.1970   1.0000  51.7813 160.0000
  13.000   1.5310   0.03592   0.01315  -0.0802   0.1536   1.0000  54.7881 160.0000
  14.000   1.5550   0.04309   0.01726  -0.0763   0.1190   1.0000  57.3713 160.0000
  15.000   1.5752   0.05124   0.02223  -0.0733   0.0886   1.0000  59.9046 160.0000
