  
       XFOIL         Version 6.99
  
 Calculated polar for: EPPLER 655 AIRFOIL                              
  
 1 1 Reynolds number fixed          Mach number fixed         
  
 xtrf =   1.000 (top)        1.000 (bottom)  
 Mach =   0.000     Re =     1.000 e 6     Ncrit =   9.000  9.000
  
   alpha    CL        CD       CDp       CM     Top_Xtr  Bot_Xtr  Top_Itr  Bot_Itr
  ------ -------- --------- --------- -------- -------- -------- -------- --------
  -6.000  -0.1521   0.01055   0.00179  -0.1042   0.6817   0.0442  21.4577  98.3308
  -5.000  -0.0445   0.00960   0.00143  -0.1047   0.6754   0.1025  21.8403 103.8411
  -4.000   0.0660   0.00867   0.00121  -0.1058   0.6694   0.2177  22.2028 111.2242
  -3.000   0.1787   0.00753   0.00101  -0.1076   0.6633   0.4245  22.5821 123.4880
  -2.000   0.2954   0.00693   0.00110  -0.1097   0.6563   0.6381  23.0091 136.2798
  -1.000   0.4134   0.00695   0.00127  -0.1113   0.6504   0.6882  23.3786 139.2735
   0.000   0.5314   0.00710   0.00135  -0.1129   0.6422   0.7157  23.8878 140.8888
   1.000   0.6480   0.00722   0.00144  -0.1144   0.6334   0.7354  24.4375 142.0365
   2.000   0.7639   0.00738   0.00144  -0.1158   0.6231   0.7522  25.0880 143.0151
   3.000   0.8777   0.00742   0.00140  -0.1168   0.6110   0.7659  25.8612 143.8187
   4.000   0.9900   0.00750   0.00131  -0.1177   0.5958   0.7767  26.8460 144.4525
   5.000   1.0999   0.00768   0.00121  -0.1182   0.5749   0.7872  28.2185 145.0762
   6.000   1.2031   0.00801   0.00113  -0.1174   0.5405   0.7983  30.4832 145.7372
   7.000   1.2860   0.00894   0.00119  -0.1130   0.4750   0.8105  34.7470 146.4661
   8.000   1.3247   0.01066   0.00145  -0.1004   0.3944   0.8268  39.8845 147.4576
   9.000   1.3451   0.01325   0.00208  -0.0864   0.3252   0.8476  44.2633 148.7335
  10.000   1.3579   0.01725   0.00354  -0.0743   0.2644   0.8765  48.1581 150.5433
  11.000   1.3728   0.02194   0.00565  -0.0645   0.2104   0.9668  51.7030 156.8468
  12.000   1.3978   0.02751   0.00838  -0.0585   0.1635   1.0000  54.8970 160.0000
  13.000   1.4242   0.03354   0.01156  -0.0536   0.1232   1.0000  57.8159 160.0000
  14.000   1.4518   0.04008   0.01525  -0.0499   0.0911   1.0000  60.3639 160.0000
  15.000   1.4745   0.04766   0.01987  -0.0470   0.0643   1.0000  62.8322 160.0000
