  
       XFOIL         Version 6.99
  
 Calculated polar for: EPPLER 664 AIRFOIL                              
  
 1 1 Reynolds number fixed          Mach number fixed         
  
 xtrf =   1.000 (top)        1.000 (bottom)  
 Mach =   0.000     Re =     0.500 e 6     Ncrit =   9.000  9.000
  
   alpha    CL        CD       CDp       CM     Top_Xtr  Bot_Xtr  Top_Itr  Bot_Itr
  ------ -------- --------- --------- -------- -------- -------- -------- --------
  -6.000  -0.1788   0.01424   0.00265  -0.0953   0.7830   0.0225  15.7737  92.8059
  -5.000  -0.1037   0.01302   0.00246  -0.0898   0.7755   0.0344  16.2357  95.0338
  -4.000  -0.0390   0.01101   0.00240  -0.0834   0.7675   0.2713  16.7279 111.8833
  -3.000   0.0355   0.00971   0.00347  -0.0777   0.7600   0.7454  17.1891 141.5208
  -2.000   0.1465   0.01148   0.00519  -0.0761   0.7520   0.7800  17.6797 143.7641
  -1.000   0.2557   0.01330   0.00678  -0.0736   0.7450   0.8021  18.1152 145.1699
   0.000   0.3608   0.01369   0.00713  -0.0723   0.7352   0.8166  18.7207 146.1035
   1.000   0.4662   0.01353   0.00694  -0.0718   0.7240   0.8215  19.4229 146.4278
   2.000   0.5792   0.01307   0.00629  -0.0740   0.7119   0.8285  20.1757 146.8884
   3.000   0.6895   0.01253   0.00570  -0.0752   0.6973   0.8325  21.0945 147.1487
   4.000   0.7925   0.01207   0.00511  -0.0745   0.6786   0.8360  22.2907 147.3830
   5.000   0.8961   0.01157   0.00428  -0.0741   0.6536   0.8404  23.9161 147.6779
   6.000   0.9908   0.01127   0.00340  -0.0723   0.6099   0.8446  26.8318 147.9552
   7.000   1.0426   0.01162   0.00265  -0.0616   0.5283   0.8490  32.2035 148.2510
   8.000   1.0614   0.01368   0.00256  -0.0465   0.4225   0.8542  38.9567 148.6017
   9.000   1.0788   0.01711   0.00337  -0.0344   0.3179   0.8597  45.6095 148.9676
  10.000   1.1026   0.02108   0.00485  -0.0252   0.2276   0.8637  51.4742 149.2376
  11.000   1.1298   0.02569   0.00685  -0.0180   0.1457   0.8680  57.0481 149.5307
  12.000   1.1646   0.03052   0.00922  -0.0129   0.0873   0.8723  61.4441 149.8228
  13.000   1.1912   0.03660   0.01261  -0.0084   0.0385   0.8757  66.3422 150.0501
  14.000   1.2065   0.04428   0.01748  -0.0042   0.0171   0.8794  70.3958 150.3079
  15.000   1.2228   0.05294   0.02355  -0.0021   0.0142   0.8841  71.2373 150.6238
