  
       XFOIL         Version 6.99
  
 Calculated polar for: EPPLER 66 AIRFOIL                               
  
 1 1 Reynolds number fixed          Mach number fixed         
  
 xtrf =   1.000 (top)        1.000 (bottom)  
 Mach =   0.000     Re =     1.000 e 6     Ncrit =   9.000  9.000
  
   alpha    CL        CD       CDp       CM     Top_Xtr  Bot_Xtr  Top_Itr  Bot_Itr
  ------ -------- --------- --------- -------- -------- -------- -------- --------
  -6.000  -0.0824   0.00945   0.00214  -0.1416   0.9439   0.0128   5.9669  88.9195
  -5.000   0.0377   0.00803   0.00121  -0.1439   0.9270   0.0248   7.2106  91.0472
  -4.000   0.1552   0.00694   0.00060  -0.1455   0.9048   0.0829   8.7999  96.1082
  -3.000   0.2686   0.00629   0.00035  -0.1461   0.8792   0.1761  10.6211 102.6923
  -2.000   0.3804   0.00575   0.00024  -0.1464   0.8503   0.3205  12.6638 112.5675
  -1.000   0.4907   0.00540   0.00021  -0.1462   0.8165   0.4786  15.0508 123.2720
   0.000   0.5988   0.00523   0.00026  -0.1455   0.7763   0.6335  17.8734 133.7807
   1.000   0.7035   0.00523   0.00036  -0.1438   0.7271   0.7754  21.3216 143.4551
   2.000   0.7986   0.00540   0.00046  -0.1398   0.6679   0.9062  25.4587 152.4866
   3.000   0.8954   0.00589   0.00046  -0.1365   0.5911   1.0000  30.8007 160.0000
   4.000   0.9923   0.00683   0.00064  -0.1337   0.4925   1.0000  37.6409 160.0000
   5.000   1.0832   0.00821   0.00099  -0.1300   0.3671   1.0000  46.3493 160.0000
   6.000   1.1651   0.01021   0.00164  -0.1250   0.2145   1.0000  57.0696 160.0000
   7.000   1.2459   0.01216   0.00238  -0.1198   0.1136   1.0000  64.4355 160.0000
   8.000   1.3176   0.01421   0.00323  -0.1130   0.0495   1.0000  69.6120 160.0000
   9.000   1.3808   0.01657   0.00431  -0.1048   0.0176   1.0000  73.2841 160.0000
  10.000   1.4436   0.01893   0.00551  -0.0972   0.0122   1.0000  74.3610 160.0000
  11.000   1.4970   0.02191   0.00712  -0.0889   0.0084   1.0000  75.3967 160.0000
  12.000   1.5412   0.02567   0.00927  -0.0805   0.0057   1.0000  76.3947 160.0000
  13.000   1.5660   0.03132   0.01281  -0.0716   0.0042   1.0000  77.0515 160.0000
  14.000   1.5876   0.03798   0.01736  -0.0648   0.0036   1.0000  77.4044 160.0000
  15.000   1.5942   0.04723   0.02419  -0.0602   0.0032   1.0000  77.6699 160.0000
