  
       XFOIL         Version 6.99
  
 Calculated polar for: EPPLER 678 AIRFOIL                              
  
 1 1 Reynolds number fixed          Mach number fixed         
  
 xtrf =   1.000 (top)        1.000 (bottom)  
 Mach =   0.000     Re =     0.500 e 6     Ncrit =   9.000  9.000
  
   alpha    CL        CD       CDp       CM     Top_Xtr  Bot_Xtr  Top_Itr  Bot_Itr
  ------ -------- --------- --------- -------- -------- -------- -------- --------
  -6.000   0.0703   0.01503   0.00483  -0.1746   0.8802   0.0178  10.6606  93.1385
  -5.000   0.1900   0.01231   0.00286  -0.1778   0.8636   0.0211  11.7562  93.9748
  -4.000   0.2899   0.01024   0.00152  -0.1766   0.8333   0.0597  13.7679  99.2639
  -3.000   0.3959   0.00826   0.00063  -0.1776   0.7714   0.3723  18.2021 119.0663
  -2.000   0.5223   0.00790   0.00084  -0.1820   0.7385   0.6606  20.4646 136.5023
  -1.000   0.6394   0.00855   0.00129  -0.1836   0.7223   0.7273  21.4879 140.5293
   0.000   0.7566   0.00923   0.00174  -0.1853   0.7101   0.7626  22.2343 142.6658
   1.000   0.8733   0.00980   0.00205  -0.1872   0.6992   0.7857  22.8915 144.0919
   2.000   0.9784   0.01026   0.00227  -0.1867   0.6851   0.8038  23.7410 145.2360
   3.000   1.0835   0.01069   0.00237  -0.1863   0.6710   0.8189  24.5990 146.1980
   4.000   1.1840   0.01108   0.00234  -0.1850   0.6558   0.8331  25.5375 147.1091
   5.000   1.2721   0.01134   0.00210  -0.1810   0.6376   0.8482  26.6714 148.0920
   6.000   1.3477   0.01162   0.00166  -0.1744   0.6167   0.8635  27.9944 149.0963
   7.000   1.3962   0.01212   0.00118  -0.1626   0.5834   0.8812  30.1279 150.2796
   8.000   1.4234   0.01369   0.00095  -0.1475   0.4991   0.9065  35.6783 152.0062
   9.000   1.4215   0.01773   0.00214  -0.1297   0.3628   1.0000  44.4923 160.0000
  10.000   1.4398   0.02319   0.00477  -0.1184   0.2488   1.0000  51.8949 160.0000
  11.000   1.4529   0.02979   0.00844  -0.1082   0.1502   1.0000  58.6262 160.0000
  12.000   1.4592   0.03811   0.01354  -0.0996   0.0664   1.0000  65.2151 160.0000
  13.000   1.4596   0.04845   0.02036  -0.0930   0.0181   1.0000  71.8484 160.0000
  14.000   1.4781   0.05793   0.02687  -0.0894   0.0142   1.0000  72.9384 160.0000
  15.000   1.4903   0.06883   0.03490  -0.0871   0.0128   1.0000  73.4213 160.0000
