  
       XFOIL         Version 6.99
  
 Calculated polar for: EPPLER 678 AIRFOIL                              
  
 1 1 Reynolds number fixed          Mach number fixed         
  
 xtrf =   1.000 (top)        1.000 (bottom)  
 Mach =   0.000     Re =     1.000 e 6     Ncrit =   9.000  9.000
  
   alpha    CL        CD       CDp       CM     Top_Xtr  Bot_Xtr  Top_Itr  Bot_Itr
  ------ -------- --------- --------- -------- -------- -------- -------- --------
  -6.000   0.1332   0.01037   0.00219  -0.1876   0.8482   0.0125  12.7733  91.5939
  -4.000   0.2888   0.00892   0.00049  -0.1754   0.7110   0.0208  22.1787  93.8867
  -3.000   0.4019   0.00804   0.00027  -0.1775   0.6969   0.1767  23.0321 107.2202
  -2.000   0.5225   0.00698   0.00028  -0.1817   0.6868   0.5248  23.6376 128.2319
  -1.000   0.6399   0.00698   0.00054  -0.1839   0.6779   0.6794  24.1793 137.6537
   0.000   0.7491   0.00725   0.00067  -0.1841   0.6696   0.7204  24.6874 140.1118
   1.000   0.8556   0.00758   0.00078  -0.1837   0.6592   0.7463  25.3246 141.6677
   2.000   0.9584   0.00791   0.00079  -0.1826   0.6471   0.7641  26.0805 142.7530
   3.000   1.0536   0.00819   0.00072  -0.1800   0.6348   0.7781  26.8499 143.6238
   4.000   1.1477   0.00850   0.00061  -0.1773   0.6206   0.7902  27.7499 144.3739
   5.000   1.2377   0.00892   0.00048  -0.1739   0.6028   0.8025  28.8823 145.1498
   7.000   1.3740   0.01105   0.00037  -0.1591   0.4841   0.8293  36.6685 146.8669
   8.000   1.3999   0.01458   0.00144  -0.1453   0.3363   0.8447  46.1973 147.8661
   9.000   1.4293   0.01846   0.00300  -0.1336   0.2211   0.8629  53.7381 149.0548
  10.000   1.4517   0.02316   0.00532  -0.1221   0.1270   0.8908  60.3065 150.9227
  11.000   1.4616   0.02911   0.00871  -0.1104   0.0489   1.0000  66.9802 160.0000
  12.000   1.4793   0.03643   0.01317  -0.1024   0.0117   1.0000  73.7877 160.0000
  13.000   1.5162   0.04293   0.01714  -0.0978   0.0096   1.0000  74.5898 160.0000
  14.000   1.5395   0.05140   0.02270  -0.0937   0.0085   1.0000  75.0518 160.0000
  15.000   1.5616   0.06059   0.02904  -0.0909   0.0079   1.0000  75.3182 160.0000
