  
       XFOIL         Version 6.99
  
 Calculated polar for: EPPLER 67 AIRFOIL                               
  
 1 1 Reynolds number fixed          Mach number fixed         
  
 xtrf =   1.000 (top)        1.000 (bottom)  
 Mach =   0.000     Re =     0.500 e 6     Ncrit =   9.000  9.000
  
   alpha    CL        CD       CDp       CM     Top_Xtr  Bot_Xtr  Top_Itr  Bot_Itr
  ------ -------- --------- --------- -------- -------- -------- -------- --------
  -6.000  -0.1629   0.01244   0.00334  -0.1231   0.9330   0.0224   6.6868  90.8961
  -5.000  -0.0368   0.01023   0.00211  -0.1269   0.9200   0.0757   7.6175  95.9095
  -4.000   0.0862   0.00889   0.00155  -0.1300   0.9032   0.1855   8.8081 103.7036
  -3.000   0.2010   0.00796   0.00125  -0.1311   0.8811   0.3304  10.3599 113.5860
  -2.000   0.3153   0.00732   0.00111  -0.1318   0.8570   0.4902  12.0560 124.3815
  -1.000   0.4258   0.00698   0.00109  -0.1314   0.8293   0.6242  13.9939 133.3898
   0.000   0.5324   0.00683   0.00111  -0.1299   0.7971   0.7360  16.2479 140.9404
   1.000   0.6349   0.00681   0.00114  -0.1274   0.7611   0.8332  18.7674 147.5446
   2.000   0.7249   0.00686   0.00106  -0.1218   0.7194   0.9292  21.6720 154.1792
   3.000   0.8375   0.00714   0.00088  -0.1221   0.6696   1.0000  25.1384 160.0000
   4.000   0.9369   0.00773   0.00087  -0.1198   0.6077   1.0000  29.4267 160.0000
   5.000   1.0282   0.00863   0.00095  -0.1159   0.5285   1.0000  34.9038 160.0000
   6.000   1.1081   0.00998   0.00120  -0.1100   0.4211   1.0000  42.3298 160.0000
   7.000   1.1699   0.01208   0.00176  -0.1012   0.2832   1.0000  51.9131 160.0000
   8.000   1.2242   0.01472   0.00269  -0.0918   0.1586   1.0000  60.7718 160.0000
   9.000   1.2776   0.01759   0.00390  -0.0830   0.0795   1.0000  66.7686 160.0000
  10.000   1.3203   0.02127   0.00569  -0.0735   0.0299   1.0000  71.3500 160.0000
  11.000   1.3523   0.02602   0.00833  -0.0639   0.0175   1.0000  73.0889 160.0000
  12.000   1.3747   0.03205   0.01214  -0.0555   0.0129   1.0000  74.0395 160.0000
  13.000   1.3973   0.03891   0.01685  -0.0495   0.0105   1.0000  74.6886 160.0000
  14.000   1.3877   0.05033   0.02535  -0.0447   0.0091   1.0000  75.0893 160.0000
  15.000   1.3884   0.06247   0.03501  -0.0436   0.0082   1.0000  75.3978 160.0000
