  
       XFOIL         Version 6.99
  
 Calculated polar for: EPPLER 68 AIRFOIL                               
  
 1 1 Reynolds number fixed          Mach number fixed         
  
 xtrf =   1.000 (top)        1.000 (bottom)  
 Mach =   0.000     Re =     1.000 e 6     Ncrit =   9.000  9.000
  
   alpha    CL        CD       CDp       CM     Top_Xtr  Bot_Xtr  Top_Itr  Bot_Itr
  ------ -------- --------- --------- -------- -------- -------- -------- --------
  -6.000  -0.1678   0.00900   0.00137  -0.1174   0.8734   0.0276  10.7120  92.6302
  -5.000  -0.0626   0.00794   0.00089  -0.1169   0.8512   0.0936  12.2253  98.6096
  -4.000   0.0445   0.00714   0.00057  -0.1165   0.8279   0.1875  13.8202 105.1584
  -3.000   0.1524   0.00644   0.00038  -0.1163   0.8031   0.3147  15.5100 113.6649
  -2.000   0.2614   0.00599   0.00030  -0.1161   0.7772   0.4440  17.2819 122.2125
  -1.000   0.3708   0.00578   0.00028  -0.1158   0.7493   0.5464  19.1817 128.9335
   0.000   0.4796   0.00568   0.00030  -0.1153   0.7186   0.6377  21.2736 134.9035
   1.000   0.5866   0.00572   0.00036  -0.1144   0.6833   0.7216  23.6773 140.3807
   2.000   0.6910   0.00588   0.00043  -0.1129   0.6431   0.7948  26.4053 145.1855
   3.000   0.7912   0.00617   0.00051  -0.1104   0.5972   0.8584  29.5204 149.4072
   4.000   0.8821   0.00658   0.00058  -0.1060   0.5423   0.9230  33.2364 153.7658
   5.000   0.9808   0.00725   0.00062  -0.1037   0.4710   1.0000  38.0646 160.0000
   6.000   1.0631   0.00856   0.00088  -0.0987   0.3617   1.0000  45.4840 160.0000
   7.000   1.1253   0.01042   0.00133  -0.0900   0.2371   1.0000  54.0460 160.0000
   8.000   1.1829   0.01254   0.00198  -0.0810   0.1370   1.0000  61.1594 160.0000
   9.000   1.2385   0.01484   0.00283  -0.0723   0.0717   1.0000  66.2042 160.0000
  10.000   1.2869   0.01766   0.00402  -0.0634   0.0286   1.0000  70.5308 160.0000
  11.000   1.3291   0.02116   0.00570  -0.0548   0.0124   1.0000  73.5861 160.0000
  12.000   1.3711   0.02507   0.00781  -0.0474   0.0101   1.0000  74.2936 160.0000
  13.000   1.4028   0.03019   0.01090  -0.0406   0.0086   1.0000  74.8092 160.0000
  14.000   1.4194   0.03729   0.01563  -0.0347   0.0077   1.0000  75.1501 160.0000
  15.000   1.4342   0.04568   0.02161  -0.0311   0.0070   1.0000  75.4279 160.0000
