  
       XFOIL         Version 6.99
  
 Calculated polar for: EPPLER 68 AIRFOIL                               
  
 1 1 Reynolds number fixed          Mach number fixed         
  
 xtrf =   1.000 (top)        1.000 (bottom)  
 Mach =   0.000     Re =     0.500 e 6     Ncrit =   9.000  9.000
  
   alpha    CL        CD       CDp       CM     Top_Xtr  Bot_Xtr  Top_Itr  Bot_Itr
  ------ -------- --------- --------- -------- -------- -------- -------- --------
  -6.000  -0.1769   0.01108   0.00237  -0.1168   0.9112   0.0562   8.1353  95.6762
  -5.000  -0.0696   0.00981   0.00182  -0.1167   0.8898   0.1343   9.5973 101.5112
  -4.000   0.0407   0.00871   0.00142  -0.1171   0.8692   0.2659  11.0003 110.4222
  -3.000   0.1467   0.00794   0.00125  -0.1164   0.8450   0.4107  12.6505 120.0224
  -2.000   0.2561   0.00749   0.00117  -0.1161   0.8207   0.5339  14.3098 128.1210
  -1.000   0.3657   0.00725   0.00113  -0.1155   0.7948   0.6358  16.0765 134.7751
   0.000   0.4733   0.00716   0.00116  -0.1144   0.7665   0.7254  18.0113 140.6289
   1.000   0.5774   0.00720   0.00121  -0.1125   0.7345   0.8026  20.1923 145.7019
   2.000   0.6761   0.00732   0.00122  -0.1093   0.6983   0.8708  22.6564 150.2336
   3.000   0.7638   0.00748   0.00111  -0.1036   0.6580   0.9413  25.3977 155.0421
   4.000   0.8847   0.00784   0.00097  -0.1060   0.6085   1.0000  28.7527 160.0000
   5.000   0.9773   0.00851   0.00097  -0.1027   0.5492   1.0000  32.7732 160.0000
   6.000   1.0604   0.00950   0.00105  -0.0975   0.4729   1.0000  37.9340 160.0000
   7.000   1.1216   0.01107   0.00128  -0.0883   0.3637   1.0000  45.3489 160.0000
   8.000   1.1676   0.01357   0.00197  -0.0774   0.2338   1.0000  54.2748 160.0000
   9.000   1.2128   0.01653   0.00307  -0.0676   0.1324   1.0000  61.4959 160.0000
  10.000   1.2565   0.01987   0.00456  -0.0588   0.0694   1.0000  66.4028 160.0000
  11.000   1.2835   0.02471   0.00705  -0.0492   0.0240   1.0000  71.2071 160.0000
  12.000   1.3118   0.03013   0.01022  -0.0416   0.0168   1.0000  72.5104 160.0000
  13.000   1.3245   0.03759   0.01520  -0.0350   0.0141   1.0000  73.1358 160.0000
  14.000   1.3367   0.04628   0.02147  -0.0310   0.0126   1.0000  73.5428 160.0000
  15.000   1.3346   0.05783   0.03038  -0.0293   0.0114   1.0000  73.8724 160.0000
