  
       XFOIL         Version 6.99
  
 Calculated polar for: EPPLER 715 AIRFOIL                              
  
 1 1 Reynolds number fixed          Mach number fixed         
  
 xtrf =   1.000 (top)        1.000 (bottom)  
 Mach =   0.000     Re =     0.500 e 6     Ncrit =   9.000  9.000
  
   alpha    CL        CD       CDp       CM     Top_Xtr  Bot_Xtr  Top_Itr  Bot_Itr
  ------ -------- --------- --------- -------- -------- -------- -------- --------
  -6.000  -0.4288   0.01250   0.00247  -0.0419   0.6019   0.0749  27.6790  98.4395
  -5.000  -0.3234   0.01080   0.00173  -0.0416   0.5911   0.2079  28.3762 107.7550
  -4.000  -0.2151   0.00968   0.00151  -0.0414   0.5813   0.3843  29.0048 119.4262
  -3.000  -0.0999   0.00973   0.00188  -0.0416   0.5720   0.4577  29.6119 124.2911
  -2.000   0.0158   0.01003   0.00217  -0.0419   0.5637   0.4903  30.1488 126.4117
  -1.000   0.1317   0.01018   0.00235  -0.0423   0.5552   0.5135  30.6976 127.9050
   0.000   0.2472   0.01034   0.00250  -0.0429   0.5473   0.5323  31.2143 129.1214
   1.000   0.3628   0.01039   0.00261  -0.0435   0.5388   0.5491  31.7639 130.2142
   2.000   0.4780   0.01057   0.00275  -0.0442   0.5304   0.5637  32.3133 131.1692
   3.000   0.5929   0.01069   0.00277  -0.0448   0.5209   0.5787  32.9348 132.1428
   4.000   0.7068   0.01069   0.00280  -0.0453   0.5089   0.5959  33.7273 133.2545
   5.000   0.8198   0.01067   0.00270  -0.0456   0.4948   0.6196  34.6640 134.7788
   6.000   0.9306   0.01046   0.00250  -0.0455   0.4778   0.6746  35.8022 138.3197
   7.000   1.0542   0.00984   0.00225  -0.0481   0.4523   1.0000  37.5390 160.0000
   8.000   1.1597   0.01024   0.00202  -0.0474   0.4064   1.0000  40.7068 160.0000
  10.000   1.2902   0.01632   0.00445  -0.0368   0.1725   1.0000  56.8082 160.0000
  11.000   1.2844   0.02197   0.00721  -0.0258   0.1151   1.0000  60.9802 160.0000
  12.000   1.2828   0.03061   0.01260  -0.0219   0.0753   1.0000  64.1223 160.0000
  13.000   1.2833   0.03972   0.01873  -0.0193   0.0493   1.0000  66.5301 160.0000
  14.000   1.2848   0.04944   0.02566  -0.0180   0.0339   1.0000  68.3386 160.0000
  15.000   1.2872   0.06029   0.03383  -0.0183   0.0244   1.0000  69.8074 160.0000
