  
       XFOIL         Version 6.99
  
 Calculated polar for: EPPLER 715 AIRFOIL                              
  
 1 1 Reynolds number fixed          Mach number fixed         
  
 xtrf =   1.000 (top)        1.000 (bottom)  
 Mach =   0.000     Re =     1.000 e 6     Ncrit =   9.000  9.000
  
   alpha    CL        CD       CDp       CM     Top_Xtr  Bot_Xtr  Top_Itr  Bot_Itr
  ------ -------- --------- --------- -------- -------- -------- -------- --------
  -6.000  -0.4337   0.01067   0.00178  -0.0407   0.5659   0.0453  30.0025  95.7422
  -5.000  -0.3249   0.00930   0.00116  -0.0406   0.5573   0.1321  30.5620 102.6301
  -4.000  -0.2151   0.00810   0.00071  -0.0406   0.5487   0.2789  31.1184 112.4451
  -3.000  -0.1019   0.00742   0.00065  -0.0409   0.5411   0.4117  31.6130 121.2449
  -2.000   0.0145   0.00746   0.00079  -0.0414   0.5333   0.4563  32.1242 124.2021
  -1.000   0.1316   0.00752   0.00091  -0.0420   0.5261   0.4801  32.5934 125.7557
   0.000   0.2482   0.00768   0.00101  -0.0427   0.5187   0.4975  33.0799 126.8739
   1.000   0.3649   0.00770   0.00109  -0.0434   0.5116   0.5116  33.5494 127.7863
   2.000   0.4808   0.00783   0.00115  -0.0441   0.5034   0.5247  34.0880 128.6344
   3.000   0.5968   0.00782   0.00113  -0.0448   0.4936   0.5363  34.7400 129.3814
   4.000   0.7123   0.00789   0.00111  -0.0455   0.4817   0.5481  35.5409 130.1545
   5.000   0.8270   0.00796   0.00107  -0.0462   0.4673   0.5622  36.5156 131.0709
   6.000   0.9404   0.00807   0.00102  -0.0467   0.4468   0.5821  37.9163 132.3634
   7.000   1.0515   0.00829   0.00103  -0.0469   0.4116   0.6261  40.3477 135.1957
   9.000   1.2384   0.01182   0.00289  -0.0442   0.1837   1.0000  56.0203 160.0000
  10.000   1.3023   0.01474   0.00424  -0.0386   0.1042   1.0000  61.8086 160.0000
  11.000   1.3187   0.01852   0.00581  -0.0275   0.0639   1.0000  65.1212 160.0000
  12.000   1.3319   0.02536   0.00973  -0.0230   0.0409   1.0000  67.4644 160.0000
  13.000   1.3453   0.03324   0.01476  -0.0205   0.0266   1.0000  69.4260 160.0000
  14.000   1.3543   0.04177   0.02049  -0.0186   0.0183   1.0000  71.0219 160.0000
  15.000   1.3667   0.05073   0.02676  -0.0179   0.0135   1.0000  72.2775 160.0000
