  
       XFOIL         Version 6.99
  
 Calculated polar for: EPPLER 817 HYDROFOIL AIRFOIL                    
  
 1 1 Reynolds number fixed          Mach number fixed         
  
 xtrf =   1.000 (top)        1.000 (bottom)  
 Mach =   0.000     Re =     1.000 e 6     Ncrit =   9.000  9.000
  
   alpha    CL        CD       CDp       CM     Top_Xtr  Bot_Xtr  Top_Itr  Bot_Itr
  ------ -------- --------- --------- -------- -------- -------- -------- --------
  -6.000  -0.2082   0.00911   0.00098  -0.1273   0.9067   0.0115   8.5480  85.0650
  -5.000  -0.0992   0.00689   0.00036  -0.1295   0.8995   0.2530   9.1004 103.9342
  -4.000   0.0146   0.00637   0.00043  -0.1310   0.8926   0.3397   9.6263 110.3912
  -3.000   0.1302   0.00616   0.00051  -0.1326   0.8868   0.3932  10.0607 115.3704
  -2.000   0.2446   0.00600   0.00061  -0.1338   0.8804   0.4359  10.5495 118.5432
  -1.000   0.3600   0.00592   0.00065  -0.1351   0.8730   0.4802  11.1101 121.8402
   0.000   0.4741   0.00578   0.00059  -0.1359   0.8605   0.5253  12.0601 125.1860
   1.000   0.5855   0.00557   0.00040  -0.1358   0.8403   0.5720  13.5981 128.6553
   2.000   0.6927   0.00539   0.00004  -0.1346   0.7977   0.6197  16.8314 132.1995
   3.000   0.7657   0.00684   0.00006  -0.1264   0.5360   0.6681  36.4691 135.7938
   4.000   0.8151   0.01073   0.00121  -0.1153   0.0672   0.7192  71.6363 139.5939
   5.000   0.9015   0.01267   0.00166  -0.1104   0.0050   0.7802  77.6119 144.1297
   7.000   1.0527   0.01871   0.00460  -0.0963   0.0028   1.0000  78.2433 161.0000
   8.000   1.1415   0.02818   0.01033  -0.0920   0.0025   1.0000  78.4089 161.0000
