  
       XFOIL         Version 6.99
  
 Calculated polar for: EPPLER 818 HYDROFOIL AIRFOIL                    
  
 1 1 Reynolds number fixed          Mach number fixed         
  
 xtrf =   1.000 (top)        1.000 (bottom)  
 Mach =   0.000     Re =     1.000 e 6     Ncrit =   9.000  9.000
  
   alpha    CL        CD       CDp       CM     Top_Xtr  Bot_Xtr  Top_Itr  Bot_Itr
  ------ -------- --------- --------- -------- -------- -------- -------- --------
  -5.000  -0.0985   0.01011   0.00054  -0.1281   0.9283   0.0078   6.9274  83.6245
  -4.000   0.0154   0.00785   0.00003  -0.1289   0.9184   0.0037   7.6999  82.9755
  -3.000   0.1302   0.00621   0.00004  -0.1312   0.9100   0.2639   8.3483 103.7201
  -2.000   0.2454   0.00554   0.00026  -0.1332   0.9023   0.4530   8.9415 118.0708
  -1.000   0.3588   0.00542   0.00037  -0.1342   0.8929   0.5059   9.6721 122.0890
   0.000   0.4717   0.00530   0.00031  -0.1348   0.8786   0.5593  10.7754 126.1401
   1.000   0.5816   0.00514   0.00003  -0.1343   0.8507   0.6143  12.9290 130.3107
   2.000   0.6540   0.00667  -0.00018  -0.1256   0.5126   0.6673  38.7506 134.3331
   3.000   0.7182   0.01083   0.00077  -0.1169   0.0050   0.7232  78.2835 138.5798
   4.000   0.8085   0.01331   0.00159  -0.1124   0.0024   0.7891  78.9047 143.5813
