  
       XFOIL         Version 6.99
  
 Calculated polar for: EPPLER E836 HYDROFOIL AIRFOIL                   
  
 1 1 Reynolds number fixed          Mach number fixed         
  
 xtrf =   1.000 (top)        1.000 (bottom)  
 Mach =   0.000     Re =     1.000 e 6     Ncrit =   9.000  9.000
  
   alpha    CL        CD       CDp       CM     Top_Xtr  Bot_Xtr  Top_Itr  Bot_Itr
  ------ -------- --------- --------- -------- -------- -------- -------- --------
  -6.000  -0.6031   0.01076   0.00168  -0.0080   0.8449   0.0194  12.8054  87.1195
  -5.000  -0.5154   0.00906   0.00104  -0.0046   0.8276   0.1237  14.0610  95.6761
  -4.000  -0.4318   0.00688   0.00044  -0.0008   0.8115   0.3995  15.2295 115.8005
  -3.000  -0.3367   0.00561   0.00028   0.0015   0.7966   0.6273  16.3084 132.3575
  -2.000  -0.2263   0.00544   0.00039   0.0014   0.7823   0.6926  17.3438 137.1307
  -1.000  -0.1133   0.00541   0.00047   0.0007   0.7674   0.7237  18.4271 139.3992
   0.000   0.0000   0.00541   0.00048   0.0000   0.7481   0.7481  19.8264 141.1736
   1.000   0.1133   0.00541   0.00047  -0.0007   0.7237   0.7674  21.6008 142.5731
   2.000   0.2263   0.00544   0.00039  -0.0014   0.6926   0.7823  23.8693 143.6561
   3.000   0.3367   0.00561   0.00028  -0.0015   0.6273   0.7966  28.6425 144.6916
   4.000   0.4318   0.00688   0.00044   0.0008   0.3995   0.8115  45.1995 145.7705
   5.000   0.5154   0.00906   0.00104   0.0046   0.1237   0.8276  65.3241 146.9390
   6.000   0.6031   0.01076   0.00168   0.0080   0.0194   0.8449  73.8802 148.1949
   7.000   0.6927   0.01216   0.00224   0.0113   0.0087   0.8653  75.5778 149.6745
   8.000   0.7622   0.01465   0.00344   0.0181   0.0059   0.8951  76.1628 151.8437
   9.000   0.8341   0.01758   0.00519   0.0238   0.0050   0.9649  76.4327 156.9169
  10.000   0.9206   0.02163   0.00782   0.0244   0.0040   1.0000  76.7336 160.0000
  11.000   0.9381   0.02803   0.01209   0.0358   0.0037   1.0000  76.8517 160.0000
  12.000   0.9082   0.03865   0.02059   0.0469   0.0038   1.0000  76.8067 160.0000
  13.000   0.7132   0.07659   0.05676   0.0394   0.0051   1.0000  76.3904 160.0000
