  
       XFOIL         Version 6.99
  
 Calculated polar for: EPPLER E836 HYDROFOIL AIRFOIL                   
  
 1 1 Reynolds number fixed          Mach number fixed         
  
 xtrf =   1.000 (top)        1.000 (bottom)  
 Mach =   0.000     Re =     0.500 e 6     Ncrit =   9.000  9.000
  
   alpha    CL        CD       CDp       CM     Top_Xtr  Bot_Xtr  Top_Itr  Bot_Itr
  ------ -------- --------- --------- -------- -------- -------- -------- --------
  -6.000  -0.5747   0.01232   0.00208  -0.0148   0.8980   0.0411   8.9427  89.2103
  -5.000  -0.5100   0.00946   0.00127  -0.0079   0.8735   0.3040  10.7271 108.8880
  -4.000  -0.4348   0.00751   0.00106  -0.0019   0.8544   0.6096  12.1135 131.0707
  -3.000  -0.3315   0.00744   0.00144  -0.0002   0.8378   0.7039  13.3199 137.9551
  -2.000  -0.2220   0.00755   0.00172   0.0001   0.8221   0.7406  14.4580 140.6273
  -1.000  -0.1112   0.00766   0.00192   0.0001   0.8064   0.7677  15.6005 142.5949
   0.000   0.0000   0.00772   0.00200  -0.0000   0.7897   0.7897  16.8081 144.1919
   1.000   0.1112   0.00766   0.00192  -0.0001   0.7677   0.8064  18.4051 145.3996
   2.000   0.2220   0.00755   0.00172  -0.0001   0.7406   0.8221  20.3727 146.5420
   3.000   0.3315   0.00744   0.00144   0.0002   0.7039   0.8378  23.0449 147.6801
   4.000   0.4348   0.00751   0.00106   0.0019   0.6096   0.8544  29.9293 148.8865
   5.000   0.5100   0.00946   0.00127   0.0079   0.3040   0.8735  52.1115 150.2730
   6.000   0.5747   0.01232   0.00208   0.0148   0.0411   0.8980  71.7904 152.0576
   7.000   0.6452   0.01450   0.00295   0.0219   0.0154   0.9305  74.4646 154.4201
   8.000   0.7350   0.01910   0.00533   0.0234   0.0109   0.9741  75.2025 157.6069
   9.000   0.8569   0.02530   0.00965   0.0178   0.0084   1.0000  75.6433 160.0000
  10.000   0.8742   0.03365   0.01581   0.0307   0.0080   1.0000  75.7048 160.0000
  11.000   0.7853   0.05045   0.02992   0.0486   0.0103   1.0000  75.2990 160.0000
  12.000   0.6994   0.06874   0.04725   0.0471   0.0111   1.0000  75.1602 160.0000
