  
       XFOIL         Version 6.99
  
 Calculated polar for: EPPLER E837 HYDROFOIL AIRFOIL                   
  
 1 1 Reynolds number fixed          Mach number fixed         
  
 xtrf =   1.000 (top)        1.000 (bottom)  
 Mach =   0.000     Re =     0.500 e 6     Ncrit =   9.000  9.000
  
   alpha    CL        CD       CDp       CM     Top_Xtr  Bot_Xtr  Top_Itr  Bot_Itr
  ------ -------- --------- --------- -------- -------- -------- -------- --------
  -6.000  -0.6629   0.00939   0.00133   0.0012   0.7752   0.4310  17.1115 120.2171
  -5.000  -0.5633   0.00879   0.00145   0.0029   0.7548   0.5358  18.4943 127.4841
  -4.000  -0.4540   0.00870   0.00161   0.0030   0.7368   0.5805  19.7183 130.5792
  -3.000  -0.3420   0.00870   0.00173   0.0026   0.7201   0.6102  20.8550 132.6331
  -2.000  -0.2287   0.00872   0.00183   0.0019   0.7040   0.6340  21.9481 134.2725
  -1.000  -0.1145   0.00875   0.00189   0.0010   0.6880   0.6540  23.0321 135.6452
   0.000  -0.0000   0.00875   0.00191   0.0000   0.6716   0.6716  24.1485 136.8515
   1.000   0.1145   0.00875   0.00189  -0.0010   0.6540   0.6880  25.3548 137.9680
   2.000   0.2287   0.00872   0.00183  -0.0019   0.6340   0.7040  26.7276 139.0519
   3.000   0.3420   0.00870   0.00173  -0.0026   0.6102   0.7201  28.3667 140.1450
   4.000   0.4540   0.00870   0.00161  -0.0030   0.5805   0.7368  30.4208 141.2817
   5.000   0.5633   0.00879   0.00145  -0.0029   0.5358   0.7549  33.5158 142.5062
   6.000   0.6629   0.00939   0.00133  -0.0012   0.4310   0.7752  40.7828 143.8886
   7.000   0.7343   0.01164   0.00200   0.0044   0.2305   0.7986  54.7042 145.4833
   8.000   0.7846   0.01440   0.00297   0.0131   0.0765   0.8304  65.8800 147.6618
   9.000   0.8091   0.01686   0.00376   0.0263   0.0292   0.8925  70.1725 151.9174
  10.000   0.8725   0.02136   0.00626   0.0271   0.0171   1.0000  71.9811 160.0000
  11.000   0.9089   0.02576   0.00868   0.0324   0.0133   1.0000  72.8170 160.0000
  12.000   0.9303   0.03203   0.01253   0.0376   0.0115   1.0000  73.2580 160.0000
  13.000   0.9584   0.03847   0.01683   0.0408   0.0102   1.0000  73.6109 160.0000
  14.000   0.9774   0.04643   0.02250   0.0428   0.0093   1.0000  73.8616 160.0000
  15.000   0.9692   0.05873   0.03230   0.0430   0.0086   1.0000  74.0537 160.0000
