  
       XFOIL         Version 6.99
  
 Calculated polar for: EPPLER E851 AIRFOIL                             
  
 1 1 Reynolds number fixed          Mach number fixed         
  
 xtrf =   1.000 (top)        1.000 (bottom)  
 Mach =   0.000     Re =     1.000 e 6     Ncrit =   9.000  9.000
  
   alpha    CL        CD       CDp       CM     Top_Xtr  Bot_Xtr  Top_Itr  Bot_Itr
  ------ -------- --------- --------- -------- -------- -------- -------- --------
  -5.000  -0.1766   0.01054   0.00107  -0.1001   0.9468   0.0033   5.4885  83.0934
  -4.000  -0.0595   0.00776   0.00001  -0.1017   0.9308   0.0037   6.7351  83.1781
  -3.000   0.0509   0.00558  -0.00028  -0.1033   0.9138   0.3659   8.0449 111.6386
  -2.000   0.1618   0.00512  -0.00006  -0.1038   0.8980   0.5315   9.2624 124.1883
  -1.000   0.2739   0.00505   0.00007  -0.1043   0.8826   0.5830  10.4411 128.0778
   0.000   0.3849   0.00502   0.00006  -0.1044   0.8613   0.6170  12.0784 130.6497
   1.000   0.4925   0.00496  -0.00005  -0.1036   0.8286   0.6573  14.5781 133.6988
   2.000   0.5975   0.00498  -0.00023  -0.1021   0.7758   0.7103  18.6172 137.7089
   3.000   0.6526   0.00803   0.00024  -0.0910   0.2407   0.7854  59.2339 143.3973
   4.000   0.7294   0.00999   0.00068  -0.0844   0.0033   1.0000  78.6072 160.0000
   5.000   0.8160   0.01297   0.00109  -0.0789   0.0020   1.0000  78.9592 160.0000
