  
       XFOIL         Version 6.99
  
 Calculated polar for: EPPLER E853 AIRFOIL                             
  
 1 1 Reynolds number fixed          Mach number fixed         
  
 xtrf =   1.000 (top)        1.000 (bottom)  
 Mach =   0.000     Re =     1.000 e 6     Ncrit =   9.000  9.000
  
   alpha    CL        CD       CDp       CM     Top_Xtr  Bot_Xtr  Top_Itr  Bot_Itr
  ------ -------- --------- --------- -------- -------- -------- -------- --------
  -6.000  -0.1847   0.01021   0.00156  -0.1166   0.8901   0.0044   9.7933  84.9262
  -5.000  -0.0800   0.00828   0.00065  -0.1159   0.8322   0.0239  14.0257  88.2191
  -4.000   0.0261   0.00700   0.00019  -0.1161   0.7905   0.1839  17.0695 100.3772
  -3.000   0.1352   0.00596   0.00005  -0.1167   0.7581   0.4375  19.4299 118.7807
  -2.000   0.2473   0.00597   0.00013  -0.1170   0.7320   0.4960  21.3262 123.0009
  -1.000   0.3595   0.00604   0.00023  -0.1174   0.7099   0.5375  22.9356 125.9811
   0.000   0.4722   0.00609   0.00028  -0.1179   0.6904   0.5629  24.3497 127.7995
   1.000   0.5844   0.00619   0.00033  -0.1183   0.6710   0.5895  25.7654 129.7109
   2.000   0.6947   0.00630   0.00033  -0.1182   0.6433   0.6224  27.7794 132.0769
   3.000   0.8032   0.00645   0.00032  -0.1178   0.6055   0.6661  30.5324 135.2246
   4.000   0.9090   0.00671   0.00034  -0.1169   0.5530   0.7282  34.3596 139.7066
   5.000   0.9888   0.00856   0.00092  -0.1113   0.3198   0.8270  51.3694 146.8470
   6.000   1.0482   0.01136   0.00205  -0.1021   0.0764   1.0000  69.4865 160.0000
   7.000   1.1303   0.01327   0.00279  -0.0975   0.0204   1.0000  74.4165 160.0000
   8.000   1.1944   0.01589   0.00355  -0.0892   0.0033   1.0000  77.7575 160.0000
   9.000   1.2293   0.01989   0.00521  -0.0764   0.0028   1.0000  77.9770 160.0000
  10.000   1.2597   0.02525   0.00810  -0.0653   0.0027   1.0000  78.0230 160.0000
  11.000   1.3009   0.03026   0.01133  -0.0577   0.0025   1.0000  78.1623 160.0000
  12.000   1.3179   0.03864   0.01723  -0.0500   0.0024   1.0000  78.2145 160.0000
  13.000   1.2996   0.05144   0.02747  -0.0441   0.0024   1.0000  78.2142 160.0000
  14.000   1.2461   0.07072   0.04485  -0.0447   0.0025   1.0000  78.1980 160.0000
  15.000   1.1701   0.09997   0.07430  -0.0571   0.0025   1.0000  78.1629 160.0000
