  
       XFOIL         Version 6.99
  
 Calculated polar for: EPPLER 858 AIRFOIL                              
  
 1 1 Reynolds number fixed          Mach number fixed         
  
 xtrf =   1.000 (top)        1.000 (bottom)  
 Mach =   0.000     Re =     1.000 e 6     Ncrit =   9.000  9.000
  
   alpha    CL        CD       CDp       CM     Top_Xtr  Bot_Xtr  Top_Itr  Bot_Itr
  ------ -------- --------- --------- -------- -------- -------- -------- --------
  -6.000  -0.1106   0.00961   0.00033  -0.1112   0.5224   0.2071  26.5753 120.1391
  -5.000  -0.0147   0.00889  -0.00002  -0.1083   0.4917   0.3178  28.0446 126.5606
  -4.000   0.0899   0.00888  -0.00012  -0.1063   0.4668   0.3533  29.2631 128.4362
  -3.000   0.1943   0.00902  -0.00017  -0.1044   0.4431   0.3780  30.4455 129.6857
  -2.000   0.2982   0.00923  -0.00023  -0.1024   0.4231   0.3964  31.4617 130.5921
  -1.000   0.4012   0.00949  -0.00026  -0.1003   0.4058   0.4152  32.3631 131.4846
   0.000   0.5027   0.00985  -0.00034  -0.0980   0.3906   0.4259  33.1650 131.9878
   1.000   0.5997   0.01016  -0.00042  -0.0951   0.3772   0.4410  33.8879 132.6725
   2.000   0.6989   0.01047  -0.00052  -0.0926   0.3674   0.4532  34.4298 133.2227
   3.000   0.7912   0.01098  -0.00056  -0.0891   0.3565   0.4678  35.0327 133.8656
   4.000   0.8860   0.01134  -0.00067  -0.0862   0.3492   0.4842  35.4471 134.5830
   5.000   0.9703   0.01206  -0.00072  -0.0816   0.3395   0.5018  36.0016 135.3441
   6.000   1.0603   0.01253  -0.00085  -0.0783   0.3341   0.5249  36.3139 136.3409
   7.000   1.1403   0.01330  -0.00096  -0.0735   0.3271   0.5552  36.7294 137.6488
   8.000   1.2161   0.01422  -0.00103  -0.0685   0.3203   0.6027  37.1273 139.7192
   9.000   1.2898   0.01509  -0.00114  -0.0635   0.3148   0.6900  37.4630 143.6097
  10.000   1.3813   0.01632  -0.00045  -0.0633   0.3063   1.0000  37.9750 160.0000
  11.000   1.4556   0.01790  -0.00034  -0.0598   0.3020   1.0000  38.2465 160.0000
  12.000   1.5221   0.02006  -0.00005  -0.0562   0.2957   1.0000  38.6413 160.0000
  13.000   1.5816   0.02292   0.00057  -0.0526   0.2888   1.0000  39.0771 160.0000
  14.000   1.6436   0.02606   0.00140  -0.0505   0.2827   1.0000  39.4758 160.0000
  15.000   1.6893   0.03059   0.00286  -0.0481   0.2736   1.0000  40.0696 160.0000
