  
       XFOIL         Version 6.99
  
 Calculated polar for: EPPLER 862 STRUT AIRFOIL                        
  
 1 1 Reynolds number fixed          Mach number fixed         
  
 xtrf =   1.000 (top)        1.000 (bottom)  
 Mach =   0.000     Re =     0.500 e 6     Ncrit =   9.000  9.000
  
   alpha    CL        CD       CDp       CM     Top_Xtr  Bot_Xtr  Top_Itr  Bot_Itr
  ------ -------- --------- --------- -------- -------- -------- -------- --------
  -6.000  -0.7081   0.01643   0.00532   0.0111   0.4863   0.3758  22.6242 132.7786
  -5.000  -0.5951   0.01606   0.00526   0.0099   0.4748   0.3845  23.1468 133.2712
  -4.000  -0.4783   0.01586   0.00532   0.0083   0.4643   0.3931  23.6370 133.7529
  -3.000  -0.3608   0.01565   0.00524   0.0065   0.4540   0.4016  24.1211 134.2152
  -2.000  -0.2407   0.01550   0.00531   0.0044   0.4450   0.4099  24.5618 134.6613
  -1.000  -0.1210   0.01558   0.00522   0.0023   0.4350   0.4178  25.0469 135.0791
   0.000   0.0000   0.01539   0.00531  -0.0000   0.4271   0.4271  25.4501 135.5499
   1.000   0.1210   0.01558   0.00522  -0.0023   0.4178   0.4350  25.9209 135.9531
   2.000   0.2407   0.01550   0.00531  -0.0044   0.4099   0.4450  26.3386 136.4381
   3.000   0.3609   0.01565   0.00524  -0.0065   0.4016   0.4540  26.7848 136.8789
   4.000   0.4783   0.01586   0.00533  -0.0083   0.3931   0.4643  27.2472 137.3631
   5.000   0.5952   0.01606   0.00527  -0.0100   0.3845   0.4748  27.7289 137.8533
   6.000   0.7083   0.01643   0.00533  -0.0111   0.3758   0.4863  28.2215 138.3760
   7.000   0.8185   0.01679   0.00525  -0.0117   0.3669   0.4987  28.7414 138.9299
   8.000   0.9216   0.01734   0.00531  -0.0114   0.3579   0.5135  29.2794 139.5731
   9.000   1.0169   0.01793   0.00517  -0.0100   0.3486   0.5303  29.8429 140.2933
  10.000   1.0858   0.01905   0.00526  -0.0048   0.3392   0.5483  30.4233 141.0444
  11.000   1.1613   0.02071   0.00550  -0.0021   0.3291   0.5734  31.0584 142.0696
  12.000   1.2174   0.02366   0.00655   0.0004   0.3184   0.6044  31.7456 143.2963
  13.000   1.2644   0.02812   0.00836   0.0016   0.3066   0.6452  32.5224 144.8763
  14.000   1.2959   0.03422   0.01106   0.0023   0.2937   0.6999  33.3791 146.9796
  15.000   1.3089   0.04218   0.01505   0.0028   0.2798   0.7820  34.3305 150.2257
