  
       XFOIL         Version 6.99
  
 Calculated polar for: EPPLER 864 STRUT AIRFOIL                        
  
 1 1 Reynolds number fixed          Mach number fixed         
  
 xtrf =   1.000 (top)        1.000 (bottom)  
 Mach =   0.000     Re =     0.500 e 6     Ncrit =   9.000  9.000
  
   alpha    CL        CD       CDp       CM     Top_Xtr  Bot_Xtr  Top_Itr  Bot_Itr
  ------ -------- --------- --------- -------- -------- -------- -------- --------
  -6.000  -0.6323   0.02067   0.00730   0.0055   0.4696   0.4035  21.3517 135.8730
  -5.000  -0.5383   0.01991   0.00728   0.0063   0.4629   0.4091  21.6691 136.1912
  -4.000  -0.4306   0.01997   0.00763   0.0049   0.4556   0.4140  22.0161 136.4671
  -3.000  -0.3276   0.01973   0.00778   0.0046   0.4512   0.4194  22.2386 136.7712
  -2.000  -0.2238   0.01963   0.00775   0.0042   0.4455   0.4234  22.5255 136.9957
  -1.000  -0.1099   0.01909   0.00761   0.0017   0.4402   0.4295  22.7956 137.3193
   0.000   0.0017   0.01944   0.00785  -0.0002   0.4346   0.4349  23.0821 137.5999
   1.000   0.1096   0.01943   0.00784  -0.0014   0.4297   0.4399  23.3478 137.8620
   2.000   0.2194   0.01912   0.00743  -0.0029   0.4232   0.4452  23.6950 138.1356
   3.000   0.3314   0.01946   0.00739  -0.0049   0.4169   0.4509  24.0353 138.4164
   4.000   0.4302   0.01964   0.00739  -0.0046   0.4123   0.4569  24.3007 138.7160
   5.000   0.5293   0.01984   0.00706  -0.0042   0.4067   0.4618  24.6230 138.9584
   6.000   0.6353   0.02005   0.00668  -0.0054   0.4012   0.4693  24.9372 139.3075
   7.000   0.6882   0.02065   0.00642   0.0024   0.3956   0.4760  25.2740 139.6207
   8.000   0.7638   0.02151   0.00614   0.0054   0.3892   0.4825  25.6656 139.9241
   9.000   0.8529   0.02246   0.00578   0.0057   0.3828   0.4916  26.0531 140.3313
  10.000   0.8943   0.02501   0.00630   0.0105   0.3756   0.5009  26.5171 140.7445
  11.000   0.9818   0.02642   0.00577   0.0097   0.3685   0.5121  26.9777 141.2237
  12.000   0.9883   0.03239   0.00802   0.0137   0.3588   0.5240  27.6271 141.7218
  13.000   1.0071   0.03917   0.01065   0.0147   0.3482   0.5384  28.3561 142.3098
  14.000   1.0066   0.04842   0.01499   0.0151   0.3351   0.5547  29.2789 142.9629
  15.000   0.9658   0.06207   0.02302   0.0156   0.3172   0.5748  30.5710 143.7289
