  
       XFOIL         Version 6.99
  
 Calculated polar for: EPPLER EA 6(-1)-012 AIRFOIL                     
  
 1 1 Reynolds number fixed          Mach number fixed         
  
 xtrf =   1.000 (top)        1.000 (bottom)  
 Mach =   0.000     Re =     1.000 e 6     Ncrit =   9.000  9.000
  
   alpha    CL        CD       CDp       CM     Top_Xtr  Bot_Xtr  Top_Itr  Bot_Itr
  ------ -------- --------- --------- -------- -------- -------- -------- --------
  -6.000  -0.6369   0.01118   0.00288  -0.0071   0.8000   0.0537  14.8089  97.3492
  -5.000  -0.5317   0.01032   0.00228  -0.0059   0.7849   0.0582  15.7929  97.8494
  -4.000  -0.4250   0.00949   0.00171  -0.0048   0.7686   0.0647  16.8491  98.5616
  -3.000  -0.3168   0.00875   0.00125  -0.0038   0.7509   0.0853  18.0025 100.5894
  -2.000  -0.2180   0.00675   0.00063  -0.0020   0.7331   0.3842  19.1471 119.8736
  -1.000  -0.1124   0.00566   0.00044  -0.0007   0.7106   0.6121  20.5919 134.2628
   0.000   0.0000   0.00554   0.00039  -0.0000   0.6707   0.6707  23.1057 137.8943
   1.000   0.1124   0.00566   0.00044   0.0007   0.6121   0.7106  26.7380 140.4081
   2.000   0.2180   0.00675   0.00063   0.0020   0.3842   0.7331  41.1262 141.8529
   3.000   0.3168   0.00875   0.00125   0.0038   0.0853   0.7509  60.4103 142.9975
   4.000   0.4250   0.00949   0.00171   0.0048   0.0647   0.7686  62.4384 144.1509
   5.000   0.5317   0.01031   0.00228   0.0059   0.0582   0.7849  63.1506 145.2071
   6.000   0.6369   0.01118   0.00288   0.0071   0.0537   0.8000  63.6508 146.1911
   7.000   0.7346   0.01263   0.00390   0.0094   0.0500   0.8160  64.0675 147.2301
   8.000   0.8334   0.01372   0.00476   0.0115   0.0477   0.8355  64.3358 148.4811
   9.000   0.9264   0.01498   0.00571   0.0144   0.0449   0.8673  64.6458 150.4996
  10.000   1.0321   0.01768   0.00777   0.0134   0.0415   1.0000  65.0330 160.0000
  11.000   1.1217   0.01865   0.00840   0.0164   0.0394   1.0000  65.2839 160.0000
  12.000   1.2003   0.02001   0.00910   0.0207   0.0367   1.0000  65.5953 160.0000
  13.000   1.2454   0.02277   0.01044   0.0289   0.0337   1.0000  65.9581 160.0000
  14.000   1.3026   0.02514   0.01170   0.0335   0.0322   1.0000  66.1501 160.0000
  15.000   1.3614   0.02793   0.01317   0.0365   0.0298   1.0000  66.4718 160.0000
