  
       XFOIL         Version 6.99
  
 Calculated polar for: EPPLER EA 6(-1)-009 AIRFOIL                     
  
 1 1 Reynolds number fixed          Mach number fixed         
  
 xtrf =   1.000 (top)        1.000 (bottom)  
 Mach =   0.000     Re =     0.500 e 6     Ncrit =   9.000  9.000
  
   alpha    CL        CD       CDp       CM     Top_Xtr  Bot_Xtr  Top_Itr  Bot_Itr
  ------ -------- --------- --------- -------- -------- -------- -------- --------
  -6.000  -0.6404   0.01570   0.00615  -0.0055   1.0000   0.0525   1.0000  93.1493
  -5.000  -0.5312   0.01321   0.00432  -0.0061   0.9893   0.0569   2.2701  93.6037
  -4.000  -0.4029   0.01148   0.00290  -0.0100   0.9394   0.0599   6.1723  93.9210
  -3.000  -0.3037   0.01015   0.00197  -0.0073   0.9001   0.0659   8.7235  94.6326
  -2.000  -0.2016   0.00935   0.00132  -0.0047   0.8562   0.0732  11.6953  95.5262
  -1.000  -0.1011   0.00722   0.00062  -0.0029   0.8118   0.4276  14.6612 121.2991
   0.000  -0.0000   0.00614   0.00064   0.0000   0.7483   0.7483  18.7665 142.2340
   1.000   0.1011   0.00722   0.00062   0.0029   0.4276   0.8118  39.7011 146.3388
   2.000   0.2016   0.00935   0.00132   0.0047   0.0732   0.8562  65.4738 149.3047
   3.000   0.3037   0.01015   0.00197   0.0073   0.0659   0.9001  66.3673 152.2754
   4.000   0.4029   0.01148   0.00290   0.0100   0.0599   0.9394  67.0790 154.8277
   5.000   0.5312   0.01321   0.00432   0.0061   0.0569   0.9894  67.3963 158.7328
   6.000   0.6404   0.01570   0.00615   0.0055   0.0525   1.0000  67.8507 160.0000
   7.000   0.7450   0.01831   0.00855   0.0062   0.0453   1.0000  68.4928 160.0000
   8.000   0.8433   0.02187   0.01107   0.0070   0.0386   1.0000  69.0810 160.0000
   9.000   0.9467   0.02068   0.01000   0.0077   0.0324   1.0000  69.8621 160.0000
  10.000   1.0488   0.02045   0.00903   0.0086   0.0236   1.0000  71.0354 160.0000
  11.000   1.1356   0.02343   0.01120   0.0111   0.0165   1.0000  71.7740 160.0000
  12.000   1.1526   0.03455   0.02106   0.0183   0.0138   1.0000  72.1211 160.0000
  13.000   1.0738   0.05047   0.03566   0.0227   0.0135   1.0000  72.1788 160.0000
  14.000   0.7208   0.15795   0.15284  -0.0396   0.0196   1.0000  71.4455 160.0000
  15.000   0.6350   0.17387   0.14886  -0.0474   0.0238   1.0000  71.0151 160.0000
