  
       XFOIL         Version 6.99
  
 Calculated polar for: EPPLER EA 8(-1)-006 AIRFOIL                     
  
 1 1 Reynolds number fixed          Mach number fixed         
  
 xtrf =   1.000 (top)        1.000 (bottom)  
 Mach =   0.000     Re =     0.500 e 6     Ncrit =   9.000  9.000
  
   alpha    CL        CD       CDp       CM     Top_Xtr  Bot_Xtr  Top_Itr  Bot_Itr
  ------ -------- --------- --------- -------- -------- -------- -------- --------
  -6.000  -0.6551   0.01257   0.00311  -0.0016   1.0000   0.0249   1.0000  88.7020
  -5.000  -0.5511   0.01533   0.00622   0.0001   1.0000   0.0428   1.0000  92.6655
  -4.000  -0.4613   0.01400   0.00490   0.0041   1.0000   0.0552   1.0000  93.9512
  -3.000  -0.3747   0.01140   0.00308   0.0089   1.0000   0.0592   1.0000  94.4724
  -2.000  -0.2427   0.00994   0.00187   0.0040   0.9892   0.0631   2.2401  95.0168
  -1.000  -0.0800   0.00839   0.00087  -0.0064   0.8973   0.0700   8.4865  96.0789
   0.000  -0.0000   0.01081   0.00058   0.0000   0.0807   0.0807  63.3534  97.6466
   1.000   0.0800   0.00839   0.00087   0.0064   0.0700   0.8973  64.9211 152.5135
   2.000   0.2427   0.00994   0.00187  -0.0040   0.0631   0.9892  65.9832 158.7603
   3.000   0.3746   0.01140   0.00308  -0.0088   0.0592   1.0000  66.5276 160.0000
   4.000   0.4613   0.01400   0.00490  -0.0041   0.0552   1.0000  67.0487 160.0000
   5.000   0.5511   0.01533   0.00622  -0.0001   0.0428   1.0000  68.3344 160.0000
   6.000   0.6550   0.01257   0.00311   0.0016   0.0249   1.0000  72.2975 160.0000
   7.000   0.7449   0.01560   0.00505   0.0059   0.0130   1.0000  74.5622 160.0000
   8.000   0.7878   0.03394   0.02325   0.0150   0.0107   1.0000  74.8523 160.0000
   9.000   0.6821   0.07684   0.06673   0.0087   0.0150   1.0000  74.3119 160.0000
  10.000   0.5973   0.09659   0.07812  -0.0035   0.0167   1.0000  74.1139 160.0000
  11.000   0.5842   0.11961   0.09688  -0.0126   0.0192   1.0000  73.6596 160.0000
  12.000   0.5975   0.13528   0.10800  -0.0169   0.0176   1.0000  74.0021 160.0000
  13.000   0.5984   0.15365   0.12552  -0.0256   0.0175   1.0000  74.0186 160.0000
  14.000   0.5990   0.16875   0.14403  -0.0354   0.0157   1.0000  74.2349 160.0000
  15.000   0.6114   0.17957   0.15971  -0.0429   0.0124   1.0000  74.6327 160.0000
