  
       XFOIL         Version 6.99
  
 Calculated polar for: EPPLER EC 86(-3)-914 AIRFOIL                    
  
 1 1 Reynolds number fixed          Mach number fixed         
  
 xtrf =   1.000 (top)        1.000 (bottom)  
 Mach =   0.000     Re =     1.000 e 6     Ncrit =   9.000  9.000
  
   alpha    CL        CD       CDp       CM     Top_Xtr  Bot_Xtr  Top_Itr  Bot_Itr
  ------ -------- --------- --------- -------- -------- -------- -------- --------
  -6.000  -0.0304   0.01391   0.00371  -0.1624   0.9108   0.0151   8.7662  88.9392
  -5.000   0.1223   0.01188   0.00319  -0.1721   0.9102   0.0113   8.8232  87.9814
  -4.000   0.2685   0.01079   0.00298  -0.1798   0.9090   0.0090   8.9222  87.2391
  -3.000   0.3964   0.00983   0.00255  -0.1834   0.9008   0.0082   9.6188  86.9759
  -2.000   0.5529   0.00774   0.00160  -0.1939   0.8916   0.2190  10.4227 105.1513
  -1.000   0.7036   0.00593   0.00119  -0.2039   0.8766   0.6307  11.7221 132.4664
   0.000   0.8143   0.00590   0.00106  -0.2035   0.8542   0.6599  13.6207 134.4942
   1.000   0.9176   0.00611   0.00073  -0.2013   0.7762   0.6766  19.3277 135.6516
   2.000   0.9620   0.00781   0.00095  -0.1870   0.6116   0.6881  30.3909 136.4369
   3.000   1.0200   0.00983   0.00156  -0.1766   0.4551   0.7021  40.7910 137.3950
   4.000   1.0996   0.01153   0.00207  -0.1710   0.3416   0.7142  48.3493 138.2156
   5.000   1.1862   0.01301   0.00248  -0.1670   0.2666   0.7216  53.3706 138.7091
   6.000   1.2737   0.01455   0.00284  -0.1634   0.2095   0.7257  57.2954 138.9862
   7.000   1.3598   0.01614   0.00322  -0.1598   0.1605   0.7300  60.6778 139.2654
   8.000   1.4057   0.02119   0.00523  -0.1500   0.0047   0.7341  76.6393 139.5388
