  
       XFOIL         Version 6.99
  
 Calculated polar for: EH 0.0/9.0                                      
  
 1 1 Reynolds number fixed          Mach number fixed         
  
 xtrf =   1.000 (top)        1.000 (bottom)  
 Mach =   0.000     Re =     0.500 e 6     Ncrit =   9.000  9.000
  
   alpha    CL        CD       CDp       CM     Top_Xtr  Bot_Xtr  Top_Itr  Bot_Itr
  ------ -------- --------- --------- -------- -------- -------- -------- --------
   0.000   0.0000   0.00540   0.00062  -0.0000   0.8474   0.8474  12.5956 148.4041
   1.000   0.1014   0.00556   0.00062   0.0037   0.7580   0.9196  19.0995 153.6562
   2.000   0.2212   0.00610   0.00057   0.0029   0.6390   0.9668  27.7647 157.0972
   3.000   0.3684   0.00701   0.00052  -0.0049   0.4657   0.9876  40.3848 158.6925
   4.000   0.4980   0.00836   0.00067  -0.0100   0.2448   1.0000  56.5210 160.0000
   5.000   0.5787   0.01019   0.00127  -0.0050   0.0696   1.0000  69.6209 160.0000
   6.000   0.6587   0.01323   0.00288   0.0008   0.0189   1.0000  74.0202 160.0000
   7.000   0.7411   0.01666   0.00493   0.0059   0.0121   1.0000  74.9230 160.0000
   8.000   0.8239   0.02111   0.00811   0.0104   0.0086   1.0000  75.6077 160.0000
   9.000   0.8794   0.03019   0.01503   0.0167   0.0071   1.0000  75.9325 160.0000
