  
       XFOIL         Version 6.99
  
 Calculated polar for: EH 1.0/9.0                                      
  
 1 1 Reynolds number fixed          Mach number fixed         
  
 xtrf =   1.000 (top)        1.000 (bottom)  
 Mach =   0.000     Re =     1.000 e 6     Ncrit =   9.000  9.000
  
   alpha    CL        CD       CDp       CM     Top_Xtr  Bot_Xtr  Top_Itr  Bot_Itr
  ------ -------- --------- --------- -------- -------- -------- -------- --------
  -6.000  -0.6061   0.01386   0.00447  -0.0032   1.0000   0.0085   1.0000  85.9789
  -5.000  -0.5083   0.00974   0.00175  -0.0009   0.9943   0.0108   1.7050  86.4488
  -4.000  -0.3734   0.00806   0.00085  -0.0060   0.9557   0.0333   4.7651  89.1826
  -3.000  -0.2722   0.00717   0.00045  -0.0035   0.8563   0.1309  11.9406  96.7073
  -2.000  -0.1738   0.00577   0.00008  -0.0013   0.7619   0.4417  18.7379 119.1799
  -1.000  -0.0738   0.00482   0.00001   0.0011   0.6793   0.7482  24.6819 141.2883
   0.000   0.0327   0.00480   0.00008   0.0027   0.6057   0.8501  29.9894 148.6373
   1.000   0.1380   0.00497   0.00018   0.0047   0.5389   0.9220  34.8070 153.8077
   2.000   0.2468   0.00534   0.00028   0.0060   0.4754   0.9681  39.3983 157.1380
   3.000   0.3791   0.00586   0.00032   0.0014   0.4014   0.9829  44.7560 158.2612
   4.000   0.5153   0.00644   0.00040  -0.0044   0.3278   0.9926  50.0973 159.0887
   5.000   0.6500   0.00766   0.00067  -0.0105   0.1781   0.9999  61.0865 159.9898
   6.000   0.7291   0.00995   0.00169  -0.0054   0.0173   1.0000  74.1634 160.0000
   7.000   0.8167   0.01164   0.00261  -0.0010   0.0096   1.0000  75.4412 160.0000
   8.000   0.8978   0.01456   0.00436   0.0039   0.0067   1.0000  76.1282 160.0000
   9.000   0.9798   0.01750   0.00627   0.0079   0.0052   1.0000  76.6524 160.0000
  10.000   1.0374   0.02340   0.01019   0.0143   0.0044   1.0000  76.9034 160.0000
