  
       XFOIL         Version 6.99
  
 Calculated polar for: EH 2.5/10                                       
  
 1 1 Reynolds number fixed          Mach number fixed         
  
 xtrf =   1.000 (top)        1.000 (bottom)  
 Mach =   0.000     Re =     0.500 e 6     Ncrit =   9.000  9.000
  
   alpha    CL        CD       CDp       CM     Top_Xtr  Bot_Xtr  Top_Itr  Bot_Itr
  ------ -------- --------- --------- -------- -------- -------- -------- --------
  -6.000  -0.5117   0.01803   0.00828  -0.0099   0.9754   0.0113   3.1228  88.9239
  -4.000  -0.2938   0.01294   0.00327  -0.0090   0.7182   0.0229  21.2788  90.3578
  -3.000  -0.1937   0.01114   0.00167  -0.0060   0.6539   0.0275  25.8166  90.8054
  -2.000  -0.0929   0.00989   0.00073  -0.0033   0.5830   0.0696  30.8170  94.0735
  -1.000   0.0052   0.00856   0.00043  -0.0011   0.5197   0.3580  35.2810 114.3230
   0.000   0.0886   0.00702   0.00075   0.0063   0.4825   0.9271  37.9129 154.4755
   1.000   0.2441   0.00773   0.00111  -0.0018   0.4459   0.9676  40.5046 157.3290
   2.000   0.3994   0.00819   0.00120  -0.0112   0.3999   0.9827  43.7606 158.4192
   3.000   0.5316   0.00864   0.00121  -0.0165   0.3181   0.9931  49.5677 159.2806
   4.000   0.6540   0.00937   0.00146  -0.0202   0.2238   1.0000  56.3060 160.0000
   5.000   0.7257   0.01184   0.00282  -0.0145   0.0170   1.0000  73.0148 160.0000
   6.000   0.8097   0.01271   0.00345  -0.0099   0.0158   1.0000  73.3125 160.0000
   7.000   0.8941   0.01393   0.00430  -0.0056   0.0142   1.0000  73.6864 160.0000
   8.000   0.9763   0.01560   0.00548  -0.0014   0.0113   1.0000  74.6272 160.0000
   9.000   1.0519   0.01779   0.00683   0.0033   0.0087   1.0000  75.7325 160.0000
  10.000   1.0917   0.02208   0.00942   0.0119   0.0071   1.0000  76.8184 160.0000
  11.000   1.0730   0.02928   0.01379   0.0226   0.0067   1.0000  77.1128 160.0000
  12.000   1.0788   0.03852   0.02020   0.0245   0.0066   1.0000  77.1922 160.0000
