  
       XFOIL         Version 6.99
  
 Calculated polar for: EH 3.0/12                                       
  
 1 1 Reynolds number fixed          Mach number fixed         
  
 xtrf =   1.000 (top)        1.000 (bottom)  
 Mach =   0.000     Re =     0.500 e 6     Ncrit =   9.000  9.000
  
   alpha    CL        CD       CDp       CM     Top_Xtr  Bot_Xtr  Top_Itr  Bot_Itr
  ------ -------- --------- --------- -------- -------- -------- -------- --------
  -6.000  -0.4846   0.01330   0.00312  -0.0091   0.7241   0.0132  19.3144  92.5022
  -5.000  -0.3819   0.01262   0.00252  -0.0073   0.6627   0.0197  23.1611  94.1440
  -4.000  -0.2796   0.01162   0.00173  -0.0052   0.6149   0.0264  26.1487  95.4662
  -3.000  -0.1760   0.01084   0.00130  -0.0034   0.5748   0.0571  28.6626  99.3572
  -2.000  -0.0701   0.01041   0.00108  -0.0021   0.5403   0.0943  30.8287 102.3070
   0.000   0.1057   0.00755   0.00113   0.0084   0.4833   0.8945  34.4330 152.5554
   1.000   0.2239   0.00809   0.00142   0.0083   0.4564   0.9444  36.1501 155.7079
   2.000   0.3801   0.00879   0.00166  -0.0003   0.4189   0.9656  38.5532 157.1153
   3.000   0.5198   0.00915   0.00157  -0.0067   0.3788   0.9755  41.1404 157.8159
   4.000   0.6551   0.00946   0.00155  -0.0124   0.3524   0.9842  42.8635 158.4857
   5.000   0.7874   0.00992   0.00149  -0.0179   0.2998   0.9938  46.3307 159.3398
   6.000   0.9096   0.01039   0.00159  -0.0214   0.2710   1.0000  48.2512 160.0000
   7.000   0.9917   0.01112   0.00184  -0.0167   0.2380   1.0000  50.4895 160.0000
   8.000   1.0633   0.01277   0.00244  -0.0106   0.1638   1.0000  55.6957 160.0000
   9.000   1.0868   0.01772   0.00511   0.0016   0.0131   1.0000  73.6644 160.0000
  10.000   1.1258   0.02060   0.00644   0.0115   0.0107   1.0000  74.8963 160.0000
  11.000   1.1266   0.02590   0.00940   0.0213   0.0096   1.0000  75.5615 160.0000
  12.000   1.1181   0.03679   0.01727   0.0211   0.0091   1.0000  75.8724 160.0000
  13.000   1.0909   0.05119   0.02877   0.0184   0.0088   1.0000  76.0202 160.0000
  14.000   1.0732   0.06517   0.04036   0.0154   0.0087   1.0000  76.1434 160.0000
  15.000   1.0693   0.07800   0.05102   0.0126   0.0084   1.0000  76.2951 160.0000
