  
       XFOIL         Version 6.99
  
 Calculated polar for: Eiffel 428 (Bleriot)                            
  
 1 1 Reynolds number fixed          Mach number fixed         
  
 xtrf =   1.000 (top)        1.000 (bottom)  
 Mach =   0.000     Re =     0.500 e 6     Ncrit =   9.000  9.000
  
   alpha    CL        CD       CDp       CM     Top_Xtr  Bot_Xtr  Top_Itr  Bot_Itr
  ------ -------- --------- --------- -------- -------- -------- -------- --------
  -6.000  -0.0979   0.02909   0.02223  -0.0961   0.6957   0.0452  22.3660  96.4580
  -5.000  -0.0147   0.02132   0.01348  -0.0931   0.6379   0.0543  26.1158  97.2396
  -3.000   0.1658   0.01517   0.00460  -0.0846   0.2157   0.0494  54.2584  96.8377
  -2.000   0.2666   0.01404   0.00307  -0.0823   0.1276   0.0507  61.0051  96.9599
  -1.000   0.3668   0.01257   0.00205  -0.0800   0.1247   0.0560  61.2443  97.3710
   0.000   0.4686   0.01236   0.00176  -0.0780   0.1211   0.0678  61.5392  98.2517
   2.000   0.7064   0.01164   0.00280  -0.0833   0.1070   1.0000  62.7311 160.0000
   3.000   0.8035   0.01232   0.00301  -0.0809   0.0933   1.0000  64.0209 160.0000
   4.000   0.9018   0.01287   0.00304  -0.0786   0.0535   1.0000  69.1908 160.0000
   5.000   0.9848   0.01452   0.00399  -0.0738   0.0456   1.0000  70.1190 160.0000
   6.000   1.0437   0.01749   0.00574  -0.0653   0.0376   1.0000  71.0149 160.0000
   7.000   1.0963   0.02016   0.00729  -0.0560   0.0295   1.0000  71.9695 160.0000
   8.000   1.1568   0.02223   0.00846  -0.0489   0.0228   1.0000  72.8521 160.0000
   9.000   1.2012   0.02612   0.01079  -0.0413   0.0180   1.0000  73.5936 160.0000
  10.000   1.2422   0.03135   0.01397  -0.0350   0.0148   1.0000  74.1714 160.0000
  11.000   1.2859   0.03702   0.01781  -0.0299   0.0126   1.0000  74.6643 160.0000
  12.000   1.3088   0.04743   0.02494  -0.0241   0.0110   1.0000  75.0132 160.0000
  13.000   1.2931   0.06034   0.03602  -0.0199   0.0102   1.0000  75.2566 160.0000
  14.000   1.2195   0.08206   0.05613  -0.0211   0.0103   1.0000  75.2540 160.0000
  15.000   1.1318   0.11056   0.08626  -0.0334   0.0105   1.0000  75.1693 160.0000
