  
       XFOIL         Version 6.99
  
 Calculated polar for: Eiffel 385 (S.T. Ae)                            
  
 1 1 Reynolds number fixed          Mach number fixed         
  
 xtrf =   1.000 (top)        1.000 (bottom)  
 Mach =   0.000     Re =     1.000 e 6     Ncrit =   9.000  9.000
  
   alpha    CL        CD       CDp       CM     Top_Xtr  Bot_Xtr  Top_Itr  Bot_Itr
  ------ -------- --------- --------- -------- -------- -------- -------- --------
  -6.000   0.1461   0.00800   0.00062  -0.1123   0.6300   0.1514  23.6912 109.6078
  -4.000   0.3659   0.00811   0.00074  -0.1092   0.5877   0.2037  26.0130 113.2460
  -3.000   0.4757   0.00813   0.00070  -0.1080   0.5688   0.2141  27.0636 113.8646
  -2.000   0.5846   0.00810   0.00062  -0.1067   0.5481   0.2230  28.2278 114.3744
  -1.000   0.6921   0.00816   0.00054  -0.1054   0.5232   0.2319  29.6583 114.8737
   0.000   0.7955   0.00835   0.00047  -0.1035   0.4837   0.2456  31.9809 115.6258
   1.000   0.8943   0.00864   0.00052  -0.1010   0.4331   0.3113  35.0053 119.3605
   2.000   0.9873   0.00925   0.00073  -0.0976   0.3689   0.4110  38.8376 125.4210
   3.000   1.1229   0.00922   0.00143  -0.1044   0.3141   1.0000  42.1047 160.0000
   4.000   1.2120   0.01017   0.00168  -0.1007   0.2723   1.0000  44.6243 160.0000
   5.000   1.2882   0.01154   0.00205  -0.0950   0.2112   1.0000  48.4369 160.0000
   6.000   1.3112   0.01500   0.00337  -0.0806   0.0768   1.0000  58.4218 160.0000
   7.000   1.3689   0.01733   0.00444  -0.0736   0.0578   1.0000  60.4767 160.0000
   8.000   1.4258   0.01997   0.00577  -0.0676   0.0520   1.0000  61.1779 160.0000
   9.000   1.4748   0.02344   0.00768  -0.0622   0.0476   1.0000  61.7554 160.0000
  10.000   1.5149   0.02806   0.01044  -0.0576   0.0446   1.0000  62.1844 160.0000
  11.000   1.5519   0.03361   0.01388  -0.0545   0.0416   1.0000  62.6312 160.0000
  12.000   1.5693   0.04176   0.01932  -0.0524   0.0386   1.0000  63.1023 160.0000
  13.000   1.5952   0.04969   0.02461  -0.0519   0.0358   1.0000  63.5979 160.0000
  14.000   1.5998   0.06040   0.03221  -0.0520   0.0328   1.0000  64.1550 160.0000
  15.000   1.6025   0.07188   0.04058  -0.0532   0.0293   1.0000  64.8932 160.0000
