  
       XFOIL         Version 6.99
  
 Calculated polar for: Eiffel 371 (Monge)                              
  
 1 1 Reynolds number fixed          Mach number fixed         
  
 xtrf =   1.000 (top)        1.000 (bottom)  
 Mach =   0.000     Re =     1.000 e 6     Ncrit =   9.000  9.000
  
   alpha    CL        CD       CDp       CM     Top_Xtr  Bot_Xtr  Top_Itr  Bot_Itr
  ------ -------- --------- --------- -------- -------- -------- -------- --------
  -6.000  -0.2325   0.01059   0.00179  -0.0692   0.8631   0.0148  10.8639  88.2684
  -5.000  -0.1494   0.00982   0.00115  -0.0623   0.7580   0.0187  17.3889  89.1514
  -4.000  -0.0673   0.00948   0.00083  -0.0555   0.6534   0.0295  23.6925  90.9442
  -3.000   0.0215   0.00884   0.00060  -0.0504   0.6003   0.1056  26.8793  97.1614
  -2.000   0.0955   0.00749   0.00045  -0.0429   0.5678   0.4196  28.8291 116.2499
  -1.000   0.1979   0.00754   0.00074  -0.0406   0.5419   0.5502  30.3812 124.5339
   0.000   0.3036   0.00780   0.00078  -0.0393   0.5121   0.5720  32.1684 126.0676
   1.000   0.4072   0.00785   0.00073  -0.0378   0.4863   0.5893  33.7190 127.3286
   2.000   0.5102   0.00801   0.00066  -0.0365   0.4536   0.5972  35.7151 127.9120
   3.000   0.6070   0.00833   0.00060  -0.0343   0.3962   0.6039  39.3034 128.4222
   4.000   0.6993   0.00896   0.00065  -0.0315   0.3357   0.6108  43.1181 128.9387
   5.000   0.7912   0.00946   0.00070  -0.0288   0.2985   0.6196  45.4221 129.6262
   6.000   0.8746   0.00991   0.00088  -0.0246   0.2698   0.7375  47.1922 139.5442
   7.000   0.9569   0.01069   0.00093  -0.0204   0.2397   0.7461  49.0471 140.2675
   8.000   1.0292   0.01187   0.00102  -0.0149   0.1934   0.7522  52.0249 140.7850
   9.000   1.0825   0.01372   0.00135  -0.0065   0.1359   0.7566  56.0553 141.1543
  10.000   1.1433   0.01527   0.00164  -0.0002   0.1183   0.7604  57.2265 141.4666
  11.000   1.1989   0.01711   0.00193   0.0060   0.1003   0.7641  58.4656 141.7719
  12.000   1.1675   0.02345   0.00454   0.0220   0.0160   0.7664  68.5605 141.9628
  13.000   1.1827   0.02881   0.00710   0.0283   0.0107   0.7688  69.9226 142.1566
  14.000   1.1967   0.03550   0.01085   0.0317   0.0090   0.7711  70.5244 142.3424
  15.000   1.1849   0.04585   0.01760   0.0334   0.0076   0.7727  71.0382 142.4782
