  
       XFOIL         Version 6.99
  
 Calculated polar for: ESA40                                           
  
 1 1 Reynolds number fixed          Mach number fixed         
  
 xtrf =   1.000 (top)        1.000 (bottom)  
 Mach =   0.000     Re =     1.000 e 6     Ncrit =   9.000  9.000
  
   alpha    CL        CD       CDp       CM     Top_Xtr  Bot_Xtr  Top_Itr  Bot_Itr
  ------ -------- --------- --------- -------- -------- -------- -------- --------
  -6.000  -0.7104   0.04164   0.03128   0.0459   0.7829   0.0097  16.8544  90.4828
  -5.000  -0.6130   0.01710   0.01300   0.0500   0.7477   0.0115  19.0880  91.1196
  -4.000  -0.5158   0.01194   0.00814   0.0529   0.6995   0.0130  22.0943  91.6105
  -2.000  -0.3053   0.01120   0.00253   0.0598   0.5723   0.0117  30.0272  91.1834
  -1.000  -0.1904   0.01017   0.00166   0.0599   0.4780   0.0141  35.9061  91.9568
   0.000  -0.0753   0.00882   0.00113   0.0593   0.3730   0.2622  42.4825 112.1839
   1.000   0.0208   0.00683   0.00126   0.0630   0.2799   0.9396  48.3887 154.9677
   2.000   0.1218   0.00728   0.00145   0.0668   0.2251   0.9799  51.8950 157.8707
   4.000   0.3832   0.00829   0.00191   0.0588   0.1739   0.9925  55.2652 159.0388
   5.000   0.5161   0.00884   0.00220   0.0540   0.1582   0.9948  56.3444 159.3418
   6.000   0.6449   0.00946   0.00252   0.0499   0.1452   0.9979  57.2623 159.7325
   7.000   0.7628   0.01018   0.00288   0.0479   0.1340   1.0000  58.0759 160.0000
   8.000   0.8580   0.01078   0.00311   0.0505   0.1238   1.0000  58.8495 160.0000
   9.000   0.9684   0.01153   0.00345   0.0498   0.1140   1.0000  59.6173 160.0000
  10.000   1.0816   0.01253   0.00397   0.0481   0.1048   1.0000  60.3576 160.0000
  11.000   1.1935   0.01365   0.00446   0.0464   0.0923   1.0000  61.4250 160.0000
  12.000   1.3024   0.01520   0.00521   0.0445   0.0763   1.0000  62.9020 160.0000
  13.000   1.4046   0.01759   0.00656   0.0426   0.0546   1.0000  65.1744 160.0000
  14.000   1.4952   0.02107   0.00874   0.0408   0.0400   1.0000  67.0084 160.0000
  15.000   1.5688   0.02570   0.01167   0.0383   0.0314   1.0000  68.3073 160.0000
