  
       XFOIL         Version 6.99
  
 Calculated polar for: ESA40                                           
  
 1 1 Reynolds number fixed          Mach number fixed         
  
 xtrf =   1.000 (top)        1.000 (bottom)  
 Mach =   0.000     Re =     0.500 e 6     Ncrit =   9.000  9.000
  
   alpha    CL        CD       CDp       CM     Top_Xtr  Bot_Xtr  Top_Itr  Bot_Itr
  ------ -------- --------- --------- -------- -------- -------- -------- --------
  -3.000  -0.4071   0.01697   0.00595   0.0558   0.7189   0.0182  20.8885  93.0463
  -2.000  -0.2968   0.01338   0.00337   0.0578   0.6555   0.0183  24.8571  93.0700
  -1.000  -0.1856   0.01145   0.00201   0.0589   0.5745   0.0220  29.8862  93.9213
   0.000  -0.0936   0.00742   0.00148   0.0633   0.4788   0.8976  35.8535 152.2842
   1.000   0.0715   0.00898   0.00244   0.0548   0.3394   0.9900  44.5984 158.7997
   2.000   0.2259   0.00982   0.00266   0.0454   0.2474   0.9989  50.4628 159.8617
   3.000   0.3424   0.01023   0.00271   0.0440   0.2126   1.0000  52.7072 160.0000
   4.000   0.4512   0.01072   0.00288   0.0441   0.1911   1.0000  54.1146 160.0000
   5.000   0.5559   0.01128   0.00314   0.0451   0.1748   1.0000  55.2050 160.0000
   6.000   0.6570   0.01207   0.00356   0.0465   0.1616   1.0000  56.1045 160.0000
   7.000   0.7558   0.01297   0.00404   0.0483   0.1500   1.0000  56.9138 160.0000
   8.000   0.8582   0.01391   0.00465   0.0492   0.1404   1.0000  57.6089 160.0000
   9.000   0.9665   0.01501   0.00521   0.0485   0.1284   1.0000  58.5002 160.0000
  10.000   1.0753   0.01639   0.00596   0.0473   0.1178   1.0000  59.3164 160.0000
  11.000   1.1823   0.01797   0.00679   0.0458   0.1070   1.0000  60.1793 160.0000
  12.000   1.2874   0.01944   0.00745   0.0443   0.0929   1.0000  61.3758 160.0000
  13.000   1.3839   0.02192   0.00867   0.0425   0.0748   1.0000  63.0376 160.0000
  14.000   1.4620   0.02616   0.01130   0.0404   0.0582   1.0000  64.7675 160.0000
  15.000   1.4811   0.03540   0.01795   0.0365   0.0500   1.0000  65.7182 160.0000
