  
       XFOIL         Version 6.99
  
 Calculated polar for: Falcon                                          
  
 1 1 Reynolds number fixed          Mach number fixed         
  
 xtrf =   1.000 (top)        1.000 (bottom)  
 Mach =   0.000     Re =     1.000 e 6     Ncrit =   9.000  9.000
  
   alpha    CL        CD       CDp       CM     Top_Xtr  Bot_Xtr  Top_Itr  Bot_Itr
  ------ -------- --------- --------- -------- -------- -------- -------- --------
  -6.000  -0.4979   0.00995   0.00215  -0.0246   0.9402   0.0405   6.8539  96.3630
  -5.000  -0.3888   0.00909   0.00169  -0.0241   0.8899   0.0690  10.1671  99.3565
  -4.000  -0.2895   0.00859   0.00135  -0.0210   0.8119   0.1043  14.9906 102.0611
  -3.000  -0.1931   0.00828   0.00105  -0.0174   0.7131   0.1531  21.0749 105.2432
  -2.000  -0.1104   0.00692   0.00067  -0.0115   0.6341   0.4483  25.9293 123.7102
  -1.000  -0.0188   0.00631   0.00062  -0.0070   0.5761   0.6366  29.4843 135.2811
   0.000   0.0768   0.00610   0.00070  -0.0029   0.5266   0.7690  32.5290 143.4318
   1.000   0.1788   0.00617   0.00079  -0.0003   0.4775   0.8454  35.5668 148.0871
   2.000   0.2872   0.00636   0.00090   0.0008   0.4274   0.9115  38.6938 152.1514
   3.000   0.4240   0.00674   0.00098  -0.0050   0.3785   0.9473  41.7686 154.5478
   4.000   0.5880   0.00735   0.00121  -0.0172   0.3312   0.9651  44.7670 155.9270
   5.000   0.7307   0.00812   0.00159  -0.0244   0.2882   0.9778  47.5237 157.1307
   6.000   0.8612   0.00900   0.00203  -0.0292   0.2464   0.9955  50.2531 159.2936
   7.000   0.9829   0.01000   0.00239  -0.0325   0.1904   1.0000  54.0075 160.0000
   8.000   1.0673   0.01093   0.00273  -0.0276   0.1559   1.0000  56.4049 160.0000
   9.000   1.1560   0.01211   0.00324  -0.0238   0.1248   1.0000  58.6592 160.0000
  10.000   1.2150   0.01550   0.00509  -0.0157   0.0261   1.0000  68.8207 160.0000
  11.000   1.2809   0.01798   0.00651  -0.0087   0.0156   1.0000  71.2321 160.0000
  12.000   1.3219   0.02086   0.00813   0.0022   0.0129   1.0000  72.0206 160.0000
  13.000   1.3558   0.02420   0.01010   0.0116   0.0117   1.0000  72.4639 160.0000
  14.000   1.3714   0.03057   0.01434   0.0178   0.0106   1.0000  72.8239 160.0000
  15.000   1.3519   0.04340   0.02394   0.0179   0.0100   1.0000  73.0458 160.0000
