  
       XFOIL         Version 6.99
  
 Calculated polar for: Fage & Collins 3                                
  
 1 1 Reynolds number fixed          Mach number fixed         
  
 xtrf =   1.000 (top)        1.000 (bottom)  
 Mach =   0.000     Re =     1.000 e 6     Ncrit =   9.000  9.000
  
   alpha    CL        CD       CDp       CM     Top_Xtr  Bot_Xtr  Top_Itr  Bot_Itr
  ------ -------- --------- --------- -------- -------- -------- -------- --------
  -6.000  -0.0170   0.02028   0.02327  -0.1128   0.8872   0.0145  10.7612  90.6900
  -3.000   0.1682   0.00539   0.00478  -0.0871   0.7973   0.0290  17.0109  93.2789
  -2.000   0.2497   0.00528   0.00258  -0.0802   0.7124   0.0349  22.7791  93.9977
   0.000   0.3987   0.00997   0.00100  -0.0647   0.4421   0.0359  40.8548  94.0999
   1.000   0.4808   0.00963   0.00037  -0.0584   0.3859   0.0355  44.5782  94.0595
   2.000   0.5662   0.00958   0.00006  -0.0528   0.3493   0.0360  47.0158  94.1067
   3.000   0.6519   0.00969  -0.00014  -0.0474   0.3254   0.0376  48.6166  94.2590
   4.000   0.9812   0.00917   0.00117  -0.0997   0.2928   1.0000  50.8086 160.0000
   5.000   1.0707   0.00970   0.00134  -0.0957   0.2720   1.0000  52.2094 160.0000
   6.000   1.1571   0.01036   0.00149  -0.0913   0.2451   1.0000  54.0149 160.0000
   7.000   1.2123   0.01289   0.00246  -0.0813   0.0959   1.0000  64.9682 160.0000
   8.000   1.2572   0.01564   0.00377  -0.0692   0.0124   1.0000  73.5050 160.0000
   9.000   1.3031   0.01774   0.00466  -0.0576   0.0090   1.0000  74.2990 160.0000
  10.000   1.3408   0.02044   0.00597  -0.0459   0.0073   1.0000  74.8457 160.0000
  11.000   1.3515   0.02502   0.00854  -0.0325   0.0063   1.0000  75.2077 160.0000
  12.000   1.3625   0.03070   0.01220  -0.0228   0.0055   1.0000  75.5726 160.0000
  13.000   1.3544   0.03961   0.01860  -0.0161   0.0050   1.0000  75.7883 160.0000
  14.000   1.3162   0.05471   0.03049  -0.0145   0.0048   1.0000  75.9248 160.0000
  15.000   1.2844   0.07065   0.04327  -0.0150   0.0045   1.0000  76.0409 160.0000
