  
       XFOIL         Version 6.99
  
 Calculated polar for: WORTMANN FX 049-915 AIRFOIL                     
  
 1 1 Reynolds number fixed          Mach number fixed         
  
 xtrf =   1.000 (top)        1.000 (bottom)  
 Mach =   0.000     Re =     1.000 e 6     Ncrit =   9.000  9.000
  
   alpha    CL        CD       CDp       CM     Top_Xtr  Bot_Xtr  Top_Itr  Bot_Itr
  ------ -------- --------- --------- -------- -------- -------- -------- --------
  -6.000  -0.1982   0.01271   0.00331  -0.0636   0.4686   0.0170  34.3716  94.9500
  -5.000  -0.0969   0.01147   0.00239  -0.0611   0.4652   0.0228  34.5880  95.9854
  -4.000   0.0114   0.01121   0.00244  -0.0598   0.4616   0.0447  34.8107  97.9352
  -3.000   0.1242   0.01173   0.00296  -0.0595   0.4580   0.0544  35.0404  98.7855
  -2.000   0.2319   0.01133   0.00278  -0.0585   0.4556   0.0616  35.1930  99.3429
  -1.000   0.3385   0.01091   0.00244  -0.0572   0.4530   0.0662  35.3640  99.6792
   0.000   0.4461   0.01070   0.00218  -0.0562   0.4503   0.0706  35.5382  99.9992
   1.000   0.5523   0.01040   0.00200  -0.0551   0.4474   0.0784  35.7256 100.7617
   2.000   0.6601   0.01058   0.00206  -0.0545   0.4441   0.0862  35.9365 101.5881
   3.000   0.8673   0.00898   0.00257  -0.0765   0.4417   0.9937  36.0968 159.2097
   4.000   1.0074   0.00925   0.00277  -0.0834   0.4392   1.0000  36.2595 160.0000
   5.000   1.1048   0.00961   0.00303  -0.0812   0.4363   1.0000  36.4547 160.0000
   6.000   1.2040   0.00995   0.00318  -0.0794   0.4330   1.0000  36.6714 160.0000
   7.000   1.3029   0.01023   0.00306  -0.0776   0.4265   1.0000  37.1084 160.0000
   8.000   1.4020   0.00991   0.00243  -0.0758   0.4158   1.0000  37.8309 160.0000
   9.000   1.4987   0.00989   0.00192  -0.0738   0.3986   1.0000  39.0187 160.0000
  10.000   1.5661   0.01159   0.00213  -0.0674   0.3006   1.0000  46.2572 160.0000
  11.000   1.4925   0.01902   0.00555  -0.0415   0.1561   1.0000  56.0812 160.0000
  12.000   1.3901   0.03905   0.01876  -0.0385   0.1161   1.0000  59.5738 160.0000
  13.000   1.3172   0.05562   0.03078  -0.0353   0.0750   1.0000  64.9052 160.0000
  14.000   1.2784   0.07060   0.04225  -0.0344   0.0194   1.0000  72.2051 160.0000
  15.000   1.2863   0.08106   0.05006  -0.0344   0.0136   1.0000  73.3513 160.0000
