  
       XFOIL         Version 6.99
  
 Calculated polar for: WORTMANN FX 057-816                             
  
 1 1 Reynolds number fixed          Mach number fixed         
  
 xtrf =   1.000 (top)        1.000 (bottom)  
 Mach =   0.000     Re =     1.000 e 6     Ncrit =   9.000  9.000
  
   alpha    CL        CD       CDp       CM     Top_Xtr  Bot_Xtr  Top_Itr  Bot_Itr
  ------ -------- --------- --------- -------- -------- -------- -------- --------
  -6.000  -0.2289   0.01269   0.00391  -0.0671   0.5704   0.0441  28.8880  97.4368
  -5.000  -0.1126   0.01331   0.00445  -0.0682   0.5682   0.0507  29.0450  97.9292
  -4.000  -0.0017   0.01246   0.00405  -0.0686   0.5664   0.0572  29.1759  98.3774
  -3.000   0.1124   0.01223   0.00389  -0.0695   0.5641   0.0647  29.3396  98.8901
  -2.000   0.2257   0.01180   0.00357  -0.0704   0.5620   0.0667  29.4952  99.0364
  -1.000   0.3385   0.01113   0.00323  -0.0714   0.5600   0.0699  29.6404  99.3187
   0.000   0.4539   0.01089   0.00305  -0.0728   0.5578   0.0765  29.7943  99.9065
   1.000   0.5690   0.01101   0.00310  -0.0743   0.5555   0.0892  29.9638 101.1969
   2.000   0.6807   0.00954   0.00362  -0.0764   0.5536   0.8087  30.0974 146.7171
   3.000   0.7940   0.00989   0.00402  -0.0771   0.5502   0.8391  30.3449 148.6387
   4.000   0.9081   0.00991   0.00395  -0.0780   0.5458   0.8580  30.6673 149.8327
   5.000   1.0245   0.01003   0.00371  -0.0798   0.5413   0.8650  31.0008 150.2804
   6.000   1.1387   0.00980   0.00347  -0.0813   0.5352   0.8726  31.4506 150.7647
   7.000   1.2566   0.00955   0.00285  -0.0837   0.5277   0.8755  32.0020 150.9494
   8.000   1.3711   0.00892   0.00200  -0.0854   0.5046   0.8792  33.7046 151.1830
   9.000   1.3988   0.01350   0.00350  -0.0750   0.2945   0.8865  48.1060 151.6537
  10.000   1.3097   0.02440   0.00901  -0.0566   0.2462   0.9045  51.2898 152.8146
  11.000   1.2499   0.03455   0.01478  -0.0446   0.1875   0.9354  55.0097 154.8271
  13.000   1.2670   0.05179   0.02587  -0.0397   0.0532   1.0000  67.3279 160.0000
  14.000   1.2828   0.06063   0.03189  -0.0382   0.0167   1.0000  72.0157 160.0000
  15.000   1.3150   0.06848   0.03728  -0.0381   0.0130   1.0000  72.9310 160.0000
