  
       XFOIL         Version 6.99
  
 Calculated polar for: WORTMANN FX 05-H-126 AIRFOIL                    
  
 1 1 Reynolds number fixed          Mach number fixed         
  
 xtrf =   1.000 (top)        1.000 (bottom)  
 Mach =   0.000     Re =     0.500 e 6     Ncrit =   9.000  9.000
  
   alpha    CL        CD       CDp       CM     Top_Xtr  Bot_Xtr  Top_Itr  Bot_Itr
  ------ -------- --------- --------- -------- -------- -------- -------- --------
  -6.000  -0.3676   0.04631   0.03687  -0.0240   0.5987   0.0265  29.1979  94.0966
  -5.000  -0.2909   0.03764   0.02899  -0.0240   0.5949   0.0306  29.4523  94.6398
  -4.000  -0.2030   0.02832   0.01924  -0.0219   0.5910   0.0388  29.7120  95.6437
  -3.000  -0.1033   0.01930   0.00951  -0.0181   0.5878   0.0347  29.9224  95.1670
  -2.000   0.0071   0.01511   0.00568  -0.0168   0.5844   0.0300  30.1481  94.5550
  -1.000   0.1160   0.01371   0.00461  -0.0161   0.5800   0.0329  30.4409  94.9459
   0.000   0.2254   0.01295   0.00418  -0.0156   0.5759   0.0430  30.7182  96.1255
   1.000   0.4306   0.01028   0.00418  -0.0360   0.5704   1.0000  31.0872 160.0000
   2.000   0.5360   0.01067   0.00460  -0.0354   0.5646   1.0000  31.4775 160.0000
   3.000   0.6413   0.01097   0.00472  -0.0345   0.5595   1.0000  31.8183 160.0000
   4.000   0.7477   0.01154   0.00510  -0.0342   0.5532   1.0000  32.2427 160.0000
   5.000   0.8547   0.01148   0.00487  -0.0335   0.5449   1.0000  32.8148 160.0000
   6.000   0.9630   0.01079   0.00389  -0.0327   0.5306   1.0000  33.8026 160.0000
   7.000   1.0723   0.01013   0.00288  -0.0324   0.5117   1.0000  35.1427 160.0000
   8.000   1.1817   0.00994   0.00231  -0.0327   0.4789   1.0000  37.5323 160.0000
   9.000   1.2698   0.01308   0.00301  -0.0333   0.3069   1.0000  49.6612 160.0000
  10.000   1.2417   0.02509   0.00974  -0.0300   0.1499   1.0000  60.7270 160.0000
  11.000   1.2295   0.03424   0.01557  -0.0251   0.0833   1.0000  65.8244 160.0000
  12.000   1.2552   0.04092   0.02000  -0.0226   0.0648   1.0000  67.3373 160.0000
  13.000   1.2860   0.04776   0.02453  -0.0211   0.0467   1.0000  68.9108 160.0000
  14.000   1.2976   0.05697   0.03084  -0.0197   0.0165   1.0000  73.4478 160.0000
  15.000   1.3064   0.06725   0.03855  -0.0191   0.0122   1.0000  74.5265 160.0000
