  
       XFOIL         Version 6.99
  
 Calculated polar for: WORTMANN FX 057-816                             
  
 1 1 Reynolds number fixed          Mach number fixed         
  
 xtrf =   1.000 (top)        1.000 (bottom)  
 Mach =   0.000     Re =     0.500 e 6     Ncrit =   9.000  9.000
  
   alpha    CL        CD       CDp       CM     Top_Xtr  Bot_Xtr  Top_Itr  Bot_Itr
  ------ -------- --------- --------- -------- -------- -------- -------- --------
  -6.000  -0.2206   0.01986   0.00955  -0.0692   0.5912   0.0479  27.4214  97.7154
  -5.000  -0.1127   0.01961   0.00963  -0.0694   0.5882   0.0587  27.6313  98.4761
  -4.000  -0.0030   0.01908   0.00882  -0.0696   0.5859   0.0669  27.7911  99.0544
  -3.000   0.1052   0.01793   0.00799  -0.0698   0.5838   0.0759  27.9341  99.8559
  -2.000   0.2104   0.01742   0.00794  -0.0698   0.5805   0.0807  28.1740 100.3249
  -1.000   0.3164   0.01755   0.00836  -0.0701   0.5767   0.0845  28.4387 100.7097
   0.000   0.4250   0.01762   0.00861  -0.0708   0.5737   0.0938  28.6567 101.6784
   1.000   0.5342   0.01647   0.00867  -0.0726   0.5714   0.5125  28.8205 128.6076
   2.000   0.6299   0.01730   0.00995  -0.0692   0.5694   0.8526  28.9621 149.4921
   3.000   0.7033   0.02030   0.01288  -0.0646   0.5612   0.8849  29.5528 151.5480
   4.000   0.8053   0.02048   0.01274  -0.0630   0.5581   0.9043  29.7734 152.8006
   5.000   0.9201   0.01954   0.01142  -0.0630   0.5558   0.9175  29.9405 153.6614
   6.000   1.0197   0.02033   0.01185  -0.0635   0.5460   0.9236  30.6579 154.0591
   7.000   1.1552   0.01808   0.00955  -0.0672   0.5429   0.9271  30.8793 154.2853
   8.000   1.2714   0.01681   0.00803  -0.0689   0.5329   0.9323  31.6207 154.6272
   9.000   1.4028   0.01346   0.00443  -0.0719   0.5105   0.9375  33.2709 154.9664
  10.000   1.4289   0.01483   0.00306  -0.0599   0.3783   0.9615  42.4922 156.5677
  11.000   1.2935   0.03252   0.01285  -0.0478   0.2923   1.0000  48.2549 160.0000
  12.000   1.2622   0.04334   0.01973  -0.0419   0.2192   1.0000  52.9349 160.0000
  13.000   1.2418   0.05481   0.02760  -0.0385   0.1090   1.0000  61.1940 160.0000
  14.000   1.2566   0.06391   0.03382  -0.0373   0.0471   1.0000  68.0708 160.0000
  15.000   1.2692   0.07418   0.04142  -0.0370   0.0214   1.0000  71.2964 160.0000
