  
       XFOIL         Version 6.99
  
 Calculated polar for: WORTMANN FX 05-188 AIRFOIL                      
  
 1 1 Reynolds number fixed          Mach number fixed         
  
 xtrf =   1.000 (top)        1.000 (bottom)  
 Mach =   0.000     Re =     1.000 e 6     Ncrit =   9.000  9.000
  
   alpha    CL        CD       CDp       CM     Top_Xtr  Bot_Xtr  Top_Itr  Bot_Itr
  ------ -------- --------- --------- -------- -------- -------- -------- --------
  -6.000  -0.1812   0.01197   0.00214  -0.1056   0.7236   0.0243  19.2209  93.7606
  -5.000  -0.0869   0.01089   0.00179  -0.1046   0.7157   0.0289  19.7009  94.7170
  -4.000   0.0089   0.00794   0.00103  -0.1064   0.7079   0.3642  20.1652 118.7002
  -3.000   0.1304   0.00675   0.00095  -0.1106   0.6998   0.5779  20.6405 131.3662
  -2.000   0.2512   0.00688   0.00122  -0.1132   0.6911   0.6333  21.1510 134.8758
  -1.000   0.3703   0.00702   0.00137  -0.1153   0.6817   0.6533  21.7060 136.1762
   0.000   0.4883   0.00718   0.00140  -0.1172   0.6690   0.6662  22.4655 136.9994
   1.000   0.6045   0.00731   0.00148  -0.1187   0.6564   0.6784  23.2368 137.7633
   2.000   0.7202   0.00738   0.00147  -0.1203   0.6421   0.6879  24.1436 138.3475
   3.000   0.8335   0.00750   0.00138  -0.1213   0.6195   0.6964  25.6065 138.8688
   4.000   0.9430   0.00772   0.00133  -0.1217   0.5905   0.7035  27.4640 139.2932
   5.000   1.0437   0.00826   0.00135  -0.1204   0.5441   0.7106  30.3209 139.7183
   6.000   1.1363   0.00908   0.00142  -0.1178   0.4849   0.7160  33.9170 140.0364
   7.000   1.1788   0.01094   0.00188  -0.1058   0.3659   0.7228  41.2536 140.4398
   8.000   1.1610   0.01528   0.00344  -0.0860   0.2025   0.7292  51.5337 140.8237
   9.000   1.1612   0.02076   0.00610  -0.0733   0.0896   0.7356  59.4328 141.2012
  10.000   1.1968   0.02524   0.00845  -0.0667   0.0499   0.7417  63.1773 141.5657
  11.000   1.2308   0.03045   0.01140  -0.0611   0.0277   0.7463  66.7344 141.8373
  12.000   1.2748   0.03552   0.01445  -0.0575   0.0246   0.7512  67.4009 142.1293
  13.000   1.3059   0.04221   0.01881  -0.0539   0.0220   0.7564  67.9802 142.4479
  14.000   1.3437   0.04893   0.02331  -0.0519   0.0209   0.7623  68.2762 142.8020
  15.000   1.3736   0.05706   0.02904  -0.0507   0.0196   0.7689  68.6061 143.2068
