  
       XFOIL         Version 6.99
  
 Calculated polar for: WORTMANN FX 08-S-176 AIRFOIL                    
  
 1 1 Reynolds number fixed          Mach number fixed         
  
 xtrf =   1.000 (top)        1.000 (bottom)  
 Mach =   0.000     Re =     1.000 e 6     Ncrit =   9.000  9.000
  
   alpha    CL        CD       CDp       CM     Top_Xtr  Bot_Xtr  Top_Itr  Bot_Itr
  ------ -------- --------- --------- -------- -------- -------- -------- --------
  -6.000  -0.1017   0.01519   0.00522  -0.0885   0.5618   0.0173  31.8116  91.1622
  -5.000   0.0022   0.01387   0.00418  -0.0880   0.5582   0.0206  32.0639  91.7191
  -4.000   0.1049   0.01218   0.00295  -0.0870   0.5551   0.0233  32.2751  92.1415
  -3.000   0.2103   0.01108   0.00226  -0.0866   0.5516   0.0269  32.5181  92.6384
  -2.000   0.3209   0.01049   0.00189  -0.0872   0.5480   0.0346  32.7660  93.5601
  -1.000   0.4313   0.00988   0.00183  -0.0883   0.5435   0.1815  33.0811 104.0730
   0.000   0.5390   0.00807   0.00216  -0.0895   0.5388   0.8301  33.4170 147.0693
   1.000   0.6469   0.00858   0.00258  -0.0886   0.5334   0.8629  33.7972 149.2907
   2.000   0.7576   0.00897   0.00280  -0.0892   0.5288   0.8761  34.1244 150.1848
   3.000   0.8683   0.00913   0.00284  -0.0900   0.5234   0.8861  34.5081 150.8635
   4.000   0.9811   0.00921   0.00273  -0.0916   0.5180   0.8917  34.8992 151.2522
   5.000   1.0927   0.00935   0.00269  -0.0932   0.5118   0.8967  35.3496 151.6010
   6.000   1.2052   0.00934   0.00231  -0.0951   0.5004   0.9018  36.1870 151.9581
   7.000   1.3082   0.00930   0.00177  -0.0952   0.4664   0.9063  38.6920 152.2825
   8.000   1.3357   0.01236   0.00245  -0.0827   0.3231   0.9146  48.8808 152.8793
   9.000   1.2415   0.02053   0.00582  -0.0576   0.2120   0.9281  56.9350 153.8741
  10.000   1.1327   0.03552   0.01488  -0.0436   0.1084   0.9402  64.8224 154.7620
  11.000   1.0905   0.04778   0.02319  -0.0374   0.0091   0.9495  76.0504 155.4389
  12.000   1.1212   0.05511   0.02802  -0.0363   0.0069   0.9643  76.7056 156.5301
  14.000   1.1664   0.07494   0.04277  -0.0387   0.0053   1.0000  77.2951 160.0000
  15.000   1.1767   0.08713   0.05268  -0.0408   0.0048   1.0000  77.5111 160.0000
