  
       XFOIL         Version 6.99
  
 Calculated polar for: WORTMANN FX 2 AIRFOIL                           
  
 1 1 Reynolds number fixed          Mach number fixed         
  
 xtrf =   1.000 (top)        1.000 (bottom)  
 Mach =   0.000     Re =     0.500 e 6     Ncrit =   9.000  9.000
  
   alpha    CL        CD       CDp       CM     Top_Xtr  Bot_Xtr  Top_Itr  Bot_Itr
  ------ -------- --------- --------- -------- -------- -------- -------- --------
  -6.000  -0.5452   0.02894   0.01455  -0.0555   0.8009   0.0719  15.3879  99.4591
  -5.000  -0.4468   0.02768   0.01364  -0.0562   0.7949   0.0909  15.7863 100.7701
  -4.000  -0.3780   0.02377   0.01201  -0.0549   0.7835   0.5249  16.5706 127.9913
  -3.000  -0.2548   0.02412   0.01255  -0.0578   0.7795   0.6338  16.8428 134.9711
  -2.000  -0.1660   0.02571   0.01367  -0.0549   0.7676   0.6631  17.7015 137.0177
  -1.000  -0.0360   0.02646   0.01395  -0.0587   0.7648   0.6779  17.8992 138.0120
   0.000   0.0505   0.02727   0.01432  -0.0556   0.7526   0.6865  18.8036 138.5694
   1.000   0.1831   0.02682   0.01326  -0.0610   0.7506   0.6947  18.9520 139.0981
   3.000   0.3759   0.02677   0.01176  -0.0595   0.7264   0.7093  20.7665 140.0311
   4.000   0.5097   0.02545   0.01015  -0.0642   0.7239   0.7152  20.9472 140.4126
   7.000   0.8329   0.02164   0.00421  -0.0653   0.6702   0.7353  24.7372 141.7074
   8.000   0.9723   0.01919   0.00116  -0.0702   0.6019   0.7411  29.1332 142.0798
   9.000   0.9755   0.02306   0.00176  -0.0550   0.4474   0.7459  38.7302 142.3877
  10.000   0.9692   0.02878   0.00409  -0.0409   0.2698   0.7500  49.7312 142.6560
  11.000   0.9898   0.03410   0.00658  -0.0323   0.1210   0.7533  59.4432 142.8676
  12.000   1.0358   0.03839   0.00868  -0.0275   0.0720   0.7564  63.0702 143.0633
  13.000   1.0778   0.04326   0.01120  -0.0230   0.0299   0.7603  67.7216 143.3143
  14.000   1.1117   0.04941   0.01503  -0.0186   0.0214   0.7635  69.1121 143.5154
  15.000   1.1411   0.05652   0.01989  -0.0152   0.0181   0.7669  69.7893 143.7286
