  
       XFOIL         Version 6.99
  
 Calculated polar for: FX 38-153 AIRFOIL                               
  
 1 1 Reynolds number fixed          Mach number fixed         
  
 xtrf =   1.000 (top)        1.000 (bottom)  
 Mach =   0.000     Re =     1.000 e 6     Ncrit =   9.000  9.000
  
   alpha    CL        CD       CDp       CM     Top_Xtr  Bot_Xtr  Top_Itr  Bot_Itr
  ------ -------- --------- --------- -------- -------- -------- -------- --------
  -6.000  -0.1249   0.01219   0.00167  -0.1176   0.9223   0.0090   6.9391  87.0129
  -5.000  -0.0854   0.01150   0.00203  -0.1045   0.9099   0.0095   7.7680  87.2453
  -4.000   0.0059   0.01066   0.00191  -0.1016   0.8998   0.0140   8.4396  88.8438
  -3.000   0.1307   0.00964   0.00152  -0.1056   0.8924   0.0265   8.9272  91.9693
  -2.000   0.2252   0.00793   0.00095  -0.1038   0.8752   0.2427  10.0883 109.3648
  -1.000   0.3361   0.00555   0.00075  -0.1067   0.8544   0.7301  11.5158 140.5735
   0.000   0.4428   0.00568   0.00078  -0.1057   0.8204   0.7604  13.8190 142.5558
   1.000   0.5333   0.00611   0.00076  -0.1012   0.7489   0.7747  18.5739 143.4843
   2.000   0.5617   0.00760   0.00093  -0.0837   0.5918   0.7893  28.6453 144.4241
   3.000   0.6143   0.00956   0.00126  -0.0730   0.3995   0.7986  40.7804 145.0241
   4.000   0.6871   0.01118   0.00165  -0.0671   0.2406   0.8035  51.0141 145.3380
   5.000   0.7700   0.01269   0.00203  -0.0634   0.1365   0.8084  58.0139 145.6518
   6.000   0.8567   0.01416   0.00242  -0.0607   0.0682   0.8129  63.1593 145.9425
   7.000   0.9407   0.01564   0.00295  -0.0575   0.0302   0.8171  67.3327 146.2109
   8.000   1.0274   0.01690   0.00333  -0.0549   0.0249   0.8208  68.1780 146.4463
   9.000   1.1069   0.01868   0.00398  -0.0515   0.0154   0.8249  70.2600 146.7016
  10.000   1.1825   0.02077   0.00486  -0.0479   0.0137   0.8288  70.7679 146.9536
  11.000   1.2512   0.02323   0.00610  -0.0437   0.0126   0.8326  71.1144 147.1988
  12.000   1.3089   0.02641   0.00791  -0.0385   0.0114   0.8364  71.5184 147.4471
  13.000   1.3474   0.03122   0.01086  -0.0322   0.0099   0.8406  72.0168 147.7196
  14.000   1.4092   0.03456   0.01270  -0.0295   0.0081   0.8445  72.7086 147.9741
  15.000   1.4664   0.03838   0.01459  -0.0271   0.0035   0.8489  75.0835 148.2630
