  
       XFOIL         Version 6.99
  
 Calculated polar for: FX 38-153 AIRFOIL                               
  
 1 1 Reynolds number fixed          Mach number fixed         
  
 xtrf =   1.000 (top)        1.000 (bottom)  
 Mach =   0.000     Re =     0.500 e 6     Ncrit =   9.000  9.000
  
   alpha    CL        CD       CDp       CM     Top_Xtr  Bot_Xtr  Top_Itr  Bot_Itr
  ------ -------- --------- --------- -------- -------- -------- -------- --------
  -6.000  -0.3965   0.02166   0.00760  -0.0623   0.9085   0.0125   7.8604  88.3746
  -5.000  -0.3278   0.01989   0.00660  -0.0555   0.8955   0.0141   8.7231  88.8784
  -4.000  -0.2395   0.01784   0.00560  -0.0527   0.8840   0.0155   9.4916  89.3033
  -3.000  -0.1108   0.01591   0.00484  -0.0575   0.8788   0.0655   9.8429  96.8302
  -2.000   0.0406   0.01179   0.00442  -0.0698   0.8752   0.7026  10.0871 138.7470
   0.000   0.2755   0.01175   0.00482  -0.0691   0.8521   0.7906  11.6697 144.5094
   1.000   0.3885   0.01140   0.00448  -0.0670   0.8357   0.8075  12.7906 145.5926
   2.000   0.4916   0.01062   0.00348  -0.0652   0.7930   0.8175  15.6642 146.2308
   3.000   0.6019   0.01046   0.00279  -0.0652   0.7135   0.8243  20.8733 146.6630
   4.000   0.6588   0.01168   0.00238  -0.0557   0.5459   0.8324  31.5504 147.1874
   5.000   0.7122   0.01341   0.00251  -0.0464   0.3960   0.8388  41.0037 147.6035
   6.000   0.7955   0.01507   0.00277  -0.0440   0.2693   0.8454  49.1203 148.0330
   7.000   0.8691   0.01676   0.00320  -0.0394   0.1721   0.8499  55.5469 148.3324
   8.000   0.9514   0.01842   0.00364  -0.0368   0.1156   0.8552  59.4722 148.6885
   9.000   1.0358   0.02042   0.00429  -0.0353   0.0695   0.8597  63.0407 148.9890
  10.000   1.0988   0.02312   0.00549  -0.0303   0.0322   0.8640  67.0304 149.2746
  11.000   1.1622   0.02611   0.00699  -0.0259   0.0239   0.8688  68.3519 149.5924
  12.000   1.2239   0.02959   0.00888  -0.0226   0.0195   0.8733  69.2055 149.8932
  13.000   1.2751   0.03374   0.01136  -0.0187   0.0170   0.8775  69.8133 150.1793
  14.000   1.3091   0.03951   0.01519  -0.0143   0.0155   0.8824  70.2149 150.5087
  15.000   1.3313   0.04750   0.02097  -0.0117   0.0138   0.8872  70.7339 150.8262
