  
       XFOIL         Version 6.99
  
 Calculated polar for: FX60-100 10.0% smoothed                         
  
 1 1 Reynolds number fixed          Mach number fixed         
  
 xtrf =   1.000 (top)        1.000 (bottom)  
 Mach =   0.000     Re =     1.000 e 6     Ncrit =   9.000  9.000
  
   alpha    CL        CD       CDp       CM     Top_Xtr  Bot_Xtr  Top_Itr  Bot_Itr
  ------ -------- --------- --------- -------- -------- -------- -------- --------
  -6.000  -0.1659   0.01294   0.00509  -0.1170   0.9338   0.0094   6.2613  87.7761
  -5.000  -0.0566   0.00955   0.00243  -0.1171   0.9078   0.0112   8.0525  88.2746
  -4.000   0.0565   0.00821   0.00134  -0.1173   0.8801   0.0139   9.9600  88.9597
  -3.000   0.1718   0.00695   0.00046  -0.1178   0.8496   0.0456  12.0680  92.9144
  -2.000   0.2868   0.00552   0.00019  -0.1192   0.8143   0.3850  14.5146 116.8889
  -1.000   0.4000   0.00548   0.00020  -0.1190   0.7717   0.4521  17.4636 121.4349
   0.000   0.5122   0.00561   0.00023  -0.1186   0.7181   0.4982  21.1667 124.5574
   1.000   0.6232   0.00589   0.00030  -0.1181   0.6497   0.5431  25.8975 127.6022
   2.000   0.7317   0.00644   0.00046  -0.1173   0.5517   0.5940  32.6430 131.0633
   3.000   0.8394   0.00710   0.00073  -0.1165   0.4567   0.6565  39.1825 135.3420
   4.000   0.9450   0.00791   0.00111  -0.1155   0.3541   0.7493  46.2624 141.7265
   5.000   1.0406   0.00887   0.00164  -0.1126   0.2321   1.0000  54.7854 160.0000
   6.000   1.1396   0.01069   0.00243  -0.1108   0.1230   1.0000  62.6348 160.0000
   7.000   1.2389   0.01226   0.00321  -0.1091   0.0785   1.0000  66.0293 160.0000
   8.000   1.3366   0.01376   0.00397  -0.1071   0.0548   1.0000  68.0000 160.0000
   9.000   1.4320   0.01525   0.00471  -0.1048   0.0398   1.0000  69.4459 160.0000
  10.000   1.5158   0.01757   0.00593  -0.1011   0.0180   1.0000  72.3185 160.0000
  11.000   1.5812   0.02103   0.00792  -0.0945   0.0071   1.0000  75.1003 160.0000
  12.000   1.6175   0.02497   0.01027  -0.0839   0.0051   1.0000  75.9607 160.0000
  13.000   1.6439   0.02992   0.01352  -0.0744   0.0045   1.0000  76.2561 160.0000
  14.000   1.6545   0.03731   0.01882  -0.0671   0.0041   1.0000  76.5087 160.0000
  15.000   1.6455   0.04865   0.02759  -0.0637   0.0038   1.0000  76.6883 160.0000
