  
       XFOIL         Version 6.99
  
 Calculated polar for: FX 60-160 AIRFOIL                               
  
 1 1 Reynolds number fixed          Mach number fixed         
  
 xtrf =   1.000 (top)        1.000 (bottom)  
 Mach =   0.000     Re =     0.500 e 6     Ncrit =   9.000  9.000
  
   alpha    CL        CD       CDp       CM     Top_Xtr  Bot_Xtr  Top_Itr  Bot_Itr
  ------ -------- --------- --------- -------- -------- -------- -------- --------
  -6.000  -0.1540   0.01364   0.00406  -0.1162   0.8223   0.0466  13.9718  96.6299
  -5.000  -0.0607   0.01205   0.00292  -0.1141   0.7953   0.0533  15.6954  97.2817
  -4.000   0.0406   0.01094   0.00207  -0.1133   0.7738   0.0665  17.0444  98.3948
  -3.000   0.1321   0.00836   0.00119  -0.1119   0.7536   0.4439  18.3029 122.8950
  -2.000   0.2390   0.00824   0.00158  -0.1112   0.7341   0.6055  19.5176 133.2550
  -1.000   0.3504   0.00864   0.00190  -0.1111   0.7157   0.6435  20.6762 135.7141
   0.000   0.4612   0.00902   0.00218  -0.1108   0.6974   0.6687  21.8316 137.3421
   1.000   0.5718   0.00928   0.00224  -0.1108   0.6787   0.6852  23.0253 138.4037
   2.000   0.6793   0.00943   0.00225  -0.1103   0.6582   0.6996  24.3338 139.3274
   3.000   0.7849   0.00959   0.00210  -0.1094   0.6330   0.7125  25.9588 140.1558
   4.000   0.8808   0.00972   0.00182  -0.1064   0.5916   0.7240  28.6393 140.8873
   5.000   0.9704   0.01008   0.00161  -0.1024   0.5415   0.7345  31.8954 141.5637
   6.000   1.0346   0.01099   0.00141  -0.0935   0.4519   0.7456  37.7218 142.2751
   7.000   1.0538   0.01349   0.00170  -0.0770   0.2926   0.7578  48.0839 143.0526
   8.000   1.0282   0.01897   0.00396  -0.0565   0.0701   0.7708  63.7886 143.8866
   9.000   1.0646   0.02245   0.00574  -0.0474   0.0558   0.7845  65.0131 144.7751
  10.000   1.1109   0.02588   0.00766  -0.0410   0.0505   0.8010  65.5331 145.8478
  11.000   1.1356   0.03125   0.01099  -0.0340   0.0456   0.8248  66.0255 147.4271
  12.000   1.2033   0.03596   0.01470  -0.0351   0.0418   1.0000  66.4459 160.0000
  13.000   1.2371   0.04240   0.01894  -0.0322   0.0378   1.0000  66.8941 160.0000
  14.000   1.2773   0.04867   0.02323  -0.0304   0.0340   1.0000  67.3770 160.0000
  15.000   1.3124   0.05593   0.02818  -0.0297   0.0285   1.0000  68.1306 160.0000
