  
       XFOIL         Version 6.99
  
 Calculated polar for: FX 60-100 AIRFOIL                               
  
 1 1 Reynolds number fixed          Mach number fixed         
  
 xtrf =   1.000 (top)        1.000 (bottom)  
 Mach =   0.000     Re =     1.000 e 6     Ncrit =   9.000  9.000
  
   alpha    CL        CD       CDp       CM     Top_Xtr  Bot_Xtr  Top_Itr  Bot_Itr
  ------ -------- --------- --------- -------- -------- -------- -------- --------
  -5.000  -0.0575   0.01034   0.00256  -0.1165   0.8995   0.0093   8.7438  86.9496
  -4.000   0.0568   0.00805   0.00103  -0.1173   0.8727   0.0110  10.6113  87.3735
  -3.000   0.1715   0.00723   0.00044  -0.1174   0.8423   0.0136  12.7231  87.9914
  -2.000   0.2869   0.00568   0.00005  -0.1188   0.8004   0.3365  15.6405 113.1271
  -1.000   0.4003   0.00556   0.00008  -0.1187   0.7555   0.4351  18.7677 119.9494
   0.000   0.5108   0.00583   0.00011  -0.1181   0.6696   0.4813  24.7548 123.1328
   1.000   0.6208   0.00626   0.00027  -0.1175   0.5822   0.5341  30.8224 126.7684
   2.000   0.7304   0.00679   0.00049  -0.1170   0.4998   0.5856  36.5227 130.3242
   3.000   0.8385   0.00750   0.00076  -0.1163   0.4081   0.6344  42.8786 133.6975
   4.000   0.9430   0.00857   0.00120  -0.1153   0.2881   0.6993  51.2460 138.1885
   5.000   1.0367   0.00960   0.00187  -0.1121   0.1636   1.0000  60.0616 160.0000
   6.000   1.1384   0.01108   0.00252  -0.1107   0.0953   1.0000  65.2374 160.0000
   7.000   1.2379   0.01263   0.00326  -0.1090   0.0563   1.0000  68.4987 160.0000
   8.000   1.3355   0.01417   0.00402  -0.1070   0.0352   1.0000  70.4484 160.0000
   9.000   1.4275   0.01601   0.00484  -0.1043   0.0187   1.0000  72.4660 160.0000
  10.000   1.5012   0.01940   0.00652  -0.0989   0.0033   1.0000  76.8886 160.0000
  11.000   1.5643   0.02277   0.00826  -0.0920   0.0027   1.0000  77.3053 160.0000
  12.000   1.5936   0.02712   0.01087  -0.0809   0.0024   1.0000  77.5233 160.0000
  13.000   1.6052   0.03374   0.01549  -0.0715   0.0022   1.0000  77.7184 160.0000
  14.000   1.5902   0.04476   0.02390  -0.0656   0.0020   1.0000  77.8357 160.0000
  15.000   1.5521   0.06232   0.03848  -0.0671   0.0020   1.0000  77.8737 160.0000
