  
       XFOIL         Version 6.99
  
 Calculated polar for: WORTMANN FX 60-126 AIRFOIL                      
  
 1 1 Reynolds number fixed          Mach number fixed         
  
 xtrf =   1.000 (top)        1.000 (bottom)  
 Mach =   0.000     Re =     1.000 e 6     Ncrit =   9.000  9.000
  
   alpha    CL        CD       CDp       CM     Top_Xtr  Bot_Xtr  Top_Itr  Bot_Itr
  ------ -------- --------- --------- -------- -------- -------- -------- --------
  -6.000  -0.1772   0.00925   0.00170  -0.1139   0.8657   0.0129  10.5763  89.5610
  -5.000  -0.0625   0.00791   0.00098  -0.1148   0.8386   0.0699  12.3004  97.9421
  -4.000   0.0531   0.00680   0.00049  -0.1159   0.8094   0.1965  14.1599 107.0976
  -3.000   0.1689   0.00615   0.00031  -0.1166   0.7738   0.3219  16.4423 115.2794
  -2.000   0.2831   0.00611   0.00024  -0.1166   0.7182   0.3788  20.0198 118.9439
  -1.000   0.3969   0.00626   0.00028  -0.1165   0.6569   0.4272  23.9692 122.0341
   0.000   0.5100   0.00653   0.00037  -0.1163   0.5948   0.4601  27.9556 124.1165
   1.000   0.6224   0.00690   0.00052  -0.1161   0.5337   0.4967  31.8656 126.4432
   2.000   0.7346   0.00730   0.00068  -0.1159   0.4798   0.5300  35.3216 128.5526
   3.000   0.8453   0.00782   0.00089  -0.1156   0.4230   0.5668  38.9821 130.8855
   4.000   0.9536   0.00853   0.00118  -0.1149   0.3528   0.6042  43.5317 133.2508
   5.000   1.0591   0.00946   0.00160  -0.1139   0.2813   0.6483  48.2144 136.0748
   6.000   1.1595   0.01075   0.00225  -0.1123   0.1927   0.7193  54.1554 140.6094
   7.000   1.2491   0.01181   0.00303  -0.1084   0.1291   1.0000  58.6205 160.0000
   8.000   1.3457   0.01328   0.00373  -0.1063   0.0948   1.0000  61.2321 160.0000
   9.000   1.4370   0.01490   0.00453  -0.1033   0.0692   1.0000  63.3717 160.0000
  10.000   1.5173   0.01693   0.00560  -0.0988   0.0517   1.0000  65.0424 160.0000
  11.000   1.5837   0.01888   0.00658  -0.0919   0.0414   1.0000  66.1471 160.0000
  12.000   1.6342   0.02153   0.00797  -0.0837   0.0327   1.0000  67.2824 160.0000
  13.000   1.6759   0.02522   0.01011  -0.0761   0.0272   1.0000  68.1294 160.0000
  14.000   1.7086   0.03027   0.01323  -0.0697   0.0222   1.0000  69.0190 160.0000
  15.000   1.7273   0.03747   0.01791  -0.0648   0.0120   1.0000  71.5716 160.0000
