  
       XFOIL         Version 6.99
  
 Calculated polar for: FX 60-126/1 AIRFOIL                             
  
 1 1 Reynolds number fixed          Mach number fixed         
  
 xtrf =   1.000 (top)        1.000 (bottom)  
 Mach =   0.000     Re =     0.500 e 6     Ncrit =   9.000  9.000
  
   alpha    CL        CD       CDp       CM     Top_Xtr  Bot_Xtr  Top_Itr  Bot_Itr
  ------ -------- --------- --------- -------- -------- -------- -------- --------
  -5.000   0.0114   0.01313   0.00308  -0.1309   0.8530   0.0170  11.8169  90.7396
  -4.000   0.1229   0.01108   0.00196  -0.1307   0.8225   0.0150  13.7511  90.1905
  -3.000   0.2367   0.00996   0.00128  -0.1308   0.7908   0.0143  15.7664  90.0054
  -2.000   0.3505   0.00935   0.00095  -0.1306   0.7575   0.0191  17.8914  91.2808
  -1.000   0.4654   0.00789   0.00083  -0.1319   0.7211   0.4015  20.2310 120.4046
   0.000   0.5757   0.00803   0.00103  -0.1310   0.6726   0.4981  23.3666 126.5765
   1.000   0.6847   0.00832   0.00108  -0.1298   0.6182   0.5380  26.8803 129.1021
   2.000   0.7914   0.00874   0.00117  -0.1284   0.5503   0.5738  31.2598 131.3882
   3.000   0.8970   0.00931   0.00134  -0.1270   0.4828   0.6155  35.6070 134.0365
   4.000   1.0014   0.00993   0.00160  -0.1255   0.4192   0.6689  39.7250 137.4610
   5.000   1.1004   0.01065   0.00204  -0.1231   0.3480   0.7957  44.3471 145.5833
   6.000   1.1870   0.01181   0.00250  -0.1184   0.2606   1.0000  50.0718 160.0000
   7.000   1.2723   0.01414   0.00346  -0.1146   0.1512   1.0000  57.4941 160.0000
   8.000   1.3559   0.01626   0.00444  -0.1105   0.0987   1.0000  61.3746 160.0000
   9.000   1.4282   0.01863   0.00553  -0.1047   0.0606   1.0000  64.6636 160.0000
  10.000   1.4880   0.02094   0.00658  -0.0969   0.0448   1.0000  66.2928 160.0000
  11.000   1.5325   0.02433   0.00829  -0.0884   0.0302   1.0000  68.2411 160.0000
  12.000   1.5691   0.02886   0.01082  -0.0812   0.0247   1.0000  69.0547 160.0000
  13.000   1.5870   0.03588   0.01523  -0.0750   0.0059   1.0000  74.0575 160.0000
  14.000   1.5894   0.04585   0.02224  -0.0711   0.0039   1.0000  75.4618 160.0000
  15.000   1.5856   0.05838   0.03158  -0.0706   0.0034   1.0000  75.8339 160.0000
