  
       XFOIL         Version 6.99
  
 Calculated polar for: FX 60-160 AIRFOIL                               
  
 1 1 Reynolds number fixed          Mach number fixed         
  
 xtrf =   1.000 (top)        1.000 (bottom)  
 Mach =   0.000     Re =     1.000 e 6     Ncrit =   9.000  9.000
  
   alpha    CL        CD       CDp       CM     Top_Xtr  Bot_Xtr  Top_Itr  Bot_Itr
  ------ -------- --------- --------- -------- -------- -------- -------- --------
  -6.000  -0.1737   0.01060   0.00246  -0.1129   0.7689   0.0372  17.3504  95.5771
  -5.000  -0.0711   0.00975   0.00182  -0.1121   0.7478   0.0423  18.6618  96.1818
  -4.000   0.0354   0.00916   0.00138  -0.1119   0.7292   0.0501  19.8254  96.9980
  -2.000   0.2392   0.00637   0.00044  -0.1108   0.6938   0.5302  22.0589 128.4137
  -1.000   0.3506   0.00637   0.00056  -0.1110   0.6770   0.6039  23.1291 133.1536
   0.000   0.4627   0.00654   0.00065  -0.1113   0.6596   0.6333  24.2462 135.0568
   1.000   0.5737   0.00673   0.00075  -0.1114   0.6412   0.6529  25.4330 136.3238
   2.000   0.6828   0.00695   0.00075  -0.1112   0.6193   0.6661  26.8463 137.1735
   3.000   0.7872   0.00724   0.00071  -0.1100   0.5838   0.6777  29.1464 137.9228
   4.000   0.8858   0.00766   0.00069  -0.1078   0.5333   0.6883  32.4300 138.6062
   5.000   0.9673   0.00863   0.00074  -0.1024   0.4389   0.6975  38.5643 139.1942
   6.000   1.0228   0.01021   0.00096  -0.0920   0.3161   0.7067  46.5332 139.7848
   7.000   1.0156   0.01426   0.00220  -0.0717   0.0755   0.7160  63.3698 140.3816
   8.000   1.0719   0.01624   0.00287  -0.0634   0.0481   0.7253  65.7752 140.9742
   9.000   1.1311   0.01823   0.00366  -0.0565   0.0411   0.7357  66.5245 141.6378
  10.000   1.1797   0.02105   0.00496  -0.0491   0.0365   0.7467  67.0509 142.3431
  11.000   1.2332   0.02398   0.00640  -0.0435   0.0340   0.7596  67.3699 143.1695
  12.000   1.2758   0.02795   0.00852  -0.0378   0.0305   0.7763  67.8437 144.2459
  13.000   1.3221   0.03200   0.01078  -0.0335   0.0277   0.8069  68.2713 146.2349
  14.000   1.4029   0.03636   0.01388  -0.0369   0.0207   1.0000  69.5428 160.0000
  15.000   1.4195   0.04432   0.01898  -0.0334   0.0095   1.0000  72.9060 160.0000
