  
       XFOIL         Version 6.99
  
 Calculated polar for: FX 60-177 AIRFOIL                               
  
 1 1 Reynolds number fixed          Mach number fixed         
  
 xtrf =   1.000 (top)        1.000 (bottom)  
 Mach =   0.000     Re =     0.500 e 6     Ncrit =   9.000  9.000
  
   alpha    CL        CD       CDp       CM     Top_Xtr  Bot_Xtr  Top_Itr  Bot_Itr
  ------ -------- --------- --------- -------- -------- -------- -------- --------
  -6.000  -0.2708   0.01390   0.00325  -0.0912   0.9002   0.1507   8.8046 103.9039
  -5.000  -0.1509   0.01031   0.00260  -0.0989   0.8901   0.4868   9.4838 125.0458
  -4.000   0.0161   0.00948   0.00298  -0.1111   0.8852   0.6389   9.8124 134.7004
  -3.000   0.1471   0.00949   0.00320  -0.1148   0.8718   0.6720  10.7061 136.8249
  -2.000   0.2773   0.00939   0.00313  -0.1186   0.8564   0.6908  11.7296 138.0233
  -1.000   0.3995   0.00933   0.00303  -0.1204   0.8354   0.7042  13.0985 138.8663
   0.000   0.5081   0.00934   0.00291  -0.1195   0.8067   0.7149  14.9635 139.5421
   1.000   0.6131   0.00940   0.00274  -0.1183   0.7736   0.7258  17.0956 140.2417
   2.000   0.7068   0.00957   0.00241  -0.1148   0.7204   0.7374  20.4933 140.9809
   3.000   0.7780   0.01005   0.00222  -0.1064   0.6442   0.7452  25.3274 141.4703
   4.000   0.8472   0.01112   0.00216  -0.0988   0.5448   0.7555  31.5661 142.1205
   5.000   0.9115   0.01259   0.00246  -0.0906   0.4522   0.7638  37.3026 142.6360
   6.000   0.9839   0.01422   0.00284  -0.0851   0.3629   0.7721  42.8782 143.1545
   8.000   1.1330   0.01783   0.00400  -0.0758   0.2427   0.7880  50.4663 144.1514
   9.000   1.2024   0.02002   0.00480  -0.0710   0.1949   0.7962  53.5708 144.6812
  10.000   1.2707   0.02259   0.00586  -0.0669   0.1575   0.8042  56.0583 145.1906
  11.000   1.3329   0.02558   0.00715  -0.0624   0.1217   0.8119  58.5733 145.6912
  12.000   1.3866   0.02955   0.00910  -0.0580   0.0854   0.8192  61.3130 146.1618
  13.000   1.4246   0.03482   0.01201  -0.0529   0.0559   0.8270  63.8792 146.6641
  14.000   1.4579   0.04136   0.01589  -0.0492   0.0351   0.8343  66.2086 147.1352
