  
       XFOIL         Version 6.99
  
 Calculated polar for: FX 61-184 AIRFOIL                               
  
 1 1 Reynolds number fixed          Mach number fixed         
  
 xtrf =   1.000 (top)        1.000 (bottom)  
 Mach =   0.000     Re =     0.500 e 6     Ncrit =   9.000  9.000
  
   alpha    CL        CD       CDp       CM     Top_Xtr  Bot_Xtr  Top_Itr  Bot_Itr
  ------ -------- --------- --------- -------- -------- -------- -------- --------
  -5.000  -0.0509   0.00942   0.00227  -0.1140   0.7292   0.5255  19.3109 128.1408
  -4.000   0.0681   0.01027   0.00324  -0.1151   0.7180   0.5756  20.0032 131.3738
  -3.000   0.1834   0.01084   0.00391  -0.1155   0.7057   0.5973  20.7682 132.7438
  -2.000   0.2995   0.01088   0.00397  -0.1167   0.6928   0.6076  21.5737 133.3842
  -1.000   0.4175   0.01088   0.00378  -0.1186   0.6795   0.6180  22.4147 134.0257
   0.000   0.5322   0.01080   0.00374  -0.1197   0.6645   0.6251  23.3653 134.4690
   1.000   0.6490   0.01076   0.00345  -0.1214   0.6480   0.6333  24.4206 134.9748
   2.000   0.7622   0.01067   0.00333  -0.1223   0.6297   0.6397  25.6005 135.3665
   3.000   0.8757   0.01075   0.00306  -0.1233   0.6088   0.6472  26.9576 135.8329
   4.000   0.9843   0.01080   0.00285  -0.1235   0.5803   0.6535  28.8043 136.2250
   5.000   1.0909   0.01111   0.00277  -0.1233   0.5517   0.6604  30.6547 136.6551
   6.000   1.1930   0.01161   0.00269  -0.1224   0.5172   0.6676  32.8728 137.1025
   7.000   1.2863   0.01229   0.00276  -0.1199   0.4759   0.6746  35.5219 137.5399
   8.000   1.3582   0.01354   0.00288  -0.1138   0.4114   0.6823  39.6570 138.0215
   9.000   1.3860   0.01590   0.00358  -0.1006   0.3300   0.6904  44.9028 138.5317
  10.000   1.3965   0.02025   0.00547  -0.0884   0.2525   0.6988  49.9602 139.0633
  11.000   1.4053   0.02635   0.00876  -0.0796   0.1844   0.7083  54.5101 139.6637
  12.000   1.4128   0.03374   0.01313  -0.0731   0.1234   0.7179  58.7922 140.2644
  13.000   1.4170   0.04258   0.01888  -0.0684   0.0728   0.7287  62.7493 140.9438
  14.000   1.4239   0.05258   0.02592  -0.0660   0.0450   0.7415  65.4533 141.7567
  15.000   1.4321   0.06379   0.03425  -0.0656   0.0335   0.7564  66.9023 142.6991
