  
       XFOIL         Version 6.99
  
 Calculated polar for: FX 61-147 AIRFOIL                               
  
 1 1 Reynolds number fixed          Mach number fixed         
  
 xtrf =   1.000 (top)        1.000 (bottom)  
 Mach =   0.000     Re =     0.500 e 6     Ncrit =   9.000  9.000
  
   alpha    CL        CD       CDp       CM     Top_Xtr  Bot_Xtr  Top_Itr  Bot_Itr
  ------ -------- --------- --------- -------- -------- -------- -------- --------
  -6.000  -0.1758   0.01387   0.00364  -0.1039   0.9192   0.0166   7.9212  89.9931
  -5.000  -0.0107   0.01133   0.00218  -0.1171   0.8748   0.0300  10.9750  91.9959
  -4.000   0.1173   0.00801   0.00074  -0.1241   0.7917   0.3535  16.6180 114.6328
  -2.000   0.3365   0.00868   0.00183  -0.1230   0.6516   0.6684  26.0400 135.9287
  -1.000   0.4451   0.00918   0.00203  -0.1223   0.6044   0.6853  29.2028 137.0612
   0.000   0.5549   0.00963   0.00219  -0.1221   0.5674   0.6995  31.6810 138.0126
   1.000   0.6638   0.01003   0.00236  -0.1217   0.5372   0.7110  33.7042 138.7864
   2.000   0.7729   0.01043   0.00249  -0.1215   0.5091   0.7217  35.5915 139.5115
   3.000   0.8824   0.01086   0.00259  -0.1216   0.4842   0.7325  37.2708 140.2428
   4.000   0.9910   0.01136   0.00266  -0.1216   0.4602   0.7429  38.8821 140.9582
   5.000   1.0968   0.01183   0.00282  -0.1211   0.4366   0.7517  40.4854 141.5589
   6.000   1.2004   0.01240   0.00288  -0.1203   0.4079   0.7610  42.4278 142.2009
   7.000   1.2975   0.01309   0.00286  -0.1182   0.3665   0.7706  45.2543 142.8597
   8.000   1.3828   0.01430   0.00300  -0.1144   0.2974   0.7795  50.0295 143.4725
   9.000   1.4407   0.01684   0.00384  -0.1062   0.1880   0.7891  57.7503 144.1383
  10.000   1.4533   0.02167   0.00631  -0.0921   0.0688   0.7995  66.8378 144.8586
  11.000   1.4577   0.02754   0.00968  -0.0801   0.0199   0.8101  71.8904 145.5951
  12.000   1.4571   0.03563   0.01483  -0.0723   0.0063   0.8212  75.2582 146.3608
  13.000   1.4529   0.04653   0.02263  -0.0693   0.0049   0.8341  75.9646 147.2602
  14.000   1.4402   0.06079   0.03370  -0.0702   0.0044   0.8478  76.2687 148.2207
  15.000   1.4187   0.07837   0.04830  -0.0743   0.0040   0.8663  76.5067 149.5211
