  
       XFOIL         Version 6.99
  
 Calculated polar for: FX 61-184 AIRFOIL                               
  
 1 1 Reynolds number fixed          Mach number fixed         
  
 xtrf =   1.000 (top)        1.000 (bottom)  
 Mach =   0.000     Re =     1.000 e 6     Ncrit =   9.000  9.000
  
   alpha    CL        CD       CDp       CM     Top_Xtr  Bot_Xtr  Top_Itr  Bot_Itr
  ------ -------- --------- --------- -------- -------- -------- -------- --------
  -6.000  -0.1591   0.01058   0.00189  -0.1090   0.7076   0.0619  20.6504  97.8513
  -5.000  -0.0450   0.00736   0.00081  -0.1146   0.6977   0.4121  21.2644 120.7833
  -4.000   0.0769   0.00694   0.00092  -0.1176   0.6869   0.5380  21.9417 128.9545
  -3.000   0.1965   0.00717   0.00128  -0.1193   0.6758   0.5718  22.6449 131.1321
  -2.000   0.3153   0.00727   0.00135  -0.1210   0.6638   0.5828  23.4115 131.8279
  -1.000   0.4333   0.00729   0.00134  -0.1227   0.6499   0.5910  24.2976 132.3473
   0.000   0.5507   0.00738   0.00132  -0.1243   0.6341   0.5987  25.3172 132.8281
   1.000   0.6675   0.00743   0.00127  -0.1259   0.6163   0.6051  26.4695 133.2264
   2.000   0.7818   0.00760   0.00125  -0.1270   0.5943   0.6113  27.8974 133.6102
   3.000   0.8947   0.00787   0.00121  -0.1278   0.5654   0.6170  29.7710 133.9645
   4.000   1.0055   0.00816   0.00126  -0.1284   0.5370   0.6232  31.6041 134.3465
   5.000   1.1132   0.00864   0.00135  -0.1284   0.5049   0.6292  33.6641 134.7169
   6.000   1.2160   0.00929   0.00147  -0.1276   0.4647   0.6348  36.2348 135.0644
   7.000   1.3075   0.01030   0.00175  -0.1249   0.4028   0.6414  40.2067 135.4715
   8.000   1.3688   0.01220   0.00233  -0.1169   0.3071   0.6476  46.3893 135.8590
   9.000   1.3957   0.01494   0.00336  -0.1036   0.2204   0.6547  52.0838 136.2950
  10.000   1.4148   0.01889   0.00515  -0.0922   0.1554   0.6617  56.5011 136.7342
  11.000   1.4330   0.02431   0.00798  -0.0839   0.1022   0.6690  60.3749 137.1907
  12.000   1.4456   0.03111   0.01196  -0.0771   0.0583   0.6774  64.0681 137.7149
  13.000   1.4630   0.03847   0.01657  -0.0724   0.0344   0.6857  66.7855 138.2348
  14.000   1.4895   0.04599   0.02147  -0.0698   0.0254   0.6957  68.2059 138.8674
  15.000   1.5149   0.05450   0.02726  -0.0685   0.0205   0.7076  69.1702 139.6178
