  
       XFOIL         Version 6.99
  
 Calculated polar for: FX 63-145 AIRFOIL                               
  
 1 1 Reynolds number fixed          Mach number fixed         
  
 xtrf =   1.000 (top)        1.000 (bottom)  
 Mach =   0.000     Re =     1.000 e 6     Ncrit =   9.000  9.000
  
   alpha    CL        CD       CDp       CM     Top_Xtr  Bot_Xtr  Top_Itr  Bot_Itr
  ------ -------- --------- --------- -------- -------- -------- -------- --------
  -3.000   0.2482   0.01233   0.00155  -0.1204   0.0905   0.0093  62.9150  86.8424
  -2.000   0.3670   0.01178   0.00139  -0.1219   0.0894   0.0088  63.0568  86.6598
  -1.000   0.4826   0.01178   0.00160  -0.1226   0.0886   0.0351  63.1544  92.4884
   0.000   0.5962   0.01198   0.00182  -0.1231   0.0878   0.0510  63.2618  94.7835
   1.000   0.7085   0.01231   0.00214  -0.1234   0.0869   0.1034  63.3807 100.6070
   2.000   0.8177   0.01290   0.00256  -0.1232   0.0851   0.1077  63.6004 101.0484
   3.000   0.9246   0.01364   0.00308  -0.1227   0.0831   0.1358  63.8601 103.8187
   4.000   1.0311   0.01429   0.00353  -0.1223   0.0814   0.1580  64.0764 105.7794
   5.000   1.1405   0.01464   0.00385  -0.1226   0.0796   0.2731  64.3159 114.5057
   6.000   1.2535   0.01466   0.00403  -0.1241   0.0742   0.5534  65.0193 132.3439
   7.000   1.3527   0.01563   0.00446  -0.1227   0.0528   0.6114  68.1520 135.8284
   8.000   1.4432   0.01703   0.00513  -0.1199   0.0407   0.6486  69.6170 138.0700
   9.000   1.4997   0.01984   0.00646  -0.1118   0.0027   0.6825  77.1121 140.0777
  10.000   1.5474   0.02236   0.00770  -0.1026   0.0024   0.7262  77.4638 142.6705
  11.000   1.5749   0.02648   0.01022  -0.0934   0.0021   0.8449  77.7488 149.6663
  12.000   1.5770   0.03367   0.01496  -0.0857   0.0020   1.0000  77.9097 160.0000
  13.000   1.5727   0.04502   0.02296  -0.0836   0.0019   1.0000  78.0463 160.0000
  14.000   1.5601   0.05916   0.03361  -0.0845   0.0017   1.0000  78.2043 160.0000
  15.000   1.5324   0.07748   0.04840  -0.0885   0.0016   1.0000  78.3567 160.0000
