  
       XFOIL         Version 6.99
  
 Calculated polar for: FX 63-120 AIRFOIL                               
  
 1 1 Reynolds number fixed          Mach number fixed         
  
 xtrf =   1.000 (top)        1.000 (bottom)  
 Mach =   0.000     Re =     1.000 e 6     Ncrit =   9.000  9.000
  
   alpha    CL        CD       CDp       CM     Top_Xtr  Bot_Xtr  Top_Itr  Bot_Itr
  ------ -------- --------- --------- -------- -------- -------- -------- --------
  -6.000   0.1054   0.01056   0.00335  -0.1761   0.8264   0.0280  13.8713  94.9074
  -5.000   0.2227   0.00901   0.00210  -0.1779   0.7926   0.0318  15.9308  95.5584
  -4.000   0.3419   0.00815   0.00128  -0.1796   0.7635   0.0354  17.7270  96.1305
  -3.000   0.4609   0.00763   0.00080  -0.1810   0.7370   0.0419  19.3732  97.0337
  -1.000   0.7018   0.00651   0.00060  -0.1851   0.6848   0.4151  22.6000 121.4642
   0.000   0.8164   0.00662   0.00065  -0.1854   0.6571   0.4604  24.3088 124.1943
   1.000   0.9295   0.00679   0.00075  -0.1855   0.6167   0.5358  26.8032 128.7338
   2.000   1.0412   0.00711   0.00090  -0.1853   0.5760   0.6094  29.3331 133.1687
   3.000   1.1486   0.00771   0.00110  -0.1843   0.5140   0.6549  33.2229 135.9039
   4.000   1.2515   0.00868   0.00145  -0.1826   0.4362   0.6927  38.0951 138.1981
   5.000   1.3537   0.00967   0.00186  -0.1809   0.3734   0.7330  41.9941 140.6871
   6.000   1.4488   0.01115   0.00248  -0.1782   0.2804   0.7792  47.9406 143.6189
   7.000   1.5291   0.01269   0.00337  -0.1726   0.1992   0.9460  53.2488 154.6002
   8.000   1.6105   0.01491   0.00435  -0.1679   0.1260   1.0000  58.3134 160.0000
   9.000   1.6768   0.01749   0.00562  -0.1605   0.0780   1.0000  62.0603 160.0000
  10.000   1.7323   0.02007   0.00691  -0.1517   0.0554   1.0000  64.0946 160.0000
  11.000   1.7815   0.02334   0.00866  -0.1430   0.0422   1.0000  65.5749 160.0000
  12.000   1.8236   0.02755   0.01109  -0.1351   0.0353   1.0000  66.5193 160.0000
  13.000   1.8588   0.03299   0.01440  -0.1282   0.0300   1.0000  67.3507 160.0000
  14.000   1.8865   0.03991   0.01874  -0.1227   0.0241   1.0000  68.4648 160.0000
  15.000   1.8995   0.04937   0.02497  -0.1184   0.0162   1.0000  70.3348 160.0000
