  
       XFOIL         Version 6.99
  
 Calculated polar for: FX 63-143 AIRFOIL                               
  
 1 1 Reynolds number fixed          Mach number fixed         
  
 xtrf =   1.000 (top)        1.000 (bottom)  
 Mach =   0.000     Re =     1.000 e 6     Ncrit =   9.000  9.000
  
   alpha    CL        CD       CDp       CM     Top_Xtr  Bot_Xtr  Top_Itr  Bot_Itr
  ------ -------- --------- --------- -------- -------- -------- -------- --------
  -6.000  -0.2924   0.01845   0.00641  -0.0625   0.5861   0.0134  26.1524  85.9253
  -5.000  -0.2065   0.01132   0.00118  -0.0574   0.5499   0.0093  28.3579  83.8174
  -4.000  -0.1060   0.01034   0.00066  -0.0554   0.5099   0.0082  30.7558  83.0779
  -3.000   0.0007   0.01007   0.00075  -0.0547   0.4682   0.0077  33.2240  82.7139
  -2.000   0.1065   0.01004   0.00083  -0.0539   0.4047   0.0076  37.0033  82.6414
  -1.000   0.2066   0.01067   0.00109  -0.0523   0.2699   0.0134  45.3864  85.8893
   0.000   0.3085   0.01125   0.00131  -0.0512   0.1688   0.0161  52.5402  87.0483
   1.000   0.4144   0.01144   0.00138  -0.0508   0.1244   0.0188  56.2487  88.1353
   2.000   0.5204   0.01178   0.00156  -0.0505   0.0912   0.0357  59.5176  93.6234
   3.000   0.6280   0.01207   0.00174  -0.0505   0.0865   0.0404  60.0137  94.6837
   4.000   0.7350   0.01237   0.00194  -0.0505   0.0859   0.0944  60.0787 102.3757
   5.000   0.8558   0.01124   0.00239  -0.0550   0.0837   0.7906  60.3273 146.0795
   6.000   0.9509   0.01205   0.00301  -0.0523   0.0750   0.8914  61.3010 152.0515
   7.000   1.0294   0.01331   0.00368  -0.0465   0.0581   0.9148  63.4764 153.4623
   8.000   1.1025   0.01447   0.00418  -0.0400   0.0541   0.9308  64.0069 154.4582
   9.000   1.1480   0.01558   0.00447  -0.0284   0.0503   0.9512  64.4929 155.8081
  10.000   1.1947   0.01715   0.00468  -0.0190   0.0244   0.9644  67.7523 156.7551
  12.000   1.2659   0.02530   0.00894  -0.0078   0.0147   1.0000  69.2584 160.0000
  13.000   1.2976   0.03255   0.01377  -0.0078   0.0133   1.0000  69.5503 160.0000
  14.000   1.3078   0.04232   0.02072  -0.0082   0.0117   1.0000  69.8565 160.0000
  15.000   1.3180   0.05292   0.02864  -0.0099   0.0107   1.0000  70.0779 160.0000
