  
       XFOIL         Version 6.99
  
 Calculated polar for: FX 63-110 AIRFOIL                               
  
 1 1 Reynolds number fixed          Mach number fixed         
  
 xtrf =   1.000 (top)        1.000 (bottom)  
 Mach =   0.000     Re =     1.000 e 6     Ncrit =   9.000  9.000
  
   alpha    CL        CD       CDp       CM     Top_Xtr  Bot_Xtr  Top_Itr  Bot_Itr
  ------ -------- --------- --------- -------- -------- -------- -------- --------
  -6.000  -0.0141   0.00944   0.00264  -0.1512   0.8665   0.0315  11.5169  95.1129
  -4.000   0.2170   0.00770   0.00102  -0.1527   0.7907   0.0436  16.2414  96.2616
  -3.000   0.3340   0.00713   0.00062  -0.1537   0.7595   0.0874  18.2199  99.5008
  -2.000   0.4532   0.00630   0.00041  -0.1556   0.7290   0.3108  20.1624 113.9889
  -1.000   0.5691   0.00613   0.00043  -0.1563   0.6981   0.4244  22.1301 121.0043
   0.000   0.6845   0.00607   0.00057  -0.1567   0.6659   0.5680  24.1812 130.0784
   1.000   0.7964   0.00636   0.00066  -0.1563   0.6179   0.6172  27.2350 133.1868
   2.000   0.9072   0.00674   0.00078  -0.1557   0.5646   0.6512  30.6411 135.3170
   3.000   1.0140   0.00748   0.00098  -0.1546   0.4764   0.6803  36.3427 137.1333
   4.000   1.1193   0.00839   0.00135  -0.1533   0.3970   0.7131  41.4287 139.2015
   5.000   1.2204   0.00965   0.00188  -0.1515   0.2936   0.7623  48.1477 142.3546
   6.000   1.3138   0.01138   0.00279  -0.1485   0.1805   0.8521  55.7233 148.2214
   7.000   1.3969   0.01329   0.00379  -0.1436   0.0903   1.0000  62.3058 160.0000
   8.000   1.4870   0.01530   0.00484  -0.1403   0.0526   1.0000  65.5226 160.0000
   9.000   1.5721   0.01736   0.00595  -0.1362   0.0387   1.0000  67.0651 160.0000
  10.000   1.6480   0.01954   0.00718  -0.1308   0.0336   1.0000  67.7749 160.0000
  11.000   1.7036   0.02201   0.00863  -0.1222   0.0300   1.0000  68.3218 160.0000
  12.000   1.7446   0.02575   0.01088  -0.1131   0.0258   1.0000  69.0316 160.0000
  13.000   1.7939   0.02945   0.01306  -0.1069   0.0218   1.0000  69.8203 160.0000
  14.000   1.8284   0.03503   0.01651  -0.1010   0.0163   1.0000  71.0854 160.0000
  15.000   1.8434   0.04351   0.02224  -0.0962   0.0119   1.0000  72.3656 160.0000
