  
       XFOIL         Version 6.99
  
 Calculated polar for: FX 66-S-161 AIRFOIL                             
  
 1 1 Reynolds number fixed          Mach number fixed         
  
 xtrf =   1.000 (top)        1.000 (bottom)  
 Mach =   0.000     Re =     0.500 e 6     Ncrit =   9.000  9.000
  
   alpha    CL        CD       CDp       CM     Top_Xtr  Bot_Xtr  Top_Itr  Bot_Itr
  ------ -------- --------- --------- -------- -------- -------- -------- --------
  -6.000  -0.2003   0.01388   0.00331  -0.0924   0.6119   0.0273  27.6996  92.8116
  -5.000  -0.0976   0.01225   0.00225  -0.0917   0.5953   0.0458  28.8162  94.9113
  -4.000   0.0030   0.00975   0.00130  -0.0916   0.5813   0.3343  29.7535 114.9997
  -3.000   0.1149   0.00956   0.00155  -0.0918   0.5683   0.4670  30.6218 123.9118
  -2.000   0.2286   0.00983   0.00186  -0.0922   0.5576   0.5169  31.3359 127.2372
  -1.000   0.3427   0.01005   0.00199  -0.0928   0.5475   0.5457  32.0124 129.1448
   0.000   0.4567   0.01009   0.00209  -0.0935   0.5383   0.5636  32.6429 130.3277
   1.000   0.5699   0.01023   0.00216  -0.0942   0.5279   0.5823  33.3507 131.5661
   2.000   0.6835   0.01051   0.00226  -0.0950   0.5190   0.6031  33.9525 132.9391
   3.000   0.7950   0.01069   0.00248  -0.0955   0.5096   0.6316  34.5872 134.8253
   4.000   0.9060   0.01101   0.00271  -0.0960   0.5007   0.6726  35.1853 137.5250
   5.000   1.0136   0.01112   0.00288  -0.0958   0.4901   0.7619  35.8967 143.4083
   6.000   1.1238   0.01110   0.00303  -0.0960   0.4785   1.0000  36.6831 160.0000
   7.000   1.2304   0.01167   0.00319  -0.0959   0.4665   1.0000  37.5091 160.0000
   8.000   1.3269   0.01173   0.00260  -0.0936   0.4386   1.0000  39.4317 160.0000
   9.000   1.4102   0.01232   0.00213  -0.0893   0.3814   1.0000  43.4616 160.0000
  10.000   1.4246   0.01553   0.00288  -0.0742   0.2603   1.0000  51.9919 160.0000
  11.000   1.3456   0.02514   0.00794  -0.0546   0.1241   1.0000  61.9752 160.0000
  12.000   1.2778   0.03981   0.01796  -0.0475   0.0392   1.0000  69.2310 160.0000
  13.000   1.2517   0.05280   0.02751  -0.0450   0.0189   1.0000  72.0048 160.0000
  14.000   1.2462   0.06518   0.03707  -0.0448   0.0139   1.0000  73.1078 160.0000
  15.000   1.2439   0.07826   0.04765  -0.0461   0.0112   1.0000  73.8286 160.0000
