  
       XFOIL         Version 6.99
  
 Calculated polar for: FX 66-S-196 AIRFOIL                             
  
 1 1 Reynolds number fixed          Mach number fixed         
  
 xtrf =   1.000 (top)        1.000 (bottom)  
 Mach =   0.000     Re =     1.000 e 6     Ncrit =   9.000  9.000
  
   alpha    CL        CD       CDp       CM     Top_Xtr  Bot_Xtr  Top_Itr  Bot_Itr
  ------ -------- --------- --------- -------- -------- -------- -------- --------
  -6.000  -0.1958   0.01107   0.00196  -0.0938   0.5917   0.0456  28.2999  95.4516
  -4.000   0.0036   0.00762   0.00082  -0.0937   0.5763   0.4684  29.2981 123.9591
  -3.000   0.1201   0.00782   0.00105  -0.0952   0.5699   0.5286  29.7056 128.1444
  -2.000   0.2359   0.00806   0.00128  -0.0966   0.5639   0.5482  30.0855 129.3996
  -1.000   0.3521   0.00826   0.00150  -0.0982   0.5591   0.5640  30.3929 130.4012
   0.000   0.4679   0.00843   0.00155  -0.0998   0.5539   0.5712  30.7249 130.8550
   1.000   0.5834   0.00868   0.00160  -0.1015   0.5488   0.5740  31.0512 131.0323
   2.000   0.6978   0.00871   0.00163  -0.1031   0.5448   0.5766  31.3159 131.1970
   3.000   0.8116   0.00885   0.00165  -0.1046   0.5400   0.5789  31.6327 131.3391
   4.000   0.9244   0.00915   0.00168  -0.1060   0.5337   0.5818  32.0536 131.5250
   5.000   1.0348   0.00929   0.00168  -0.1069   0.5277   0.5849  32.4514 131.7204
   6.000   1.1441   0.00961   0.00159  -0.1077   0.5189   0.5890  33.0314 131.9752
   7.000   1.2445   0.00971   0.00130  -0.1067   0.5041   0.5954  34.0009 132.3815
   8.000   1.3376   0.00980   0.00091  -0.1043   0.4815   0.6035  35.4915 132.8888
   9.000   1.3996   0.01050   0.00044  -0.0961   0.4344   0.6159  38.7073 133.6640
  10.000   1.3511   0.01534   0.00121  -0.0723   0.3123   0.6333  46.9360 134.7527
  11.000   1.2843   0.02541   0.00593  -0.0559   0.2068   0.6589  54.0306 136.3539
  12.000   1.2384   0.03722   0.01321  -0.0473   0.1178   0.7011  60.3226 138.9802
  13.000   1.2396   0.04872   0.02171  -0.0473   0.0478   0.8134  66.1621 146.1059
  14.000   1.3328   0.06239   0.03368  -0.0665   0.0135   1.0000  71.6923 160.0000
