  
       XFOIL         Version 6.99
  
 Calculated polar for: WORTMANN FX 66-17AII-182 AIRFOIL (AS TESTED AT N
  
 1 1 Reynolds number fixed          Mach number fixed         
  
 xtrf =   1.000 (top)        1.000 (bottom)  
 Mach =   0.000     Re =     0.500 e 6     Ncrit =   9.000  9.000
  
   alpha    CL        CD       CDp       CM     Top_Xtr  Bot_Xtr  Top_Itr  Bot_Itr
  ------ -------- --------- --------- -------- -------- -------- -------- --------
  -6.000  -0.2464   0.01512   0.00416  -0.0804   0.5705   0.0302  29.2856  94.3964
  -5.000  -0.1403   0.01355   0.00310  -0.0809   0.5614   0.0424  29.8675  95.9791
  -4.000  -0.0428   0.01032   0.00205  -0.0816   0.5534   0.4346  30.3762 122.6779
  -3.000   0.0713   0.01031   0.00239  -0.0825   0.5453   0.5419  30.8981 129.6168
  -2.000   0.1874   0.01078   0.00297  -0.0836   0.5381   0.5880  31.3576 132.5617
  -1.000   0.3043   0.01105   0.00311  -0.0850   0.5308   0.6109  31.8323 133.9965
   0.000   0.4207   0.01132   0.00334  -0.0866   0.5244   0.6279  32.2472 135.0561
   1.000   0.5370   0.01151   0.00346  -0.0882   0.5174   0.6432  32.7026 136.0154
   2.000   0.6530   0.01192   0.00368  -0.0899   0.5116   0.6581  33.0886 136.9537
   3.000   0.7676   0.01217   0.00393  -0.0914   0.5048   0.6728  33.5334 137.8797
   4.000   0.8830   0.01258   0.00409  -0.0931   0.4989   0.6872  33.9243 138.7907
   5.000   0.9953   0.01307   0.00449  -0.0944   0.4926   0.7021  34.3487 139.7305
   6.000   1.1085   0.01348   0.00468  -0.0959   0.4861   0.7183  34.7851 140.7556
   7.000   1.2181   0.01394   0.00484  -0.0968   0.4772   0.7369  35.3793 141.9455
   8.000   1.3244   0.01360   0.00406  -0.0967   0.4599   0.7587  36.5511 143.3596
   9.000   1.4261   0.01356   0.00345  -0.0961   0.4403   0.7887  37.8932 145.3170
  10.000   1.5076   0.01384   0.00292  -0.0921   0.3844   0.8722  41.7858 150.6930
  11.000   1.4411   0.02412   0.00827  -0.0748   0.2012   1.0002  54.6890 160.0000
  12.000   1.3336   0.04495   0.02306  -0.0689   0.0951   1.0002  62.6009 160.0000
  13.000   1.2807   0.06123   0.03536  -0.0657   0.0432   1.0002  67.2559 160.0000
  14.000   1.2732   0.07380   0.04493  -0.0646   0.0297   1.0002  68.9392 160.0000
  15.000   1.2771   0.08551   0.05401  -0.0643   0.0226   1.0002  70.1126 160.0000
