  
       XFOIL         Version 6.99
  
 Calculated polar for: FX 67-K-150/17 AIRFOIL                          
  
 1 1 Reynolds number fixed          Mach number fixed         
  
 xtrf =   1.000 (top)        1.000 (bottom)  
 Mach =   0.000     Re =     0.500 e 6     Ncrit =   9.000  9.000
  
   alpha    CL        CD       CDp       CM     Top_Xtr  Bot_Xtr  Top_Itr  Bot_Itr
  ------ -------- --------- --------- -------- -------- -------- -------- --------
   0.000   0.4983   0.00974   0.00351  -0.1004   0.6871   0.8597  24.9040 149.3105
   1.000   0.6058   0.00995   0.00368  -0.1006   0.6787   0.8825  25.5349 150.9682
   2.000   0.7163   0.01000   0.00358  -0.1014   0.6719   0.9005  26.0490 152.2719
   3.000   0.8222   0.01009   0.00359  -0.1016   0.6626   0.9181  26.7518 153.5544
   4.000   0.9290   0.00995   0.00318  -0.1018   0.6501   0.9372  27.6983 154.9534
   5.000   1.0366   0.00977   0.00264  -0.1023   0.6359   0.9613  28.7683 156.7199
   6.000   1.1605   0.00932   0.00131  -0.1066   0.5891   1.0000  32.2778 160.0000
   7.000   1.1474   0.01264   0.00102  -0.0870   0.4019   1.0000  46.0975 160.0000
   8.000   1.0567   0.02262   0.00552  -0.0640   0.1687   1.0000  63.3815 160.0000
   9.000   1.0362   0.03092   0.00986  -0.0524   0.0071   1.0000  77.8445 160.0000
  10.000   1.0776   0.03608   0.01229  -0.0478   0.0055   1.0000  78.2901 160.0000
  11.000   1.1041   0.04299   0.01638  -0.0431   0.0042   1.0000  78.7447 160.0000
  12.000   1.1109   0.05238   0.02217  -0.0380   0.0038   1.0000  78.9183 160.0000
  13.000   1.1920   0.05644   0.01942  -0.0323   0.0074   1.0000  77.7737 160.0000
