  
       XFOIL         Version 6.99
  
 Calculated polar for: FX 68-H-120                                     
  
 1 1 Reynolds number fixed          Mach number fixed         
  
 xtrf =   1.000 (top)        1.000 (bottom)  
 Mach =   0.000     Re =     1.000 e 6     Ncrit =   9.000  9.000
  
   alpha    CL        CD       CDp       CM     Top_Xtr  Bot_Xtr  Top_Itr  Bot_Itr
  ------ -------- --------- --------- -------- -------- -------- -------- --------
  -6.000  -0.4839   0.01135   0.00242  -0.0246   0.8379   0.0110  13.5002  87.9778
  -5.000  -0.3817   0.00949   0.00134  -0.0222   0.8200   0.0351  14.7737  91.1590
  -4.000  -0.2759   0.00832   0.00090  -0.0208   0.8033   0.1237  15.9581  98.2106
  -3.000  -0.1642   0.00784   0.00075  -0.0204   0.7853   0.1551  17.2359 100.4538
  -2.000  -0.0528   0.00738   0.00049  -0.0198   0.7590   0.1836  19.1183 102.4510
  -1.000   0.0572   0.00685   0.00026  -0.0191   0.7185   0.2598  22.0045 107.7734
   0.000   0.1569   0.00623   0.00010  -0.0169   0.5844   0.5261  31.5679 126.2509
   1.000   0.2617   0.00602   0.00046  -0.0156   0.4183   0.9390  43.2220 154.9958
   2.000   0.4112   0.00699   0.00079  -0.0238   0.3263   0.9741  49.6694 157.5107
   3.000   0.5563   0.00783   0.00104  -0.0313   0.2621   0.9872  54.1919 158.5676
   5.000   0.8205   0.00926   0.00146  -0.0415   0.1781   1.0000  60.2098 160.0000
   6.000   0.9137   0.01001   0.00172  -0.0385   0.1524   1.0000  62.0894 160.0000
   7.000   0.9817   0.01291   0.00298  -0.0318   0.0099   1.0000  75.7103 160.0000
   8.000   1.0586   0.01456   0.00362  -0.0259   0.0062   1.0000  76.7595 160.0000
   9.000   1.1195   0.01707   0.00465  -0.0176   0.0050   1.0000  77.2395 160.0000
  10.000   1.1496   0.02020   0.00595  -0.0050   0.0046   1.0000  77.3842 160.0000
  11.000   1.1621   0.02516   0.00864   0.0059   0.0046   1.0000  77.4206 160.0000
  12.000   1.1695   0.03217   0.01337   0.0127   0.0043   1.0000  77.5397 160.0000
  13.000   1.1581   0.04291   0.02129   0.0158   0.0044   1.0000  77.5009 160.0000
  14.000   1.1482   0.05559   0.03086   0.0158   0.0046   1.0000  77.3816 160.0000
