  
       XFOIL         Version 6.99
  
 Calculated polar for: BELL/WORTMANN FX 69-H-098 AIRFOIL               
  
 1 1 Reynolds number fixed          Mach number fixed         
  
 xtrf =   1.000 (top)        1.000 (bottom)  
 Mach =   0.000     Re =     1.000 e 6     Ncrit =   9.000  9.000
  
   alpha    CL        CD       CDp       CM     Top_Xtr  Bot_Xtr  Top_Itr  Bot_Itr
  ------ -------- --------- --------- -------- -------- -------- -------- --------
  -6.000  -0.5003   0.01796   0.00926  -0.0245   0.9888   0.0166   2.4003  90.0970
  -5.000  -0.3645   0.01313   0.00491  -0.0297   0.9766   0.0159   3.5795  89.9652
  -4.000  -0.2632   0.00966   0.00239  -0.0272   0.9523   0.0169   5.4606  90.1603
  -3.000  -0.1627   0.00829   0.00135  -0.0241   0.9150   0.0185   8.1120  90.4245
  -2.000  -0.0582   0.00760   0.00071  -0.0218   0.8411   0.0250  13.2477  91.3945
  -1.000   0.0360   0.00581   0.00031  -0.0187   0.7321   0.4971  20.6583 124.6445
   0.000   0.1334   0.00502   0.00057  -0.0148   0.5947   0.9597  30.0122 156.0177
   1.000   0.2782   0.00607   0.00090  -0.0222   0.4392   0.9857  40.5738 158.2744
   2.000   0.4230   0.00672   0.00105  -0.0299   0.3554   0.9954  46.2687 159.3671
   3.000   0.5531   0.00713   0.00113  -0.0344   0.3124   1.0000  49.1905 160.0000
   4.000   0.6557   0.00751   0.00121  -0.0329   0.2795   1.0000  51.4449 160.0000
   5.000   0.7564   0.00804   0.00135  -0.0310   0.2414   1.0000  54.0944 160.0000
   6.000   0.8548   0.00875   0.00157  -0.0287   0.1982   1.0000  57.1624 160.0000
   7.000   0.9509   0.00963   0.00189  -0.0260   0.1557   1.0000  60.2214 160.0000
   8.000   1.0342   0.01181   0.00293  -0.0217   0.0514   1.0000  68.5099 160.0000
   9.000   1.1172   0.01390   0.00412  -0.0171   0.0182   1.0000  72.2788 160.0000
  10.000   1.1962   0.01626   0.00547  -0.0122   0.0101   1.0000  74.0628 160.0000
  11.000   1.2711   0.01888   0.00706  -0.0072   0.0077   1.0000  74.8788 160.0000
  12.000   1.3283   0.02245   0.00937  -0.0003   0.0066   1.0000  75.2954 160.0000
  13.000   1.3605   0.02653   0.01210   0.0088   0.0058   1.0000  75.6484 160.0000
  14.000   1.3497   0.03584   0.01904   0.0145   0.0052   1.0000  75.9151 160.0000
  15.000   1.3013   0.05542   0.03532   0.0079   0.0050   1.0000  76.0170 160.0000
