  
       XFOIL         Version 6.99
  
 Calculated polar for: BELL/WORTMANN FX 69-H-098 AIRFOIL               
  
 1 1 Reynolds number fixed          Mach number fixed         
  
 xtrf =   1.000 (top)        1.000 (bottom)  
 Mach =   0.000     Re =     0.500 e 6     Ncrit =   9.000  9.000
  
   alpha    CL        CD       CDp       CM     Top_Xtr  Bot_Xtr  Top_Itr  Bot_Itr
  ------ -------- --------- --------- -------- -------- -------- -------- --------
  -5.000  -0.4400   0.01945   0.00979  -0.0161   0.9910   0.0266   2.1747  91.5973
  -4.000  -0.2905   0.01262   0.00384  -0.0228   0.9774   0.0236   3.5080  91.2264
  -3.000  -0.1541   0.01035   0.00219  -0.0279   0.9606   0.0274   4.8717  91.7092
  -2.000  -0.0518   0.00801   0.00117  -0.0254   0.9217   0.2589   7.6409 108.5403
  -1.000   0.0343   0.00550   0.00106  -0.0187   0.8558   0.9016  12.2365 151.9657
   0.000   0.2065   0.00645   0.00148  -0.0298   0.7350   0.9902  20.4635 158.7435
   1.000   0.3416   0.00717   0.00128  -0.0354   0.5532   1.0000  32.8254 160.0000
   3.000   0.5448   0.00853   0.00137  -0.0324   0.3568   1.0000  46.1777 160.0000
   4.000   0.6445   0.00916   0.00157  -0.0303   0.3158   1.0000  48.9623 160.0000
   5.000   0.7434   0.00981   0.00184  -0.0280   0.2797   1.0000  51.4317 160.0000
   6.000   0.8406   0.01055   0.00207  -0.0255   0.2380   1.0000  54.3326 160.0000
   7.000   0.9361   0.01146   0.00237  -0.0227   0.1978   1.0000  57.1937 160.0000
   8.000   1.0274   0.01280   0.00279  -0.0196   0.1290   1.0000  62.2068 160.0000
   9.000   1.0960   0.01660   0.00485  -0.0133   0.0272   1.0000  71.0009 160.0000
  10.000   1.1664   0.01987   0.00682  -0.0074   0.0164   1.0000  72.5977 160.0000
  11.000   1.2158   0.02427   0.00960   0.0007   0.0126   1.0000  73.4208 160.0000
  12.000   1.2345   0.02961   0.01316   0.0109   0.0108   1.0000  73.8729 160.0000
  13.000   1.2248   0.03953   0.02052   0.0168   0.0100   1.0000  74.1031 160.0000
  14.000   1.2138   0.05293   0.03153   0.0147   0.0095   1.0000  74.2815 160.0000
  15.000   1.1813   0.07181   0.04808   0.0071   0.0091   1.0000  74.3935 160.0000
