  
       XFOIL         Version 6.99
  
 Calculated polar for: FX 71-L-150/30 AIRFOIL                          
  
 1 1 Reynolds number fixed          Mach number fixed         
  
 xtrf =   1.000 (top)        1.000 (bottom)  
 Mach =   0.000     Re =     1.000 e 6     Ncrit =   9.000  9.000
  
   alpha    CL        CD       CDp       CM     Top_Xtr  Bot_Xtr  Top_Itr  Bot_Itr
  ------ -------- --------- --------- -------- -------- -------- -------- --------
  -6.000  -0.6442   0.01180   0.00255  -0.0041   0.7008   0.0198  21.3208  92.4670
  -5.000  -0.5422   0.01055   0.00195  -0.0027   0.6891   0.0594  22.1953 100.9648
  -4.000  -0.4449   0.00864   0.00114  -0.0009   0.6760   0.2224  23.1243 113.6345
  -3.000  -0.3439   0.00698   0.00058   0.0005   0.6605   0.4379  24.1682 124.9770
  -2.000  -0.2314   0.00652   0.00054   0.0006   0.6458   0.5305  25.1205 129.6605
  -1.000  -0.1160   0.00634   0.00055   0.0003   0.6285   0.5797  26.1899 132.1494
   0.000   0.0000   0.00626   0.00054  -0.0000   0.6074   0.6074  27.3956 133.6044
   1.000   0.1160   0.00634   0.00055  -0.0003   0.5798   0.6285  28.8492 134.8101
   2.000   0.2314   0.00652   0.00054  -0.0006   0.5305   0.6458  31.3395 135.8795
   3.000   0.3439   0.00698   0.00058  -0.0005   0.4379   0.6605  36.0230 136.8318
   4.000   0.4449   0.00864   0.00114   0.0009   0.2224   0.6760  47.3655 137.8757
   5.000   0.5422   0.01055   0.00195   0.0027   0.0594   0.6891  60.0352 138.8047
   6.000   0.6442   0.01180   0.00255   0.0041   0.0198   0.7008  68.5330 139.6792
   7.000   0.7450   0.01291   0.00312   0.0058   0.0159   0.7124  69.8560 140.5745
   8.000   0.8394   0.01421   0.00384   0.0083   0.0148   0.7241  70.2275 141.4895
   9.000   0.9228   0.01584   0.00475   0.0123   0.0140   0.7353  70.5375 142.3513
  10.000   0.9796   0.01795   0.00579   0.0201   0.0135   0.7467  70.7477 143.2078
  11.000   1.0012   0.02130   0.00726   0.0307   0.0132   0.7622  70.8506 144.3332
  12.000   1.0238   0.02606   0.00997   0.0373   0.0131   0.7923  70.9003 146.4794
  13.000   1.1048   0.03233   0.01534   0.0300   0.0130   1.0000  70.9189 160.0000
  14.000   1.1359   0.03909   0.02020   0.0313   0.0131   1.0000  70.9012 160.0000
  15.000   1.1544   0.04738   0.02643   0.0319   0.0130   1.0000  70.9224 160.0000
