  
       XFOIL         Version 6.99
  
 Calculated polar for: WORTMANN FX 71-089A AIRFOIL                     
  
 1 1 Reynolds number fixed          Mach number fixed         
  
 xtrf =   1.000 (top)        1.000 (bottom)  
 Mach =   0.000     Re =     0.500 e 6     Ncrit =   9.000  9.000
  
   alpha    CL        CD       CDp       CM     Top_Xtr  Bot_Xtr  Top_Itr  Bot_Itr
  ------ -------- --------- --------- -------- -------- -------- -------- --------
  -6.000  -0.6762   0.01469   0.00540  -0.0019   1.0000   0.0525   1.0000 100.5463
  -5.000  -0.5876   0.01287   0.00387   0.0031   1.0000   0.0545   1.0000 100.8330
  -4.000  -0.5030   0.01126   0.00263   0.0089   1.0000   0.0570   1.0000 101.1545
  -3.000  -0.4129   0.01029   0.00192   0.0134   0.9990   0.0622   1.1179 101.7863
  -2.000  -0.2499   0.00895   0.00128   0.0030   0.9807   0.1126   2.9465 106.2525
  -1.000  -0.0998   0.00669   0.00082  -0.0047   0.9280   0.4650   6.5549 127.4860
   0.000  -0.0000   0.00583   0.00068   0.0000   0.7629   0.7629  16.2074 144.7925
   1.000   0.0998   0.00669   0.00082   0.0047   0.4650   0.9280  33.5144 154.4451
   2.000   0.2499   0.00895   0.00128  -0.0030   0.1126   0.9807  54.7483 158.0538
   3.000   0.4130   0.01029   0.00192  -0.0134   0.0622   0.9990  59.2138 159.8831
   4.000   0.5029   0.01126   0.00263  -0.0089   0.0570   1.0000  59.8454 160.0000
   5.000   0.5876   0.01287   0.00387  -0.0031   0.0545   1.0000  60.1670 160.0000
   6.000   0.6762   0.01469   0.00540   0.0019   0.0525   1.0000  60.4537 160.0000
   7.000   0.7662   0.01700   0.00736   0.0065   0.0507   1.0000  60.7062 160.0000
   8.000   0.8551   0.02035   0.01017   0.0107   0.0496   1.0000  60.8696 160.0000
   9.000   0.9344   0.02645   0.01533   0.0154   0.0488   1.0000  60.9821 160.0000
  10.000   0.9980   0.03194   0.02140   0.0216   0.0472   1.0000  61.2400 160.0000
  11.000   1.0493   0.03768   0.02704   0.0277   0.0444   1.0000  61.6820 160.0000
  12.000   1.0714   0.04586   0.03302   0.0341   0.0423   1.0000  62.0229 160.0000
  13.000   0.9097   0.07192   0.05835   0.0266   0.0433   1.0000  61.8641 160.0000
  14.000   0.6792   0.15007   0.14377  -0.0217   0.0390   1.0000  62.6189 160.0000
  15.000   0.6922   0.16657   0.16495  -0.0290   0.0353   1.0000  63.3120 160.0000
