  
       XFOIL         Version 6.99
  
 Calculated polar for: FX 71-L-150/20 AIRFOIL                          
  
 1 1 Reynolds number fixed          Mach number fixed         
  
 xtrf =   1.000 (top)        1.000 (bottom)  
 Mach =   0.000     Re =     0.500 e 6     Ncrit =   9.000  9.000
  
   alpha    CL        CD       CDp       CM     Top_Xtr  Bot_Xtr  Top_Itr  Bot_Itr
  ------ -------- --------- --------- -------- -------- -------- -------- --------
  -6.000  -0.6414   0.01387   0.00336  -0.0045   0.7252   0.0357  16.9905  98.5190
  -5.000  -0.5480   0.01165   0.00244  -0.0026   0.7118   0.1591  17.6607 113.6761
  -4.000  -0.4541   0.00924   0.00159  -0.0008   0.6981   0.4133  18.3391 128.0612
  -3.000  -0.3453   0.00868   0.00165  -0.0001   0.6840   0.5366  19.0263 134.6462
  -2.000  -0.2305   0.00867   0.00188  -0.0001   0.6702   0.5836  19.6881 137.0962
  -1.000  -0.1156   0.00902   0.00229   0.0001   0.6566   0.6222  20.3401 138.9985
   0.000  -0.0000   0.00910   0.00236   0.0000   0.6416   0.6416  21.0614 139.9386
   1.000   0.1156   0.00902   0.00229  -0.0001   0.6222   0.6566  22.0022 140.6599
   2.000   0.2305   0.00867   0.00188   0.0001   0.5836   0.6702  23.9042 141.3119
   3.000   0.3453   0.00868   0.00165   0.0001   0.5366   0.6840  26.3538 141.9737
   4.000   0.4541   0.00924   0.00159   0.0008   0.4133   0.6981  32.9381 142.6609
   5.000   0.5480   0.01165   0.00244   0.0026   0.1591   0.7118  47.3239 143.3393
   6.000   0.6414   0.01387   0.00336   0.0045   0.0357   0.7252  62.4812 144.0095
   7.000   0.7347   0.01557   0.00428   0.0070   0.0224   0.7410  66.3245 144.8032
   8.000   0.8198   0.01747   0.00531   0.0103   0.0202   0.7571  67.0752 145.6204
   9.000   0.8848   0.01990   0.00664   0.0160   0.0194   0.7759  67.3557 146.6008
  10.000   0.9123   0.02338   0.00835   0.0251   0.0191   0.7996  67.4747 147.9039
  11.000   0.9493   0.02746   0.01080   0.0307   0.0187   0.8318  67.6128 149.6921
  12.000   1.0294   0.03237   0.01475   0.0272   0.0183   1.0000  67.7733 160.0000
  13.000   1.0755   0.03807   0.01871   0.0297   0.0182   1.0000  67.7886 160.0000
  14.000   1.1099   0.04535   0.02422   0.0316   0.0183   1.0000  67.7546 160.0000
  15.000   1.1042   0.05727   0.03436   0.0313   0.0187   1.0000  67.6257 160.0000
