  
       XFOIL         Version 6.99
  
 Calculated polar for: WORTMANN FX 71-120 AIRFOIL                      
  
 1 1 Reynolds number fixed          Mach number fixed         
  
 xtrf =   1.000 (top)        1.000 (bottom)  
 Mach =   0.000     Re =     0.500 e 6     Ncrit =   9.000  9.000
  
   alpha    CL        CD       CDp       CM     Top_Xtr  Bot_Xtr  Top_Itr  Bot_Itr
  ------ -------- --------- --------- -------- -------- -------- -------- --------
  -6.000  -0.7370   0.01466   0.00491   0.0094   1.0000   0.0768   1.0000 105.8134
  -5.000  -0.6096   0.01331   0.00380   0.0060   0.9919   0.0781   1.8844 105.9692
  -4.000  -0.4673   0.01173   0.00280  -0.0002   0.9765   0.0816   3.2661 106.3478
  -3.000  -0.3109   0.01036   0.00197  -0.0085   0.9542   0.0898   4.9827 107.2169
  -2.000  -0.1837   0.00868   0.00121  -0.0107   0.8960   0.2041   8.5114 115.3770
  -1.000  -0.0867   0.00763   0.00084  -0.0065   0.7872   0.4091  14.2937 126.6376
   0.000   0.0000   0.00730   0.00069  -0.0000   0.6135   0.6135  23.4112 137.5888
   1.000   0.0867   0.00763   0.00084   0.0065   0.4091   0.7872  34.3621 146.7044
   2.000   0.1837   0.00868   0.00122   0.0107   0.2041   0.8960  45.6235 152.4887
   3.000   0.3109   0.01036   0.00197   0.0085   0.0898   0.9542  53.7831 156.0180
   4.000   0.4673   0.01173   0.00280   0.0002   0.0816   0.9765  54.6522 157.7354
   5.000   0.6097   0.01331   0.00380  -0.0060   0.0781   0.9919  55.0308 159.1170
   6.000   0.7370   0.01466   0.00491  -0.0094   0.0768   1.0000  55.1866 160.0000
   7.000   0.8105   0.01625   0.00620  -0.0019   0.0759   1.0000  55.2947 160.0000
   8.000   0.8891   0.01825   0.00784   0.0046   0.0750   1.0000  55.4114 160.0000
   9.000   0.9703   0.02069   0.00988   0.0103   0.0740   1.0000  55.5363 160.0000
  10.000   1.0499   0.02361   0.01237   0.0158   0.0729   1.0000  55.6637 160.0000
  11.000   1.1234   0.02708   0.01471   0.0214   0.0697   1.0000  56.0626 160.0000
  12.000   1.1830   0.03000   0.01746   0.0290   0.0676   1.0000  56.3597 160.0000
  13.000   1.2413   0.03254   0.01915   0.0360   0.0648   1.0000  56.7365 160.0000
  14.000   1.2643   0.03715   0.02197   0.0461   0.0624   1.0000  57.0836 160.0000
  15.000   1.2474   0.04251   0.02600   0.0560   0.0600   1.0000  57.4430 160.0000
