  
       XFOIL         Version 6.99
  
 Calculated polar for: WORTMANN FX 72-MS-150B AIRFOIL                  
  
 1 1 Reynolds number fixed          Mach number fixed         
  
 xtrf =   1.000 (top)        1.000 (bottom)  
 Mach =   0.000     Re =     1.000 e 6     Ncrit =   9.000  9.000
  
   alpha    CL        CD       CDp       CM     Top_Xtr  Bot_Xtr  Top_Itr  Bot_Itr
  ------ -------- --------- --------- -------- -------- -------- -------- --------
  -6.000   0.4324   0.05485   0.04481  -0.1758   0.6137   0.0159  25.7373  92.9847
  -5.000   0.4649   0.03524   0.03033  -0.1693   0.5960   0.0166  26.8376  93.2284
  -4.000   0.6156   0.01338   0.01250  -0.2196   0.5889   0.0195  27.2794  94.1141
  -3.000   0.7972   0.01272   0.00484  -0.2464   0.5825   0.0175  27.6801  93.4989
  -2.000   0.9208   0.01081   0.00260  -0.2501   0.5735   0.0186  28.2527  93.8453
  -1.000   1.0406   0.01010   0.00184  -0.2530   0.5647   0.0226  28.8153  94.9620
   0.000   1.1588   0.00982   0.00156  -0.2555   0.5577   0.0503  29.2546 100.0076
   1.000   1.2766   0.00940   0.00181  -0.2587   0.5507   0.4921  29.7005 127.3514
   2.000   1.3853   0.00991   0.00206  -0.2592   0.5445   0.5504  30.0882 130.8136
   3.000   1.4931   0.01029   0.00223  -0.2598   0.5393   0.5757  30.4092 132.2676
   4.000   1.5982   0.01079   0.00238  -0.2600   0.5340   0.5955  30.7380 133.4349
   5.000   1.7035   0.01144   0.00259  -0.2605   0.5289   0.6199  31.0529 134.8854
   6.000   1.8031   0.01191   0.00275  -0.2599   0.5248   0.6530  31.3145 136.8566
   7.000   1.8924   0.01244   0.00278  -0.2575   0.5177   0.7123  31.7657 140.4750
   8.000   1.9623   0.01293   0.00278  -0.2514   0.5081   1.0000  32.3874 160.0000
   9.000   2.0227   0.01425   0.00274  -0.2444   0.4938   1.0000  33.3296 160.0000
  10.000   2.0717   0.01655   0.00307  -0.2366   0.4727   1.0000  34.7094 160.0000
  11.000   2.0873   0.02151   0.00461  -0.2256   0.4223   1.0000  38.1503 160.0000
  12.000   2.0104   0.03520   0.01168  -0.2072   0.3317   1.0000  44.2774 160.0000
  13.000   1.9114   0.05578   0.02503  -0.1934   0.2386   1.0000  50.5064 160.0000
  14.000   1.8279   0.07848   0.04165  -0.1857   0.1487   1.0000  56.8530 160.0000
  15.000   1.7630   0.10109   0.06005  -0.1821   0.0514   1.0000  65.3917 160.0000
