  
       XFOIL         Version 6.99
  
 Calculated polar for: WORTMANN FX 72-MS-150B AIRFOIL                  
  
 1 1 Reynolds number fixed          Mach number fixed         
  
 xtrf =   1.000 (top)        1.000 (bottom)  
 Mach =   0.000     Re =     0.500 e 6     Ncrit =   9.000  9.000
  
   alpha    CL        CD       CDp       CM     Top_Xtr  Bot_Xtr  Top_Itr  Bot_Itr
  ------ -------- --------- --------- -------- -------- -------- -------- --------
  -4.000   0.5868   0.03419   0.02628  -0.2112   0.6232   0.0278  25.1489  96.1974
  -3.000   0.7528   0.02174   0.01343  -0.2370   0.6130   0.0380  25.7845  98.1836
  -1.000   1.0263   0.01290   0.00334  -0.2506   0.5952   0.0312  26.8864  96.9106
   0.000   1.1483   0.01230   0.00293  -0.2543   0.5870   0.1053  27.3988 104.5378
   1.000   1.2653   0.01224   0.00342  -0.2570   0.5799   0.5510  27.8470 130.8497
   2.000   1.3740   0.01293   0.00385  -0.2575   0.5734   0.6060  28.2582 134.0638
   3.000   1.4827   0.01346   0.00413  -0.2584   0.5674   0.6289  28.6425 135.4200
   4.000   1.5950   0.01425   0.00440  -0.2602   0.5619   0.6512  28.9906 136.7528
   5.000   1.6963   0.01491   0.00484  -0.2601   0.5565   0.6820  29.3311 138.6302
   6.000   1.8004   0.01563   0.00522  -0.2606   0.5514   0.7378  29.6583 142.0665
   7.000   1.9064   0.01645   0.00552  -0.2616   0.5460   1.0000  29.9969 160.0000
   8.000   1.9863   0.01721   0.00552  -0.2577   0.5363   1.0000  30.5959 160.0000
   9.000   2.0583   0.01813   0.00516  -0.2523   0.5242   1.0000  31.3558 160.0000
  10.000   2.0884   0.01952   0.00468  -0.2398   0.5081   1.0000  32.3903 160.0000
  11.000   2.0985   0.02280   0.00493  -0.2265   0.4847   1.0000  33.9355 160.0000
  12.000   2.0919   0.02925   0.00733  -0.2141   0.4520   1.0000  36.0673 160.0000
  13.000   2.0298   0.04303   0.01466  -0.1998   0.3778   1.0000  41.1636 160.0000
  15.000   1.8236   0.09154   0.04990  -0.1813   0.1999   1.0000  53.1676 160.0000
