  
       XFOIL         Version 6.99
  
 Calculated polar for: WORTMANN FX 72-MS-150A AIRFOIL                  
  
 1 1 Reynolds number fixed          Mach number fixed         
  
 xtrf =   1.000 (top)        1.000 (bottom)  
 Mach =   0.000     Re =     1.000 e 6     Ncrit =   9.000  9.000
  
   alpha    CL        CD       CDp       CM     Top_Xtr  Bot_Xtr  Top_Itr  Bot_Itr
  ------ -------- --------- --------- -------- -------- -------- -------- --------
  -6.000   0.3097   0.04894   0.03919  -0.1645   0.6182   0.0161  24.5108  92.9964
  -5.000   0.3840   0.03345   0.02642  -0.1893   0.6056   0.0169  25.2725  93.2495
  -4.000   0.5103   0.02072   0.01338  -0.2068   0.5933   0.0200  26.0050  94.2836
  -3.000   0.6459   0.01266   0.00457  -0.2146   0.5841   0.0168  26.5628  93.2249
  -2.000   0.7676   0.01014   0.00203  -0.2174   0.5742   0.0152  27.1668  92.6716
  -1.000   0.8863   0.00952   0.00144  -0.2197   0.5655   0.0175  27.7087  93.4588
   0.000   1.0030   0.00928   0.00127  -0.2215   0.5577   0.0647  28.1905 102.6004
   1.000   1.1205   0.00872   0.00152  -0.2243   0.5511   0.5058  28.5955 129.0038
   2.000   1.2310   0.00921   0.00178  -0.2249   0.5438   0.5586  29.0373 132.0466
   3.000   1.3417   0.00950   0.00195  -0.2257   0.5390   0.5789  29.3300 133.1834
   4.000   1.4503   0.00988   0.00210  -0.2262   0.5332   0.5982  29.6815 134.2873
   5.000   1.5565   0.01036   0.00225  -0.2264   0.5256   0.6228  30.1459 135.7027
   6.000   1.6571   0.01069   0.00223  -0.2256   0.5148   0.6550  30.8144 137.5642
   7.000   1.7526   0.01107   0.00221  -0.2239   0.5021   0.7103  31.6298 140.8284
   8.000   1.8179   0.01151   0.00208  -0.2164   0.4745   1.0000  33.3960 160.0000
   9.000   1.7925   0.01657   0.00361  -0.1959   0.3527   1.0000  41.5505 160.0000
  10.000   1.6935   0.03019   0.01134  -0.1736   0.2086   1.0000  51.0251 160.0000
  11.000   1.6001   0.04913   0.02457  -0.1604   0.0774   1.0000  61.0714 160.0000
  12.000   1.5702   0.06468   0.03606  -0.1551   0.0117   1.0000  72.7270 160.0000
  13.000   1.5951   0.07460   0.04302  -0.1531   0.0103   1.0000  73.3533 160.0000
  14.000   1.6162   0.08537   0.05084  -0.1517   0.0094   1.0000  73.7359 160.0000
  15.000   1.6267   0.09804   0.06071  -0.1510   0.0089   1.0000  74.0030 160.0000
