  
       XFOIL         Version 6.99
  
 Calculated polar for: WORTMANN FX 72-MS-150A AIRFOIL                  
  
 1 1 Reynolds number fixed          Mach number fixed         
  
 xtrf =   1.000 (top)        1.000 (bottom)  
 Mach =   0.000     Re =     0.500 e 6     Ncrit =   9.000  9.000
  
   alpha    CL        CD       CDp       CM     Top_Xtr  Bot_Xtr  Top_Itr  Bot_Itr
  ------ -------- --------- --------- -------- -------- -------- -------- --------
  -6.000   0.3181   0.04679   0.03813  -0.1462   0.6446   0.0247  22.9266  95.6586
  -5.000   0.3543   0.03166   0.02797  -0.1640   0.6330   0.0267  23.6240  96.1915
  -4.000   0.4775   0.01587   0.01433  -0.1942   0.6232   0.0310  24.2101  97.2419
  -3.000   0.6094   0.01037   0.00762  -0.2051   0.6132   0.0408  24.8171  99.2575
  -2.000   0.7541   0.01341   0.00389  -0.2150   0.6065   0.0220  25.2195  94.8747
  -1.000   0.8730   0.01227   0.00289  -0.2174   0.5965   0.0263  25.8163  96.0878
   0.000   0.9975   0.01093   0.00265  -0.2220   0.5879   0.4637  26.3347 126.4899
   1.000   1.1090   0.01148   0.00316  -0.2224   0.5805   0.5800  26.7822 133.2461
   2.000   1.2208   0.01208   0.00349  -0.2233   0.5741   0.6115  27.1748 135.0568
   3.000   1.3311   0.01251   0.00375  -0.2242   0.5676   0.6297  27.5766 136.0989
   4.000   1.4428   0.01314   0.00403  -0.2255   0.5619   0.6520  27.9299 137.3901
   5.000   1.5488   0.01378   0.00448  -0.2259   0.5561   0.6822  28.2875 139.1751
   6.000   1.6540   0.01420   0.00455  -0.2260   0.5471   0.7341  28.8398 142.2677
   7.000   1.7442   0.01431   0.00437  -0.2232   0.5335   1.0000  29.6642 160.0000
   8.000   1.8301   0.01493   0.00409  -0.2199   0.5185   1.0000  30.5875 160.0000
   9.000   1.8689   0.01578   0.00341  -0.2077   0.4921   1.0000  32.2711 160.0000
  10.000   1.8638   0.01957   0.00411  -0.1914   0.4276   1.0000  36.5085 160.0000
  11.000   1.7619   0.03382   0.01198  -0.1703   0.3038   1.0000  44.7278 160.0000
  12.000   1.6555   0.05489   0.02690  -0.1578   0.1853   1.0000  52.6160 160.0000
  13.000   1.5703   0.07787   0.04498  -0.1519   0.0483   1.0000  64.3877 160.0000
  14.000   1.5667   0.09215   0.05618  -0.1503   0.0162   1.0000  71.0210 160.0000
  15.000   1.5848   0.10382   0.06554  -0.1499   0.0144   1.0000  71.6531 160.0000
