  
       XFOIL         Version 6.99
  
 Calculated polar for: FX 73-170                                       
  
 1 1 Reynolds number fixed          Mach number fixed         
  
 xtrf =   1.000 (top)        1.000 (bottom)  
 Mach =   0.000     Re =     1.000 e 6     Ncrit =   9.000  9.000
  
   alpha    CL        CD       CDp       CM     Top_Xtr  Bot_Xtr  Top_Itr  Bot_Itr
  ------ -------- --------- --------- -------- -------- -------- -------- --------
  -6.000  -0.0370   0.01170   0.00280  -0.1381   0.7145   0.0151  21.4387  90.5467
  -5.000   0.0668   0.01058   0.00215  -0.1382   0.7095   0.0203  21.7648  91.8195
  -3.000   0.2664   0.00712   0.00110  -0.1381   0.6991   0.5122  22.4558 125.4478
  -2.000   0.3799   0.00730   0.00150  -0.1390   0.6939   0.6235  22.8011 132.6773
  -1.000   0.4945   0.00780   0.00199  -0.1400   0.6889   0.6495  23.1394 134.2987
   0.000   0.6083   0.00801   0.00210  -0.1412   0.6834   0.6601  23.5056 134.9547
   1.000   0.7225   0.00799   0.00202  -0.1427   0.6779   0.6646  23.8744 135.2356
   2.000   0.8342   0.00811   0.00204  -0.1438   0.6721   0.6684  24.2658 135.4769
   3.000   0.9461   0.00817   0.00196  -0.1449   0.6656   0.6726  24.7069 135.7345
   4.000   1.0543   0.00822   0.00174  -0.1452   0.6553   0.6760  25.4014 135.9480
   5.000   1.1578   0.00812   0.00138  -0.1445   0.6404   0.6800  26.4175 136.1979
   6.000   1.2506   0.00814   0.00089  -0.1415   0.6113   0.6844  28.3930 136.4797
   7.000   1.3287   0.00859   0.00054  -0.1358   0.5687   0.6890  31.2786 136.7671
   8.000   1.3163   0.01077   0.00011  -0.1127   0.4682   0.6935  37.9760 137.0548
   9.000   1.2541   0.01743   0.00191  -0.0883   0.3380   0.6999  46.4280 137.4595
  10.000   1.2322   0.02451   0.00499  -0.0741   0.2145   0.7055  54.5276 137.8120
  11.000   1.2388   0.03116   0.00843  -0.0654   0.1122   0.7111  61.6367 138.1690
  12.000   1.2669   0.03717   0.01179  -0.0600   0.0536   0.7179  66.3843 138.6011
  13.000   1.3088   0.04260   0.01489  -0.0566   0.0343   0.7257  68.4840 139.1004
  14.000   1.3519   0.04842   0.01842  -0.0542   0.0255   0.7358  69.7664 139.7449
  15.000   1.3933   0.05474   0.02240  -0.0524   0.0200   0.7483  70.7667 140.5486
