  
       XFOIL         Version 6.99
  
 Calculated polar for: FX 73-170 A                                     
  
 1 1 Reynolds number fixed          Mach number fixed         
  
 xtrf =   1.000 (top)        1.000 (bottom)  
 Mach =   0.000     Re =     1.000 e 6     Ncrit =   9.000  9.000
  
   alpha    CL        CD       CDp       CM     Top_Xtr  Bot_Xtr  Top_Itr  Bot_Itr
  ------ -------- --------- --------- -------- -------- -------- -------- --------
  -6.000   0.0019   0.01324   0.00379  -0.1313   0.6724   0.0097  24.8916  90.1822
  -5.000   0.0996   0.01168   0.00264  -0.1298   0.6656   0.0114  25.3492  90.7383
  -4.000   0.1975   0.01034   0.00172  -0.1282   0.6591   0.0140  25.7909  91.5318
  -3.000   0.3003   0.00957   0.00128  -0.1274   0.6526   0.0240  26.2234  93.7814
  -2.000   0.3996   0.00860   0.00097  -0.1262   0.6466   0.1652  26.6333 104.8187
  -1.000   0.4753   0.00691   0.00093  -0.1205   0.6403   0.7332  27.0562 139.9482
   0.000   0.5795   0.00715   0.00122  -0.1194   0.6347   0.8013  27.4313 144.1850
   1.000   0.6869   0.00745   0.00136  -0.1193   0.6291   0.8287  27.8070 145.9141
   2.000   0.7955   0.00767   0.00142  -0.1199   0.6235   0.8400  28.1860 146.6385
   3.000   0.9021   0.00782   0.00139  -0.1202   0.6178   0.8494  28.5733 147.2430
   4.000   1.0119   0.00816   0.00138  -0.1213   0.6116   0.8591  28.9937 147.8745
   5.000   1.1108   0.00830   0.00130  -0.1202   0.6054   0.8688  29.4165 148.5019
   6.000   1.2097   0.00850   0.00100  -0.1192   0.5953   0.8786  30.0993 149.1416
   7.000   1.2959   0.00866   0.00050  -0.1156   0.5819   0.8909  31.0161 149.9468
   8.000   1.3605   0.00897  -0.00023  -0.1079   0.5608   0.9116  32.4538 151.3142
   9.000   1.4846   0.01015   0.00010  -0.1152   0.5179   0.9483  35.4004 153.8562
  10.000   1.4992   0.01738   0.00290  -0.1086   0.3931   1.0000  43.8654 160.0000
  12.000   1.4086   0.03956   0.01531  -0.0827   0.1598   1.0000  59.6602 160.0000
  13.000   1.3993   0.04952   0.02158  -0.0757   0.0743   1.0000  66.1706 160.0000
  14.000   1.4129   0.05808   0.02704  -0.0715   0.0356   1.0000  69.9599 160.0000
  15.000   1.4421   0.06550   0.03165  -0.0689   0.0248   1.0000  71.4919 160.0000
