  
       XFOIL         Version 6.99
  
 Calculated polar for: FX 73-CL1-152                                   
  
 1 1 Reynolds number fixed          Mach number fixed         
  
 xtrf =   1.000 (top)        1.000 (bottom)  
 Mach =   0.000     Re =     1.000 e 6     Ncrit =   9.000  9.000
  
   alpha    CL        CD       CDp       CM     Top_Xtr  Bot_Xtr  Top_Itr  Bot_Itr
  ------ -------- --------- --------- -------- -------- -------- -------- --------
  -6.000  -0.0602   0.01263   0.00385  -0.1179   0.4484   0.0383  31.2802 101.7338
  -5.000   0.0493   0.01163   0.00291  -0.1166   0.4344   0.0411  32.0439 102.3131
  -4.000   0.1620   0.01107   0.00236  -0.1155   0.4243   0.0445  32.6032 103.0217
  -3.000   0.2737   0.01054   0.00190  -0.1143   0.4148   0.0495  33.1323 103.9531
  -2.000   0.3864   0.01009   0.00156  -0.1133   0.4063   0.0576  33.6141 105.2957
  -1.000   0.4986   0.00991   0.00140  -0.1123   0.3973   0.0723  34.1221 107.3500
   0.000   0.6115   0.00967   0.00130  -0.1114   0.3900   0.1052  34.5442 110.7176
   1.000   0.7218   0.00963   0.00139  -0.1103   0.3815   0.1967  35.0364 116.6590
   2.000   0.8340   0.00953   0.00149  -0.1095   0.3753   0.2879  35.4038 121.3593
   3.000   0.9411   0.00933   0.00171  -0.1081   0.3671   0.5574  35.8898 135.0330
   4.000   1.0604   0.00885   0.00197  -0.1091   0.3601   1.0000  36.3161 160.0000
   5.000   1.1693   0.00931   0.00210  -0.1080   0.3517   1.0000  36.8338 160.0000
   6.000   1.2776   0.00977   0.00227  -0.1069   0.3439   1.0000  37.3208 160.0000
   7.000   1.3820   0.01041   0.00244  -0.1053   0.3332   1.0000  38.0012 160.0000
   8.000   1.4876   0.01087   0.00260  -0.1041   0.3250   1.0000  38.5360 160.0000
   9.000   1.5875   0.01159   0.00282  -0.1021   0.3144   1.0000  39.2288 160.0000
  10.000   1.6816   0.01249   0.00309  -0.0993   0.3030   1.0000  39.9820 160.0000
  11.000   1.7743   0.01330   0.00332  -0.0965   0.2937   1.0000  40.6148 160.0000
  12.000   1.8516   0.01440   0.00349  -0.0913   0.2786   1.0000  41.6433 160.0000
  13.000   1.9151   0.01584   0.00374  -0.0842   0.2649   1.0000  42.5877 160.0000
  14.000   1.9652   0.01835   0.00447  -0.0773   0.2462   1.0000  43.8958 160.0000
  15.000   2.0136   0.02245   0.00625  -0.0738   0.2303   1.0000  45.0228 160.0000
