  
       XFOIL         Version 6.99
  
 Calculated polar for: FX 74-CL6-140                                   
  
 1 1 Reynolds number fixed          Mach number fixed         
  
 xtrf =   1.000 (top)        1.000 (bottom)  
 Mach =   0.000     Re =     1.000 e 6     Ncrit =   9.000  9.000
  
   alpha    CL        CD       CDp       CM     Top_Xtr  Bot_Xtr  Top_Itr  Bot_Itr
  ------ -------- --------- --------- -------- -------- -------- -------- --------
  -6.000   0.1370   0.05506   0.04547  -0.1106   0.4821   0.0123  32.6179  92.9928
  -5.000   0.1927   0.03165   0.03052  -0.1161   0.4751   0.0130  33.0365  93.2473
  -4.000   0.3128   0.02492   0.01732  -0.1396   0.4725   0.0158  33.1900  94.2400
  -3.000   0.4419   0.01354   0.00465  -0.1451   0.4675   0.0151  33.4970  94.0190
  -2.000   0.5591   0.01106   0.00255  -0.1463   0.4617   0.0165  33.8503  94.4482
  -1.000   0.6768   0.01025   0.00185  -0.1474   0.4568   0.0189  34.1553  95.2163
   0.000   0.7946   0.00979   0.00156  -0.1485   0.4517   0.0374  34.4758  99.5306
   1.000   0.9133   0.00871   0.00190  -0.1510   0.4461   0.6901  34.8260 139.2028
   2.000   1.0259   0.00912   0.00222  -0.1510   0.4410   0.7532  35.1504 142.9882
   3.000   1.1383   0.00932   0.00238  -0.1513   0.4357   0.7805  35.4917 144.6677
   4.000   1.2504   0.00970   0.00250  -0.1518   0.4294   0.7899  35.8988 145.2517
   6.000   1.4720   0.01030   0.00277  -0.1528   0.4176   0.8199  36.6787 147.1155
   7.000   1.5780   0.01066   0.00296  -0.1526   0.4106   0.8758  37.1493 150.6471
   8.000   1.6839   0.01092   0.00300  -0.1526   0.4031   1.0000  37.6599 160.0000
   9.000   1.7885   0.01150   0.00309  -0.1525   0.3935   1.0000  38.3171 160.0000
  10.000   1.8887   0.01199   0.00289  -0.1519   0.3730   1.0000  39.7584 160.0000
  11.000   1.9800   0.01302   0.00298  -0.1499   0.3436   1.0000  41.8424 160.0000
  12.000   2.0530   0.01480   0.00346  -0.1452   0.3058   1.0000  44.5402 160.0000
  13.000   2.0526   0.01887   0.00503  -0.1296   0.2471   1.0000  48.7368 160.0000
  14.000   1.9659   0.03205   0.01253  -0.1148   0.1909   1.0000  52.8735 160.0000
  15.000   1.8507   0.05553   0.02855  -0.1114   0.1566   1.0000  55.4766 160.0000
