  
       XFOIL         Version 6.99
  
 Calculated polar for: FX 74-CL6-140                                   
  
 1 1 Reynolds number fixed          Mach number fixed         
  
 xtrf =   1.000 (top)        1.000 (bottom)  
 Mach =   0.000     Re =     0.500 e 6     Ncrit =   9.000  9.000
  
   alpha    CL        CD       CDp       CM     Top_Xtr  Bot_Xtr  Top_Itr  Bot_Itr
  ------ -------- --------- --------- -------- -------- -------- -------- --------
  -6.000   0.1326   0.06181   0.05242  -0.1012   0.5086   0.0190  31.0593  95.2382
  -5.000   0.1982   0.04396   0.03440  -0.1250   0.5038   0.0217  31.3409  96.0449
  -4.000   0.2973   0.03208   0.02339  -0.1351   0.4980   0.0260  31.6781  97.1666
  -3.000   0.4176   0.02343   0.01433  -0.1419   0.4916   0.0360  32.0529  99.2699
  -2.000   0.5473   0.01496   0.00509  -0.1444   0.4863   0.0236  32.3648  96.5471
  -1.000   0.6648   0.01338   0.00366  -0.1454   0.4801   0.0271  32.7349  97.4162
   0.000   0.7846   0.01267   0.00330  -0.1474   0.4744   0.1304  33.0791 107.9012
   1.000   0.8976   0.01195   0.00410  -0.1481   0.4686   0.7663  33.4331 143.7924
   2.000   1.0059   0.01227   0.00435  -0.1470   0.4626   0.8245  33.7951 147.4015
   3.000   1.1176   0.01284   0.00469  -0.1475   0.4567   0.8455  34.1609 148.7279
   4.000   1.2285   0.01319   0.00498  -0.1479   0.4502   0.8649  34.5670 149.9557
   5.000   1.3365   0.01358   0.00510  -0.1478   0.4439   1.0000  34.9648 160.0000
   6.000   1.4474   0.01422   0.00554  -0.1488   0.4371   1.0000  35.4003 160.0000
   7.000   1.5576   0.01481   0.00564  -0.1496   0.4302   1.0000  35.8484 160.0000
   8.000   1.6618   0.01565   0.00603  -0.1496   0.4223   1.0000  36.3680 160.0000
   9.000   1.7667   0.01626   0.00598  -0.1496   0.4141   1.0000  36.9160 160.0000
  10.000   1.8624   0.01678   0.00589  -0.1482   0.4023   1.0000  37.7133 160.0000
  11.000   1.9472   0.01701   0.00507  -0.1448   0.3817   1.0000  39.1436 160.0000
  12.000   2.0141   0.01810   0.00486  -0.1388   0.3564   1.0000  40.9355 160.0000
  13.000   2.0411   0.02070   0.00548  -0.1276   0.3267   1.0000  43.0527 160.0000
  14.000   2.0156   0.02827   0.00914  -0.1158   0.2874   1.0000  45.8501 160.0000
  15.000   1.9245   0.04708   0.02100  -0.1104   0.2464   1.0000  48.7879 160.0000
