  
       XFOIL         Version 6.99
  
 Calculated polar for: FX 74-130 WP1                                   
  
 1 1 Reynolds number fixed          Mach number fixed         
  
 xtrf =   1.000 (top)        1.000 (bottom)  
 Mach =   0.000     Re =     1.000 e 6     Ncrit =   9.000  9.000
  
   alpha    CL        CD       CDp       CM     Top_Xtr  Bot_Xtr  Top_Itr  Bot_Itr
  ------ -------- --------- --------- -------- -------- -------- -------- --------
  -5.000  -0.0048   0.01280   0.00434  -0.1221   0.7898   0.0108  16.7394  88.3368
  -4.000   0.0977   0.01068   0.00265  -0.1214   0.7851   0.0121  17.0771  88.6522
  -3.000   0.2033   0.00921   0.00177  -0.1213   0.7796   0.0175  17.4615  89.7359
  -2.000   0.3114   0.00737   0.00139  -0.1228   0.7744   0.3799  17.8336 115.8105
  -1.000   0.4218   0.00669   0.00198  -0.1237   0.7687   0.7991  18.2365 144.6613
   0.000   0.5313   0.00716   0.00247  -0.1233   0.7623   0.8296  18.6958 146.8215
   1.000   0.6430   0.00732   0.00256  -0.1239   0.7558   0.8418  19.1637 147.6928
   2.000   0.7595   0.00715   0.00225  -0.1260   0.7458   0.8464  19.8932 148.0153
   3.000   0.8716   0.00686   0.00187  -0.1270   0.7305   0.8498  21.0177 148.2573
   4.000   0.9795   0.00667   0.00145  -0.1271   0.7012   0.8527  23.1863 148.4693
   5.000   1.0733   0.00714   0.00113  -0.1244   0.6179   0.8556  29.1926 148.6697
   6.000   1.0848   0.01012   0.00174  -0.1060   0.3696   0.8600  46.6434 148.9841
   7.000   1.0768   0.01403   0.00297  -0.0866   0.1683   0.8655  60.8762 149.3775
   8.000   1.1072   0.01786   0.00451  -0.0761   0.0461   0.8696  70.3177 149.6710
   9.000   1.1625   0.02094   0.00588  -0.0700   0.0216   0.8730  72.8984 149.9111
  10.000   1.2233   0.02385   0.00729  -0.0652   0.0159   0.8770  73.7942 150.1964
  11.000   1.2818   0.02707   0.00894  -0.0607   0.0117   0.8815  74.6269 150.5220
  12.000   1.3334   0.03110   0.01111  -0.0560   0.0082   0.8865  75.5599 150.8773
  13.000   1.3730   0.03648   0.01432  -0.0510   0.0061   0.8927  76.2920 151.3267
  14.000   1.4106   0.04247   0.01815  -0.0469   0.0050   0.9017  76.7835 151.9732
  15.000   1.4214   0.05162   0.02480  -0.0422   0.0043   0.9226  77.1194 153.4829
