  
       XFOIL         Version 6.99
  
 Calculated polar for: FX 74-Cl5-140 MOD  (smoothed)                   
  
 1 1 Reynolds number fixed          Mach number fixed         
  
 xtrf =   1.000 (top)        1.000 (bottom)  
 Mach =   0.000     Re =     0.500 e 6     Ncrit =   9.000  9.000
  
   alpha    CL        CD       CDp       CM     Top_Xtr  Bot_Xtr  Top_Itr  Bot_Itr
  ------ -------- --------- --------- -------- -------- -------- -------- --------
  -6.000   0.3633   0.06860   0.06182  -0.1372   0.6024   0.0150  29.0425  92.6493
  -5.000   0.4403   0.05884   0.04898  -0.1556   0.5857   0.0162  30.1037  92.9965
  -4.000   0.5127   0.04950   0.04224  -0.1629   0.5696   0.0176  31.1332  93.3212
  -3.000   0.6832   0.03531   0.02802  -0.1988   0.5538   0.0218  32.1412  94.2616
  -1.000   1.0640   0.01723   0.00809  -0.2474   0.5236   0.0460  34.0841  97.4664
   0.000   1.2037   0.01403   0.00381  -0.2529   0.5097   0.0338  34.9812  96.1910
   1.000   1.3227   0.01343   0.00291  -0.2550   0.4968   0.0407  35.8173  96.9925
   2.000   1.4413   0.01258   0.00328  -0.2578   0.4844   0.8481  36.6279 147.6612
   3.000   1.5433   0.01309   0.00337  -0.2565   0.4723   1.0000  37.4180 160.0000
   4.000   1.6467   0.01393   0.00355  -0.2559   0.4606   1.0000  38.1873 160.0000
   5.000   1.7465   0.01484   0.00374  -0.2547   0.4490   1.0000  38.9556 160.0000
   6.000   1.8414   0.01570   0.00398  -0.2527   0.4378   1.0000  39.6964 160.0000
   7.000   1.9311   0.01679   0.00423  -0.2499   0.4265   1.0000  40.4465 160.0000
   8.000   2.0115   0.01805   0.00445  -0.2454   0.4154   1.0000  41.1830 160.0000
   9.000   2.0837   0.01949   0.00468  -0.2397   0.4042   1.0000  41.9377 160.0000
  10.000   2.1288   0.02144   0.00500  -0.2297   0.3839   1.0000  43.3056 160.0000
  11.000   2.1689   0.02448   0.00582  -0.2203   0.3617   1.0000  44.8140 160.0000
  12.000   2.1833   0.03017   0.00812  -0.2098   0.3237   1.0000  47.4251 160.0000
  13.000   2.1096   0.04622   0.01752  -0.1963   0.2466   1.0000  52.8787 160.0000
  14.000   1.9884   0.07122   0.03534  -0.1868   0.1797   1.0000  57.8312 160.0000
  15.000   1.8667   0.09907   0.05843  -0.1821   0.1192   1.0000  62.6023 160.0000
