  
       XFOIL         Version 6.99
  
 Calculated polar for: 74-130 WP2 MOD                                  
  
 1 1 Reynolds number fixed          Mach number fixed         
  
 xtrf =   1.000 (top)        1.000 (bottom)  
 Mach =   0.000     Re =     1.000 e 6     Ncrit =   9.000  9.000
  
   alpha    CL        CD       CDp       CM     Top_Xtr  Bot_Xtr  Top_Itr  Bot_Itr
  ------ -------- --------- --------- -------- -------- -------- -------- --------
  -4.000   0.0473   0.01143   0.00307  -0.1031   0.7617   0.0090  19.0252  87.2965
  -3.000   0.1526   0.00957   0.00178  -0.1026   0.7550   0.0114  19.5143  87.8564
  -2.000   0.2623   0.00839   0.00103  -0.1030   0.7474   0.0290  20.0654  90.1419
  -1.000   0.3648   0.00595   0.00115  -0.1033   0.7382   0.7946  20.7375 144.4124
   0.000   0.4748   0.00625   0.00149  -0.1029   0.7276   0.8355  21.5211 147.3443
   1.000   0.5864   0.00625   0.00145  -0.1034   0.7138   0.8508  22.5420 148.4514
   2.000   0.7004   0.00622   0.00125  -0.1049   0.6957   0.8574  23.8933 148.9264
   3.000   0.8121   0.00623   0.00108  -0.1060   0.6681   0.8612  25.9584 149.2042
   4.000   0.9178   0.00658   0.00097  -0.1058   0.6190   0.8650  29.5725 149.4800
   5.000   1.0177   0.00725   0.00100  -0.1048   0.5595   0.8691  33.8552 149.7751
   6.000   1.1121   0.00813   0.00111  -0.1028   0.4838   0.8730  39.2816 150.0492
   7.000   1.1051   0.01227   0.00233  -0.0826   0.1855   0.8822  60.8871 150.7137
   8.000   1.1119   0.01620   0.00376  -0.0677   0.0504   0.8931  71.3607 151.4929
   9.000   1.1583   0.01926   0.00508  -0.0604   0.0202   0.9066  74.3348 152.4612
  10.000   1.1953   0.02313   0.00680  -0.0525   0.0059   0.9622  77.0791 156.5504
  11.000   1.2438   0.02741   0.00906  -0.0479   0.0043   1.0000  77.7161 160.0000
  12.000   1.2627   0.03428   0.01318  -0.0411   0.0037   1.0000  77.9746 160.0000
  13.000   1.2899   0.04135   0.01782  -0.0364   0.0035   1.0000  78.0808 160.0000
  14.000   1.3155   0.04943   0.02350  -0.0332   0.0032   1.0000  78.2382 160.0000
  15.000   1.3276   0.06002   0.03158  -0.0312   0.0029   1.0000  78.4265 160.0000
