  
       XFOIL         Version 6.99
  
 Calculated polar for: FX 75-193                                       
  
 1 1 Reynolds number fixed          Mach number fixed         
  
 xtrf =   1.000 (top)        1.000 (bottom)  
 Mach =   0.000     Re =     1.000 e 6     Ncrit =   9.000  9.000
  
   alpha    CL        CD       CDp       CM     Top_Xtr  Bot_Xtr  Top_Itr  Bot_Itr
  ------ -------- --------- --------- -------- -------- -------- -------- --------
  -6.000  -0.0769   0.01325   0.00335  -0.1289   0.7540   0.0116  15.6332  89.1564
  -5.000   0.0168   0.01202   0.00310  -0.1281   0.7499   0.0423  15.8919  97.8938
  -4.000   0.1143   0.01051   0.00278  -0.1284   0.7448   0.1863  16.2343 113.9315
  -3.000   0.2184   0.00798   0.00242  -0.1307   0.7392   0.6127  16.6209 136.1715
  -2.000   0.3408   0.00838   0.00280  -0.1333   0.7350   0.6517  16.9047 138.6316
  -1.000   0.4574   0.00874   0.00318  -0.1346   0.7278   0.6656  17.4164 139.4838
   0.000   0.5763   0.00880   0.00321  -0.1366   0.7211   0.6771  17.8855 140.1757
   1.000   0.6903   0.00863   0.00300  -0.1380   0.7115   0.6817  18.5487 140.4582
   2.000   0.8038   0.00848   0.00261  -0.1393   0.6988   0.6874  19.4038 140.8026
   3.000   0.9132   0.00839   0.00228  -0.1401   0.6813   0.6925  20.5257 141.1047
   4.000   1.0140   0.00844   0.00199  -0.1389   0.6506   0.6964  22.4430 141.3392
   5.000   1.0934   0.00900   0.00171  -0.1334   0.6011   0.7013  25.3675 141.6324
   6.000   1.1362   0.00987   0.00129  -0.1207   0.5464   0.7059  28.4165 141.9028
   7.000   1.1129   0.01274   0.00110  -0.0982   0.4709   0.7094  32.5339 142.1059
   8.000   1.0959   0.01715   0.00185  -0.0806   0.3818   0.7121  37.3439 142.2612
   9.000   1.0758   0.02242   0.00341  -0.0643   0.2512   0.7143  44.6662 142.3891
  10.000   1.0514   0.02945   0.00668  -0.0502   0.0844   0.7159  57.7249 142.4797
  11.000   1.0703   0.03528   0.00977  -0.0429   0.0158   0.7175  71.9677 142.5677
  12.000   1.1171   0.03980   0.01208  -0.0392   0.0096   0.7187  74.4253 142.6378
  13.000   1.1601   0.04499   0.01503  -0.0360   0.0088   0.7191  74.8367 142.6614
  14.000   1.1930   0.05158   0.01921  -0.0331   0.0084   0.7196  75.0038 142.6869
  15.000   1.2216   0.05916   0.02440  -0.0311   0.0083   0.7200  75.0445 142.7135
