  
       XFOIL         Version 6.99
  
 Calculated polar for: FX 75-193                                       
  
 1 1 Reynolds number fixed          Mach number fixed         
  
 xtrf =   1.000 (top)        1.000 (bottom)  
 Mach =   0.000     Re =     0.500 e 6     Ncrit =   9.000  9.000
  
   alpha    CL        CD       CDp       CM     Top_Xtr  Bot_Xtr  Top_Itr  Bot_Itr
  ------ -------- --------- --------- -------- -------- -------- -------- --------
  -6.000  -0.1122   0.01767   0.00633  -0.1225   0.7724   0.0294  14.4976  94.7906
  -5.000  -0.0256   0.01632   0.00617  -0.1209   0.7666   0.0885  14.8433 105.5374
  -4.000   0.0521   0.01305   0.00576  -0.1206   0.7575   0.5509  15.4082 132.6735
  -3.000   0.1702   0.01423   0.00726  -0.1211   0.7516   0.6472  15.7851 138.3551
  -2.000   0.2807   0.01533   0.00820  -0.1207   0.7444   0.6656  16.2634 139.4807
  -1.000   0.3912   0.01636   0.00922  -0.1194   0.7369   0.6829  16.7736 140.5258
   0.000   0.5039   0.01587   0.00866  -0.1209   0.7283   0.6939  17.3763 141.1930
   1.000   0.6221   0.01522   0.00800  -0.1230   0.7216   0.7004  17.8516 141.5787
   2.000   0.7338   0.01448   0.00712  -0.1246   0.7114   0.7096  18.5600 142.1194
   3.000   0.8515   0.01362   0.00623  -0.1266   0.7028   0.7149  19.1374 142.4182
   4.000   0.9703   0.01293   0.00517  -0.1292   0.6897   0.7228  19.9957 142.8726
   5.000   1.0574   0.01260   0.00450  -0.1256   0.6661   0.7292  21.4817 143.2383
   6.000   1.1280   0.01241   0.00339  -0.1182   0.6292   0.7353  23.7425 143.5904
   7.000   1.1593   0.01342   0.00237  -0.1044   0.5800   0.7415  26.5504 143.9463
   8.000   1.1518   0.01626   0.00204  -0.0868   0.5142   0.7453  30.1858 144.1678
   9.000   1.1524   0.02007   0.00251  -0.0726   0.4408   0.7492  34.1583 144.3928
  10.000   1.1281   0.02596   0.00446  -0.0571   0.3219   0.7515  40.6296 144.5236
  11.000   1.1044   0.03369   0.00838  -0.0447   0.1724   0.7534  49.7159 144.6359
  12.000   1.0866   0.04284   0.01408  -0.0359   0.0411   0.7549  64.8598 144.7234
  13.000   1.1070   0.05033   0.01890  -0.0319   0.0166   0.7558  71.6878 144.7759
  14.000   1.1354   0.05786   0.02406  -0.0296   0.0144   0.7565  72.4979 144.8182
  15.000   1.1559   0.06692   0.03082  -0.0285   0.0134   0.7569  72.8728 144.8413
