  
       XFOIL         Version 6.99
  
 Calculated polar for: FX 76-MP-160                                    
  
 1 1 Reynolds number fixed          Mach number fixed         
  
 xtrf =   1.000 (top)        1.000 (bottom)  
 Mach =   0.000     Re =     1.000 e 6     Ncrit =   9.000  9.000
  
   alpha    CL        CD       CDp       CM     Top_Xtr  Bot_Xtr  Top_Itr  Bot_Itr
  ------ -------- --------- --------- -------- -------- -------- -------- --------
  -6.000   0.1355   0.01011   0.00222  -0.1781   0.7539   0.0425  16.3781  89.6786
  -5.000   0.2488   0.00948   0.00179  -0.1787   0.7464   0.0486  16.7668  90.7803
  -4.000   0.3627   0.00909   0.00158  -0.1793   0.7385   0.0601  17.1758  92.6224
  -3.000   0.4761   0.00861   0.00128  -0.1797   0.7296   0.0746  17.6467  94.5803
  -2.000   0.5892   0.00822   0.00105  -0.1801   0.7189   0.1118  18.2111  98.5595
  -1.000   0.7011   0.00789   0.00080  -0.1802   0.7048   0.1591  18.9646 102.5168
   0.000   0.8108   0.00762   0.00066  -0.1799   0.6892   0.2169  19.7946 106.6791
   1.000   0.9185   0.00742   0.00054  -0.1794   0.6693   0.3199  20.8526 113.3195
   2.000   1.0206   0.00711   0.00047  -0.1780   0.6423   0.5400  22.2961 126.3395
   3.000   1.1118   0.00729   0.00056  -0.1739   0.6008   0.7379  24.4744 137.9161
   4.000   1.1807   0.00807   0.00053  -0.1654   0.5473   0.7712  27.2332 140.0072
   5.000   1.2265   0.00933   0.00051  -0.1527   0.4889   0.7979  30.1854 141.7494
   6.000   1.2689   0.01084   0.00056  -0.1404   0.4405   0.8235  32.6158 143.5095
   7.000   1.3048   0.01309   0.00088  -0.1285   0.3901   0.8488  35.1523 145.3251
   8.000   1.3459   0.01564   0.00147  -0.1186   0.3452   0.8866  37.4075 148.2701
   9.000   1.4397   0.01847   0.00314  -0.1204   0.3075   1.0000  39.3469 160.0000
  10.000   1.5033   0.02178   0.00453  -0.1166   0.2731   1.0000  41.1519 160.0000
  11.000   1.5669   0.02531   0.00610  -0.1133   0.2472   1.0000  42.5230 160.0000
  12.000   1.6216   0.02952   0.00804  -0.1094   0.2157   1.0000  44.2594 160.0000
  13.000   1.6704   0.03418   0.01024  -0.1052   0.1904   1.0000  45.6853 160.0000
  14.000   1.7087   0.03968   0.01297  -0.1005   0.1609   1.0000  47.4577 160.0000
  15.000   1.7352   0.04634   0.01655  -0.0954   0.1353   1.0000  49.0625 160.0000
