  
       XFOIL         Version 6.99
  
 Calculated polar for: FX 76-MP-120                                    
  
 1 1 Reynolds number fixed          Mach number fixed         
  
 xtrf =   1.000 (top)        1.000 (bottom)  
 Mach =   0.000     Re =     0.500 e 6     Ncrit =   9.000  9.000
  
   alpha    CL        CD       CDp       CM     Top_Xtr  Bot_Xtr  Top_Itr  Bot_Itr
  ------ -------- --------- --------- -------- -------- -------- -------- --------
  -6.000   0.2800   0.01832   0.01001  -0.2093   0.7879   0.0244  16.6911  94.1748
  -5.000   0.3901   0.01516   0.00648  -0.2111   0.7798   0.0291  17.2208  95.0170
  -4.000   0.5015   0.01303   0.00476  -0.2122   0.7711   0.0386  17.7994  96.3375
  -3.000   0.6118   0.01221   0.00400  -0.2124   0.7618   0.0526  18.4211  97.8466
  -2.000   0.7268   0.01132   0.00320  -0.2136   0.7526   0.0726  19.0312  99.4912
  -1.000   0.8360   0.01078   0.00278  -0.2134   0.7415   0.1085  19.7811 101.9382
   0.000   0.9450   0.01020   0.00258  -0.2136   0.7294   0.2621  20.6001 111.5561
   1.000   1.0401   0.00912   0.00274  -0.2104   0.7163   0.8746  21.4924 150.0368
   2.000   1.1515   0.00902   0.00246  -0.2106   0.7013   1.0000  22.5100 160.0000
   3.000   1.2574   0.00917   0.00219  -0.2098   0.6833   1.0000  23.7423 160.0000
   4.000   1.3577   0.00944   0.00196  -0.2080   0.6611   1.0000  25.2560 160.0000
   5.000   1.4497   0.00985   0.00174  -0.2046   0.6322   1.0000  27.2243 160.0000
   6.000   1.5286   0.01054   0.00157  -0.1987   0.5945   1.0000  29.7737 160.0000
   7.000   1.5827   0.01169   0.00146  -0.1880   0.5491   1.0000  32.8195 160.0000
   8.000   1.6230   0.01364   0.00171  -0.1759   0.4990   1.0000  36.1402 160.0000
   9.000   1.6551   0.01667   0.00258  -0.1642   0.4467   1.0000  39.5902 160.0000
  10.000   1.6818   0.02091   0.00422  -0.1536   0.3929   1.0000  43.1378 160.0000
  11.000   1.6903   0.02707   0.00711  -0.1425   0.3201   1.0000  47.9655 160.0000
  12.000   1.6977   0.03428   0.01094  -0.1331   0.2475   1.0000  52.8645 160.0000
  13.000   1.7071   0.04221   0.01553  -0.1253   0.1858   1.0000  57.1556 160.0000
  14.000   1.7038   0.05221   0.02192  -0.1184   0.1206   1.0000  61.9518 160.0000
  15.000   1.6764   0.06609   0.03195  -0.1125   0.0500   1.0000  68.0207 160.0000
