  
       XFOIL         Version 6.99
  
 Calculated polar for: WORTMANN FX 77-W-153 AIRFOIL                    
  
 1 1 Reynolds number fixed          Mach number fixed         
  
 xtrf =   1.000 (top)        1.000 (bottom)  
 Mach =   0.000     Re =     0.500 e 6     Ncrit =   9.000  9.000
  
   alpha    CL        CD       CDp       CM     Top_Xtr  Bot_Xtr  Top_Itr  Bot_Itr
  ------ -------- --------- --------- -------- -------- -------- -------- --------
  -6.000  -0.3684   0.02596   0.01439  -0.0275   0.4368   0.0215  36.2142  92.7983
  -5.000  -0.2769   0.01879   0.00727  -0.0236   0.4292   0.0207  36.6812  92.5841
  -4.000  -0.1714   0.01598   0.00457  -0.0216   0.4229   0.0225  37.0697  93.0553
  -3.000  -0.0653   0.01416   0.00338  -0.0200   0.4167   0.0289  37.4460  94.4886
  -2.000   0.0438   0.01334   0.00286  -0.0190   0.4123   0.0420  37.7188  96.9073
  -1.000   0.1544   0.01316   0.00272  -0.0184   0.4077   0.0514  38.0000  98.2587
   0.000   0.2626   0.01221   0.00261  -0.0176   0.4039   0.2122  38.2353 110.6991
   1.000   0.4000   0.01042   0.00324  -0.0226   0.3992   0.9589  38.5224 156.7776
   2.000   0.5956   0.01126   0.00363  -0.0399   0.3915   0.9985  39.0029 159.8495
   3.000   0.7087   0.01145   0.00384  -0.0405   0.3862   1.0000  39.3407 160.0000
   4.000   0.8137   0.01181   0.00402  -0.0394   0.3802   1.0000  39.7218 160.0000
   5.000   0.9177   0.01243   0.00430  -0.0384   0.3738   1.0000  40.1307 160.0000
   6.000   1.0207   0.01280   0.00453  -0.0371   0.3662   1.0000  40.6157 160.0000
   7.000   1.1224   0.01345   0.00473  -0.0358   0.3583   1.0000  41.1235 160.0000
   8.000   1.2223   0.01370   0.00465  -0.0342   0.3475   1.0000  41.8102 160.0000
   9.000   1.3192   0.01395   0.00448  -0.0322   0.3337   1.0000  42.7093 160.0000
  10.000   1.4146   0.01411   0.00411  -0.0301   0.3154   1.0000  43.9651 160.0000
  11.000   1.5031   0.01478   0.00396  -0.0272   0.2898   1.0000  45.7593 160.0000
  12.000   1.5760   0.01642   0.00447  -0.0225   0.2613   1.0000  47.6438 160.0000
  13.000   1.6199   0.01921   0.00549  -0.0148   0.2295   1.0000  49.7881 160.0000
  14.000   1.6344   0.02507   0.00855  -0.0092   0.1983   1.0000  51.8867 160.0000
  15.000   1.5850   0.04183   0.01966  -0.0122   0.1722   1.0000  53.6907 160.0000
