  
       XFOIL         Version 6.99
  
 Calculated polar for: WORTMANN FX 77-W-343 AIRFOIL                    
  
 1 1 Reynolds number fixed          Mach number fixed         
  
 xtrf =   1.000 (top)        1.000 (bottom)  
 Mach =   0.000     Re =     1.000 e 6     Ncrit =   9.000  9.000
  
   alpha    CL        CD       CDp       CM     Top_Xtr  Bot_Xtr  Top_Itr  Bot_Itr
  ------ -------- --------- --------- -------- -------- -------- -------- --------
  -6.000  -0.3094   0.02071   0.00840  -0.0146   0.4124   0.0652  29.6887 101.7425
  -5.000  -0.1783   0.01909   0.00731  -0.0231   0.4089   0.0718  29.8847 103.0170
  -4.000  -0.0423   0.01798   0.00669  -0.0316   0.4062   0.1080  30.0310 108.8849
  -3.000   0.1019   0.01613   0.00581  -0.0422   0.4044   0.2406  30.1331 121.1707
  -2.000   0.2521   0.01423   0.00496  -0.0540   0.4019   0.4453  30.2794 132.4513
  -1.000   0.3933   0.01377   0.00490  -0.0619   0.3992   0.5427  30.4315 137.4615
   0.000   0.5292   0.01401   0.00507  -0.0680   0.3968   0.5797  30.5719 139.4172
   1.000   0.6629   0.01453   0.00536  -0.0738   0.3941   0.5994  30.7252 140.5106
   2.000   0.7932   0.01563   0.00591  -0.0792   0.3893   0.6134  30.9970 141.2983
   3.000   0.9248   0.01605   0.00603  -0.0847   0.3878   0.6222  31.0850 141.7827
   4.000   1.0550   0.01646   0.00608  -0.0903   0.3852   0.6290  31.2339 142.1441
   5.000   1.1821   0.01695   0.00616  -0.0953   0.3816   0.6367  31.4440 142.5381
   6.000   1.3076   0.01742   0.00592  -0.1002   0.3768   0.6432  31.7220 142.8733
   7.000   1.4284   0.01813   0.00569  -0.1048   0.3709   0.6459  32.0671 143.0074
   8.000   1.5491   0.01832   0.00533  -0.1096   0.3659   0.6515  32.3724 143.2813
   9.000   1.6597   0.01910   0.00508  -0.1127   0.3609   0.6551  32.6817 143.4589
  10.000   1.7331   0.02091   0.00505  -0.1101   0.3552   0.6587  33.0317 143.6349
  11.000   1.7937   0.02437   0.00597  -0.1081   0.3499   0.6619  33.3798 143.7926
  13.000   1.8326   0.04069   0.01199  -0.1055   0.3325   0.6658  34.5127 143.9850
  14.000   1.7392   0.06007   0.02185  -0.1011   0.3223   0.6682  35.1775 144.1000
  15.000   1.6480   0.08061   0.03392  -0.0986   0.3099   0.6703  35.9635 144.2017
