  
       XFOIL         Version 6.99
  
 Calculated polar for: FX 77-080                                       
  
 1 1 Reynolds number fixed          Mach number fixed         
  
 xtrf =   1.000 (top)        1.000 (bottom)  
 Mach =   0.000     Re =     0.500 e 6     Ncrit =   9.000  9.000
  
   alpha    CL        CD       CDp       CM     Top_Xtr  Bot_Xtr  Top_Itr  Bot_Itr
  ------ -------- --------- --------- -------- -------- -------- -------- --------
  -6.000  -0.6872   0.01232   0.00287   0.0034   1.0000   0.0360   1.0000  91.9235
  -5.000  -0.6024   0.01038   0.00168   0.0089   1.0000   0.0690   1.0000  94.8392
  -4.000  -0.5150   0.00929   0.00123   0.0137   1.0000   0.1425   1.0000 100.2240
  -3.000  -0.4280   0.00852   0.00091   0.0186   1.0000   0.2117   1.0000 104.9590
  -2.000  -0.3071   0.00717   0.00074   0.0157   0.9903   0.4617   2.7568 121.7589
  -1.000  -0.1660   0.00565   0.00078   0.0099   0.9675   0.7831   5.2232 143.2523
   0.000  -0.0000   0.00515   0.00084   0.0000   0.9245   0.9245   8.2822 152.7178
   1.000   0.1660   0.00565   0.00078  -0.0099   0.7831   0.9675  17.7469 155.7770
   2.000   0.3072   0.00717   0.00074  -0.0157   0.4616   0.9903  39.2419 158.2440
   3.000   0.4280   0.00852   0.00091  -0.0186   0.2117   1.0000  56.0402 160.0000
   4.000   0.5150   0.00929   0.00123  -0.0137   0.1425   1.0000  60.7754 160.0000
   5.000   0.6024   0.01038   0.00168  -0.0089   0.0690   1.0000  66.1603 160.0000
   6.000   0.6872   0.01232   0.00287  -0.0034   0.0360   1.0000  69.0764 160.0000
   7.000   0.7725   0.01454   0.00444   0.0018   0.0257   1.0000  70.3214 160.0000
   8.000   0.8528   0.01800   0.00693   0.0073   0.0201   1.0000  71.1554 160.0000
   9.000   0.9330   0.02140   0.00964   0.0124   0.0168   1.0000  71.7725 160.0000
  10.000   0.9869   0.02896   0.01604   0.0197   0.0150   1.0000  72.1528 160.0000
  11.000   0.9966   0.03949   0.02589   0.0288   0.0142   1.0000  72.3427 160.0000
  12.000   0.9134   0.05998   0.04524   0.0235   0.0144   1.0000  72.2938 160.0000
  15.000   0.7149   0.17528   0.17031  -0.0350   0.0207   1.0000  71.0433 160.0000
