  
       XFOIL         Version 6.99
  
 Calculated polar for: FX 77-W-270                                     
  
 1 1 Reynolds number fixed          Mach number fixed         
  
 xtrf =   1.000 (top)        1.000 (bottom)  
 Mach =   0.000     Re =     1.000 e 6     Ncrit =   9.000  9.000
  
   alpha    CL        CD       CDp       CM     Top_Xtr  Bot_Xtr  Top_Itr  Bot_Itr
  ------ -------- --------- --------- -------- -------- -------- -------- --------
  -6.000  -0.3164   0.01730   0.00645  -0.0326   0.4224   0.0186  29.7208  91.7003
  -5.000  -0.1862   0.01692   0.00617  -0.0375   0.4169   0.0205  30.0003  92.3502
  -4.000  -0.0539   0.01629   0.00587  -0.0427   0.4155   0.0321  30.0712  95.9957
  -3.000   0.0785   0.01590   0.00568  -0.0478   0.4134   0.0412  30.1874  98.3812
  -2.000   0.2116   0.01550   0.00550  -0.0533   0.4106   0.0708  30.3325 104.8019
  -1.000   0.3520   0.01399   0.00492  -0.0616   0.4069   0.3239  30.5295 126.5635
   0.000   0.4902   0.01301   0.00484  -0.0690   0.4035   0.6027  30.7099 140.2930
   1.000   0.6191   0.01382   0.00525  -0.0733   0.3980   0.6259  31.0026 141.4970
   2.000   0.7488   0.01406   0.00536  -0.0776   0.3958   0.6399  31.1187 142.1968
   3.000   0.8772   0.01437   0.00545  -0.0817   0.3919   0.6508  31.3323 142.7224
   4.000   1.0057   0.01455   0.00528  -0.0861   0.3864   0.6591  31.6290 143.1227
   5.000   1.1313   0.01501   0.00528  -0.0901   0.3786   0.6686  32.0511 143.5791
   6.000   1.2585   0.01516   0.00504  -0.0947   0.3737   0.6729  32.3287 143.7826
   7.000   1.3842   0.01544   0.00476  -0.0991   0.3671   0.6757  32.6965 143.9165
   8.000   1.5076   0.01591   0.00457  -0.1033   0.3598   0.6775  33.1058 144.0035
   9.000   1.6309   0.01612   0.00428  -0.1078   0.3492   0.6811  33.7272 144.1712
  10.000   1.7487   0.01681   0.00408  -0.1114   0.3331   0.6836  34.6871 144.2891
  11.000   1.8552   0.01832   0.00427  -0.1137   0.3093   0.6858  36.0877 144.3930
  12.000   1.9180   0.02234   0.00569  -0.1100   0.2528   0.6878  39.5343 144.4886
  14.000   1.6378   0.07137   0.03679  -0.0913   0.2136   0.6898  42.0388 144.5850
  15.000   1.5364   0.09544   0.05505  -0.0903   0.1963   0.6908  43.1876 144.6297
