  
       XFOIL         Version 6.99
  
 Calculated polar for: WORTMANN FX 77-W-258 AIRFOIL                    
  
 1 1 Reynolds number fixed          Mach number fixed         
  
 xtrf =   1.000 (top)        1.000 (bottom)  
 Mach =   0.000     Re =     1.000 e 6     Ncrit =   9.000  9.000
  
   alpha    CL        CD       CDp       CM     Top_Xtr  Bot_Xtr  Top_Itr  Bot_Itr
  ------ -------- --------- --------- -------- -------- -------- -------- --------
  -6.000  -0.3108   0.01559   0.00458  -0.0347   0.4208   0.0173  30.3800  91.6902
  -5.000  -0.1914   0.01480   0.00418  -0.0373   0.4178   0.0196  30.5324  92.4841
  -4.000  -0.0686   0.01414   0.00385  -0.0404   0.4148   0.0235  30.6878  93.7968
  -3.000   0.0560   0.01387   0.00377  -0.0436   0.4110   0.0382  30.8857  98.0200
  -2.000   0.1824   0.01350   0.00365  -0.0473   0.4078   0.0679  31.0524 104.6131
  -1.000   0.3129   0.01252   0.00336  -0.0525   0.4056   0.2055  31.1702 119.9040
   0.000   0.4513   0.01070   0.00301  -0.0604   0.4027   0.5805  31.3264 139.2949
   1.000   0.5782   0.01109   0.00337  -0.0634   0.3991   0.6199  31.5188 141.3314
   2.000   0.7040   0.01153   0.00358  -0.0664   0.3951   0.6346  31.7324 142.0727
   3.000   0.8274   0.01203   0.00383  -0.0693   0.3892   0.6439  32.0500 142.5178
   4.000   0.9520   0.01227   0.00382  -0.0722   0.3840   0.6536  32.3329 142.9885
   5.000   1.0750   0.01234   0.00372  -0.0752   0.3777   0.6614  32.6777 143.3596
   6.000   1.1943   0.01290   0.00384  -0.0777   0.3709   0.6693  33.0467 143.7348
   7.000   1.3154   0.01316   0.00374  -0.0806   0.3652   0.6735  33.3733 143.9318
   8.000   1.4332   0.01349   0.00356  -0.0833   0.3567   0.6762  33.8541 144.0597
   9.000   1.5484   0.01384   0.00341  -0.0858   0.3441   0.6795  34.5985 144.2153
  10.000   1.6537   0.01469   0.00340  -0.0869   0.3285   0.6820  35.5159 144.3322
  11.000   1.7415   0.01619   0.00363  -0.0856   0.3089   0.6843  36.6676 144.4408
  12.000   1.7755   0.01959   0.00461  -0.0778   0.2776   0.6866  38.5567 144.5457
  13.000   1.7269   0.03349   0.01198  -0.0742   0.2489   0.6885  40.3146 144.6369
  14.000   1.5760   0.05932   0.02830  -0.0712   0.2353   0.6900  41.1602 144.7048
  15.000   1.4461   0.08484   0.04700  -0.0706   0.2061   0.6912  43.0717 144.7631
