  
       XFOIL         Version 6.99
  
 Calculated polar for: WORTMANN FX 77-W-258 AIRFOIL                    
  
 1 1 Reynolds number fixed          Mach number fixed         
  
 xtrf =   1.000 (top)        1.000 (bottom)  
 Mach =   0.000     Re =     0.500 e 6     Ncrit =   9.000  9.000
  
   alpha    CL        CD       CDp       CM     Top_Xtr  Bot_Xtr  Top_Itr  Bot_Itr
  ------ -------- --------- --------- -------- -------- -------- -------- --------
  -6.000  -0.3074   0.01900   0.00629  -0.0337   0.4433   0.0392  29.2428  98.2601
  -5.000  -0.1948   0.01798   0.00590  -0.0359   0.4395   0.0483  29.4309 100.5263
  -4.000  -0.0761   0.01711   0.00566  -0.0391   0.4359   0.0956  29.6127 109.1765
  -3.000   0.0492   0.01525   0.00506  -0.0451   0.4322   0.3150  29.7974 126.3277
  -2.000   0.1796   0.01501   0.00594  -0.0510   0.4277   0.5962  30.0239 140.0973
  -1.000   0.3057   0.01577   0.00679  -0.0537   0.4250   0.6243  30.1609 141.5528
   0.000   0.4293   0.01656   0.00763  -0.0559   0.4205   0.6415  30.3937 142.4058
   1.000   0.5520   0.01736   0.00831  -0.0581   0.4161   0.6570  30.6230 143.1502
   2.000   0.6728   0.01813   0.00882  -0.0601   0.4122   0.6670  30.8239 143.6257
   3.000   0.7901   0.01944   0.00967  -0.0620   0.4076   0.6797  31.0653 144.2226
   4.000   0.9064   0.02005   0.01021  -0.0637   0.4030   0.6903  31.3087 144.7197
   5.000   1.0276   0.02032   0.00996  -0.0668   0.3976   0.6961  31.6000 144.9907
   6.000   1.1491   0.01999   0.00907  -0.0701   0.3899   0.7009  32.0101 145.2089
   7.000   1.2628   0.01977   0.00864  -0.0720   0.3834   0.7053  32.3659 145.4089
   8.000   1.3772   0.01981   0.00807  -0.0743   0.3772   0.7092  32.7044 145.5898
   9.000   1.4859   0.02054   0.00781  -0.0761   0.3712   0.7130  33.0316 145.7612
  10.000   1.5805   0.02124   0.00769  -0.0760   0.3645   0.7161  33.4129 145.9017
  11.000   1.6632   0.02202   0.00716  -0.0739   0.3573   0.7183  33.8192 145.9994
  12.000   1.7152   0.02452   0.00775  -0.0697   0.3500   0.7219  34.2464 146.1619
  13.000   1.7525   0.02959   0.00945  -0.0685   0.3366   0.7259  35.0389 146.3410
  14.000   1.7265   0.04199   0.01568  -0.0681   0.3207   0.7287  35.9772 146.4706
  15.000   1.6005   0.06566   0.03057  -0.0673   0.3025   0.7305  37.0417 146.5496
