  
       XFOIL         Version 6.99
  
 Calculated polar for: FX 78-PK-188/20                                 
  
 1 1 Reynolds number fixed          Mach number fixed         
  
 xtrf =   1.000 (top)        1.000 (bottom)  
 Mach =   0.000     Re =     1.000 e 6     Ncrit =   9.000  9.000
  
   alpha    CL        CD       CDp       CM     Top_Xtr  Bot_Xtr  Top_Itr  Bot_Itr
  ------ -------- --------- --------- -------- -------- -------- -------- --------
  -6.000  -0.2777   0.01193   0.00214  -0.0746   0.7205   0.0382  20.5844  94.2685
  -5.000  -0.2082   0.01078   0.00196  -0.0684   0.7167   0.0957  20.8409  99.0393
  -4.000  -0.1511   0.00856   0.00156  -0.0606   0.7126   0.3935  21.1177 118.7596
  -3.000  -0.0661   0.00722   0.00164  -0.0571   0.7089   0.6694  21.3737 137.1160
  -2.000   0.0495   0.00753   0.00208  -0.0587   0.7051   0.7048  21.6352 139.5097
  -1.000   0.1669   0.00803   0.00253  -0.0607   0.7017   0.7257  21.8637 140.8997
   0.000   0.2828   0.00823   0.00273  -0.0628   0.6980   0.7336  22.1237 141.4218
   1.000   0.3982   0.00831   0.00278  -0.0650   0.6937   0.7392  22.4208 141.7922
   2.000   0.5149   0.00831   0.00271  -0.0674   0.6891   0.7445  22.7357 142.1412
   3.000   0.6299   0.00831   0.00258  -0.0694   0.6822   0.7493  23.2200 142.4569
   4.000   0.7463   0.00806   0.00206  -0.0715   0.6709   0.7538  24.0099 142.7522
   5.000   0.8550   0.00782   0.00154  -0.0721   0.6553   0.7576  25.1034 143.0045
   6.000   0.9553   0.00763   0.00104  -0.0710   0.6279   0.7624  27.0385 143.3200
   7.000   1.0133   0.00825   0.00045  -0.0615   0.5469   0.7677  32.7033 143.6701
   8.000   0.9301   0.01253   0.00021  -0.0285   0.4132   0.7753  41.7275 144.1732
   9.000   0.8911   0.01820   0.00160  -0.0088   0.2800   0.7825  50.6192 144.6527
  10.000   0.8863   0.02343   0.00335   0.0038   0.1419   0.7887  60.1357 145.0586
  11.000   0.9219   0.02735   0.00485   0.0103   0.0751   0.7960  65.1244 145.5456
  12.000   0.9755   0.03070   0.00611   0.0140   0.0517   0.8027  67.1107 145.9931
  13.000   1.0244   0.03454   0.00779   0.0176   0.0296   0.8118  69.5876 146.5953
  14.000   1.0608   0.03961   0.01041   0.0216   0.0111   0.8223  73.3412 147.2900
  15.000   1.0997   0.04487   0.01336   0.0246   0.0082   0.8391  74.3935 148.3936
