  
       XFOIL         Version 6.99
  
 Calculated polar for: FX 78-K-140/20                                  
  
 1 1 Reynolds number fixed          Mach number fixed         
  
 xtrf =   1.000 (top)        1.000 (bottom)  
 Mach =   0.000     Re =     0.500 e 6     Ncrit =   9.000  9.000
  
   alpha    CL        CD       CDp       CM     Top_Xtr  Bot_Xtr  Top_Itr  Bot_Itr
  ------ -------- --------- --------- -------- -------- -------- -------- --------
   0.000   0.3629   0.01104   0.00513  -0.0646   0.6997   0.9543  24.6403 155.2949
   1.000   0.5444   0.01148   0.00520  -0.0796   0.6962   0.9777  24.9002 157.0308
   2.000   0.6813   0.01163   0.00524  -0.0870   0.6879   0.9873  25.5158 157.9301
   3.000   0.8193   0.01118   0.00458  -0.0939   0.6822   0.9953  25.9383 158.9839
   4.000   0.9379   0.01112   0.00447  -0.0976   0.6722   1.0000  26.6830 160.0000
   5.000   1.0299   0.01093   0.00410  -0.0951   0.6616   1.0000  27.4750 160.0000
   6.000   1.1271   0.00975   0.00249  -0.0925   0.6404   1.0000  29.0539 160.0000
   7.000   1.1523   0.01139   0.00145  -0.0779   0.4484   1.0000  43.0231 160.0000
   8.000   1.0623   0.01928   0.00461  -0.0508   0.2679   1.0000  55.9306 160.0000
   9.000   1.0053   0.02928   0.00992  -0.0342   0.0135   1.0000  76.2728 160.0000
  10.000   1.0335   0.03526   0.01313  -0.0278   0.0083   1.0000  77.2712 160.0000
  11.000   1.0572   0.04210   0.01723  -0.0218   0.0071   1.0000  77.5894 160.0000
  12.000   1.0923   0.04801   0.01972  -0.0152   0.0073   1.0000  77.5501 160.0000
