  
       XFOIL         Version 6.99
  
 Calculated polar for: FX 78-K-150/20                                  
  
 1 1 Reynolds number fixed          Mach number fixed         
  
 xtrf =   1.000 (top)        1.000 (bottom)  
 Mach =   0.000     Re =     0.500 e 6     Ncrit =   9.000  9.000
  
   alpha    CL        CD       CDp       CM     Top_Xtr  Bot_Xtr  Top_Itr  Bot_Itr
  ------ -------- --------- --------- -------- -------- -------- -------- --------
  -6.000  -0.2109   0.01655   0.00618  -0.0889   0.7162   0.0284  22.6174  91.8689
  -5.000  -0.1147   0.01495   0.00522  -0.0871   0.7123   0.0426  22.8864  93.3033
  -4.000  -0.0172   0.01426   0.00494  -0.0856   0.7074   0.0631  23.2290  94.9552
  -3.000   0.0792   0.01337   0.00468  -0.0839   0.7022   0.1225  23.5998  99.1149
  -2.000   0.1555   0.01118   0.00433  -0.0786   0.6981   0.5825  23.8886 129.5535
  -1.000   0.2354   0.01162   0.00552  -0.0718   0.6920   0.8488  24.3177 147.5867
   0.000   0.3343   0.01214   0.00601  -0.0689   0.6867   0.8904  24.6976 150.4647
   1.000   0.4336   0.01226   0.00590  -0.0654   0.6831   0.9331  24.9556 153.4285
   2.000   0.5305   0.01260   0.00613  -0.0639   0.6748   0.9491  25.5481 154.5767
   3.000   0.6446   0.01231   0.00564  -0.0657   0.6702   0.9563  25.8763 155.1041
   4.000   0.7555   0.01261   0.00572  -0.0677   0.6616   0.9634  26.4966 155.6443
   5.000   0.8803   0.01223   0.00515  -0.0716   0.6561   0.9689  26.8944 156.0708
   6.000   1.0156   0.01033   0.00298  -0.0768   0.6322   0.9732  28.6246 156.4480
   7.000   1.0768   0.01275   0.00200  -0.0722   0.4007   1.0000  44.9750 160.0000
   8.000   0.9699   0.02613   0.00917  -0.0528   0.0704   1.0000  68.6283 160.0000
   9.000   0.9964   0.03237   0.01276  -0.0470   0.0178   1.0000  73.8061 160.0000
  10.000   1.0328   0.03850   0.01667  -0.0427   0.0148   1.0000  74.3411 160.0000
  11.000   1.0676   0.04487   0.02078  -0.0384   0.0131   1.0000  74.6768 160.0000
  12.000   1.1177   0.04914   0.02167  -0.0319   0.0115   1.0000  75.0239 160.0000
  13.000   1.1957   0.05298   0.02261  -0.0278   0.0109   1.0000  75.1890 160.0000
