  
       XFOIL         Version 6.99
  
 Calculated polar for: WORTMANN FX 79-K-144/17 AIRFOIL                 
  
 1 1 Reynolds number fixed          Mach number fixed         
  
 xtrf =   1.000 (top)        1.000 (bottom)  
 Mach =   0.000     Re =     0.500 e 6     Ncrit =   9.000  9.000
  
   alpha    CL        CD       CDp       CM     Top_Xtr  Bot_Xtr  Top_Itr  Bot_Itr
  ------ -------- --------- --------- -------- -------- -------- -------- --------
  -6.000  -0.3455   0.01757   0.00728  -0.0648   0.8023   0.0332  16.1294  94.6198
  -5.000  -0.2420   0.01601   0.00638  -0.0648   0.7945   0.0390  16.6942  95.3356
  -4.000  -0.1366   0.01488   0.00564  -0.0646   0.7859   0.0473  17.3087  96.2156
  -3.000  -0.0315   0.01314   0.00513  -0.0650   0.7783   0.2442  17.8502 109.6941
  -2.000   0.0701   0.01123   0.00555  -0.0647   0.7682   0.7868  18.5585 144.4512
  -1.000   0.1769   0.01198   0.00615  -0.0623   0.7622   0.8420  18.9796 148.1729
   0.000   0.2735   0.01223   0.00651  -0.0576   0.7503   0.8729  19.8162 150.2358
   1.000   0.3744   0.01193   0.00616  -0.0545   0.7386   0.8924  20.6391 151.5185
   2.000   0.4894   0.01130   0.00547  -0.0558   0.7282   0.9024  21.3884 152.1870
   3.000   0.6059   0.01042   0.00452  -0.0573   0.7136   0.9084  22.4464 152.5970
   4.000   0.7277   0.00959   0.00346  -0.0601   0.6844   0.9144  24.5469 153.0047
   5.000   0.8334   0.00931   0.00251  -0.0593   0.6208   0.9194  28.9632 153.3413
   6.000   0.9292   0.01032   0.00242  -0.0579   0.5099   0.9254  36.2567 153.7565
   7.000   0.9850   0.01393   0.00343  -0.0519   0.2543   0.9299  53.1155 154.0649
   8.000   1.0145   0.01916   0.00583  -0.0445   0.0572   0.9361  67.2023 154.4897
   9.000   1.0793   0.02272   0.00767  -0.0419   0.0292   0.9415  70.2799 154.8681
  10.000   1.1291   0.02704   0.01000  -0.0374   0.0172   0.9473  72.4455 155.2864
  11.000   1.1691   0.03210   0.01298  -0.0323   0.0140   0.9553  73.2297 155.8684
  12.000   1.2016   0.03761   0.01645  -0.0268   0.0125   0.9679  73.6634 156.8363
  13.000   1.2251   0.04471   0.02112  -0.0225   0.0115   1.0000  73.9590 160.0000
  14.000   1.2571   0.05272   0.02656  -0.0199   0.0110   1.0000  74.1347 160.0000
  15.000   1.2825   0.06192   0.03329  -0.0177   0.0105   1.0000  74.3192 160.0000
