  
       XFOIL         Version 6.99
  
 Calculated polar for: FX 79-W-151 A                                   
  
 1 1 Reynolds number fixed          Mach number fixed         
  
 xtrf =   1.000 (top)        1.000 (bottom)  
 Mach =   0.000     Re =     0.500 e 6     Ncrit =   9.000  9.000
  
   alpha    CL        CD       CDp       CM     Top_Xtr  Bot_Xtr  Top_Itr  Bot_Itr
  ------ -------- --------- --------- -------- -------- -------- -------- --------
  -6.000  -0.3147   0.01210   0.00252  -0.0622   0.7376   0.0856  20.4856  99.5017
  -5.000  -0.2125   0.01146   0.00214  -0.0604   0.7116   0.1114  22.1978 101.3537
  -4.000  -0.1090   0.01092   0.00176  -0.0588   0.6857   0.1354  23.9007 102.9851
  -3.000  -0.0072   0.01026   0.00141  -0.0570   0.6606   0.1725  25.5581 105.4307
  -2.000   0.0927   0.00955   0.00114  -0.0550   0.6374   0.2764  27.1010 112.1285
  -1.000   0.1801   0.00835   0.00105  -0.0505   0.6145   0.5777  28.6097 131.3097
   0.000   0.2901   0.00764   0.00123  -0.0497   0.5930   0.8844  30.0334 150.8081
   1.000   0.4694   0.00818   0.00153  -0.0639   0.5693   0.9541  31.5984 155.4427
   2.000   0.6350   0.00891   0.00173  -0.0754   0.5464   0.9852  33.1146 158.0071
   3.000   0.8042   0.00910   0.00162  -0.0886   0.5225   1.0000  34.6982 160.0000
   4.000   0.8923   0.00945   0.00171  -0.0849   0.5020   1.0000  36.0622 160.0000
   5.000   0.9813   0.00984   0.00187  -0.0812   0.4808   1.0000  37.4787 160.0000
   6.000   1.0689   0.01043   0.00205  -0.0773   0.4606   1.0000  38.8250 160.0000
   7.000   1.1549   0.01116   0.00228  -0.0731   0.4413   1.0000  40.1164 160.0000
   8.000   1.2282   0.01187   0.00226  -0.0665   0.4050   1.0000  42.5521 160.0000
   9.000   1.2818   0.01312   0.00225  -0.0567   0.3550   1.0000  45.9226 160.0000
  10.000   1.3104   0.01520   0.00252  -0.0437   0.2918   1.0000  50.2284 160.0000
  11.000   1.2666   0.02369   0.00670  -0.0281   0.1236   1.0000  62.2506 160.0000
  12.000   1.2185   0.03605   0.01482  -0.0195   0.0241   1.0000  71.4176 160.0000
  13.000   1.2163   0.04648   0.02223  -0.0166   0.0164   1.0000  72.8800 160.0000
  14.000   1.2178   0.05760   0.03062  -0.0155   0.0136   1.0000  73.5668 160.0000
  15.000   1.1967   0.07222   0.04237  -0.0158   0.0120   1.0000  74.0013 160.0000
