  
       XFOIL         Version 6.99
  
 Calculated polar for: FX 79-W-660A                                    
  
 1 1 Reynolds number fixed          Mach number fixed         
  
 xtrf =   1.000 (top)        1.000 (bottom)  
 Mach =   0.000     Re =     1.000 e 6     Ncrit =   9.000  9.000
  
   alpha    CL        CD       CDp       CM     Top_Xtr  Bot_Xtr  Top_Itr  Bot_Itr
  ------ -------- --------- --------- -------- -------- -------- -------- --------
  -6.000  -0.4964   0.05751  -0.03590   0.0538   0.6312   0.5716  28.7295 129.3391
  -5.000  -0.4235   0.05534  -0.03738   0.0524   0.6216   0.5786  29.1078 129.6350
  -4.000  -0.3507   0.05425  -0.03806   0.0516   0.6095   0.5843  29.6030 129.8759
  -3.000  -0.2689   0.05333  -0.03887   0.0484   0.5952   0.5882  30.1814 130.0377
  -2.000  -0.1669   0.05344  -0.03857   0.0397   0.5816   0.5970  30.7389 130.4019
  -1.000  -0.0661   0.05335  -0.03864   0.0314   0.5700   0.6029  31.2094 130.6431
   0.000   0.0265   0.05374  -0.03840   0.0251   0.5573   0.6082  31.7256 130.8621
   1.000   0.1133   0.05444  -0.03800   0.0201   0.5464   0.6111  32.1673 130.9834
   2.000   0.2029   0.05706  -0.03564   0.0135   0.5324   0.6184  32.7362 131.2750
   3.000   0.2735   0.05979  -0.03363   0.0114   0.5185   0.6244  33.3037 131.5130
   4.000   0.2977   0.06525  -0.02970   0.0188   0.4970   0.6289  34.1878 131.6950
   5.000   0.2278   0.07689  -0.02018   0.0425   0.4495   0.6324  36.1823 131.8347
   6.000   0.1433   0.09057  -0.00622   0.0652   0.4053   0.6349  38.0664 131.9337
   7.000   0.1843   0.09670   0.00000   0.0637   0.3945   0.6368  38.5289 132.0116
   8.000   0.2529   0.10230   0.00590   0.0558   0.3835   0.6446  39.0018 132.3236
   9.000   0.3328   0.10595   0.00904   0.0467   0.3812   0.6510  39.1009 132.5765
  10.000   0.3990   0.11050   0.01366   0.0396   0.3772   0.6559  39.2757 132.7754
  11.000   0.4785   0.11412   0.01682   0.0300   0.3731   0.6596  39.4558 132.9225
  12.000   0.5518   0.11826   0.02094   0.0211   0.3681   0.6643  39.6738 133.1087
  13.000   0.6407   0.12095   0.02264   0.0097   0.3626   0.6721  39.9125 133.4192
  14.000   0.7227   0.12387   0.02477  -0.0006   0.3600   0.6782  40.0265 133.6598
  15.000   0.7913   0.12773   0.02852  -0.0090   0.3580   0.6839  40.1176 133.8860
