  
       XFOIL         Version 6.99
  
 Calculated polar for: FX 79-L-120                                     
  
 1 1 Reynolds number fixed          Mach number fixed         
  
 xtrf =   1.000 (top)        1.000 (bottom)  
 Mach =   0.000     Re =     1.000 e 6     Ncrit =   9.000  9.000
  
   alpha    CL        CD       CDp       CM     Top_Xtr  Bot_Xtr  Top_Itr  Bot_Itr
  ------ -------- --------- --------- -------- -------- -------- -------- --------
  -6.000  -0.6474   0.00955   0.00196  -0.0050   0.9511   0.0601   6.3211  97.4615
  -5.000  -0.5137   0.00869   0.00123  -0.0102   0.8102   0.1144  15.2324 101.6541
  -4.000  -0.4235   0.00733   0.00064  -0.0063   0.7432   0.2837  19.3680 112.7448
  -3.000  -0.3267   0.00634   0.00038  -0.0033   0.7006   0.4659  21.9881 124.4191
  -1.000  -0.1100   0.00606   0.00039  -0.0009   0.6402   0.5779  25.6948 131.4653
   0.000  -0.0000   0.00605   0.00041   0.0000   0.6131   0.6131  27.3600 133.6399
   1.000   0.1100   0.00606   0.00039   0.0009   0.5779   0.6402  29.5348 135.3046
   3.000   0.3267   0.00634   0.00038   0.0033   0.4659   0.7006  36.5808 139.0119
   4.000   0.4235   0.00733   0.00064   0.0063   0.2837   0.7432  48.2552 141.6320
   5.000   0.5137   0.00869   0.00123   0.0102   0.1144   0.8102  59.3459 145.7677
   6.000   0.6474   0.00955   0.00196   0.0050   0.0601   0.9510  63.5382 154.6769
   7.000   0.8001   0.01087   0.00279  -0.0047   0.0410   1.0000  65.5736 160.0000
   8.000   0.8919   0.01221   0.00359  -0.0012   0.0317   1.0000  66.8783 160.0000
   9.000   0.9817   0.01384   0.00461   0.0024   0.0253   1.0000  68.0005 160.0000
  10.000   1.0716   0.01542   0.00562   0.0056   0.0214   1.0000  68.8343 160.0000
  11.000   1.1551   0.01743   0.00695   0.0094   0.0183   1.0000  69.5753 160.0000
  12.000   1.2256   0.02021   0.00876   0.0144   0.0159   1.0000  70.2112 160.0000
  13.000   1.2814   0.02312   0.01058   0.0207   0.0143   1.0000  70.6950 160.0000
  14.000   1.3035   0.02940   0.01494   0.0251   0.0131   1.0000  71.0692 160.0000
  15.000   1.3284   0.03723   0.02087   0.0249   0.0123   1.0000  71.3426 160.0000
