  
       XFOIL         Version 6.99
  
 Calculated polar for: WORTMANN FX 79-K-144/17 AIRFOIL                 
  
 1 1 Reynolds number fixed          Mach number fixed         
  
 xtrf =   1.000 (top)        1.000 (bottom)  
 Mach =   0.000     Re =     1.000 e 6     Ncrit =   9.000  9.000
  
   alpha    CL        CD       CDp       CM     Top_Xtr  Bot_Xtr  Top_Itr  Bot_Itr
  ------ -------- --------- --------- -------- -------- -------- -------- --------
  -6.000  -0.3635   0.01321   0.00454  -0.0595   0.7725   0.0242  18.2626  93.2290
  -5.000  -0.2528   0.01217   0.00391  -0.0605   0.7680   0.0275  18.5780  93.7827
  -4.000  -0.1404   0.01119   0.00326  -0.0616   0.7643   0.0324  18.8356  94.5089
  -3.000  -0.0278   0.01008   0.00277  -0.0630   0.7596   0.1221  19.1644 101.8323
  -2.000   0.0866   0.00852   0.00244  -0.0655   0.7537   0.3901  19.5747 118.8615
  -1.000   0.2042   0.00701   0.00238  -0.0679   0.7485   0.8042  19.9385 145.6155
   0.000   0.3197   0.00720   0.00262  -0.0685   0.7394   0.8358  20.5801 147.7555
   1.000   0.4354   0.00711   0.00248  -0.0694   0.7314   0.8515  21.1522 148.8145
   2.000   0.5510   0.00683   0.00220  -0.0704   0.7158   0.8620  22.2867 149.5108
   3.000   0.6699   0.00655   0.00162  -0.0727   0.6693   0.8664  25.6409 149.8074
   4.000   0.7817   0.00710   0.00146  -0.0739   0.5992   0.8699  30.3451 150.0382
   5.000   0.8818   0.00826   0.00172  -0.0731   0.4738   0.8750  38.5984 150.3714
   6.000   0.9473   0.01195   0.00299  -0.0676   0.1761   0.8798  58.4099 150.6923
   7.000   1.0139   0.01491   0.00414  -0.0627   0.0340   0.8829  69.6278 150.8952
   8.000   1.0910   0.01694   0.00503  -0.0598   0.0212   0.8856  71.6169 151.0714
   9.000   1.1660   0.01971   0.00635  -0.0580   0.0108   0.8891  74.2086 151.3064
  11.000   1.2835   0.02691   0.01015  -0.0502   0.0081   0.8966  75.2462 151.7982
  12.000   1.3249   0.03182   0.01309  -0.0451   0.0076   0.9004  75.4997 152.0505
  13.000   1.3515   0.03803   0.01714  -0.0394   0.0071   0.9056  75.7089 152.4008
  14.000   1.3582   0.04689   0.02333  -0.0339   0.0066   0.9112  75.9365 152.7838
  15.000   1.3624   0.05700   0.03076  -0.0300   0.0065   0.9181  76.0223 153.2520
