  
       XFOIL         Version 6.99
  
 Calculated polar for: FX 79-W-151 A                                   
  
 1 1 Reynolds number fixed          Mach number fixed         
  
 xtrf =   1.000 (top)        1.000 (bottom)  
 Mach =   0.000     Re =     1.000 e 6     Ncrit =   9.000  9.000
  
   alpha    CL        CD       CDp       CM     Top_Xtr  Bot_Xtr  Top_Itr  Bot_Itr
  ------ -------- --------- --------- -------- -------- -------- -------- --------
  -6.000  -0.3323   0.00981   0.00139  -0.0582   0.6943   0.0675  23.3343  98.0773
  -5.000  -0.2276   0.00933   0.00116  -0.0569   0.6680   0.0924  25.0718 100.0113
  -4.000  -0.1224   0.00886   0.00091  -0.0556   0.6424   0.1147  26.7682 101.5848
  -3.000  -0.0163   0.00852   0.00072  -0.0546   0.6186   0.1413  28.3401 103.3794
  -2.000   0.0886   0.00814   0.00056  -0.0533   0.5959   0.1968  29.8402 107.0158
  -1.000   0.1894   0.00752   0.00046  -0.0515   0.5751   0.3485  31.2161 116.7298
   0.000   0.2806   0.00665   0.00043  -0.0476   0.5547   0.6299  32.5677 134.6252
   1.000   0.3812   0.00606   0.00055  -0.0452   0.5344   0.8965  33.9101 151.5822
   2.000   0.5573   0.00647   0.00081  -0.0595   0.5127   0.9624  35.3542 156.0533
   3.000   0.7110   0.00713   0.00105  -0.0688   0.4901   0.9846  36.8560 157.9549
   4.000   0.8640   0.00757   0.00114  -0.0785   0.4676   0.9937  38.3586 158.9843
   5.000   1.0032   0.00790   0.00118  -0.0856   0.4454   1.0000  39.8419 160.0000
   6.000   1.0920   0.00834   0.00134  -0.0819   0.4260   1.0000  41.1423 160.0000
   7.000   1.1772   0.00893   0.00146  -0.0775   0.3959   1.0000  43.1631 160.0000
   8.000   1.2506   0.00995   0.00164  -0.0711   0.3413   1.0000  46.8496 160.0000
   9.000   1.3020   0.01157   0.00199  -0.0609   0.2706   1.0000  51.6975 160.0000
  10.000   1.2694   0.01650   0.00379  -0.0395   0.1229   1.0000  62.3060 160.0000
  11.000   1.2502   0.02458   0.00828  -0.0282   0.0204   1.0000  72.0500 160.0000
  12.000   1.2740   0.03119   0.01233  -0.0236   0.0114   1.0000  74.2031 160.0000
  13.000   1.2879   0.03949   0.01788  -0.0203   0.0090   1.0000  74.9915 160.0000
  14.000   1.3053   0.04832   0.02410  -0.0187   0.0080   1.0000  75.4032 160.0000
  15.000   1.3084   0.05939   0.03235  -0.0181   0.0071   1.0000  75.7870 160.0000
