  
       XFOIL         Version 6.99
  
 Calculated polar for: FX 80-080                                       
  
 1 1 Reynolds number fixed          Mach number fixed         
  
 xtrf =   1.000 (top)        1.000 (bottom)  
 Mach =   0.000     Re =     0.500 e 6     Ncrit =   9.000  9.000
  
   alpha    CL        CD       CDp       CM     Top_Xtr  Bot_Xtr  Top_Itr  Bot_Itr
  ------ -------- --------- --------- -------- -------- -------- -------- --------
  -5.000  -0.2079   0.02054   0.01027  -0.0831   0.9530   0.0186   5.7517  86.9776
  -4.000  -0.0778   0.01114   0.00265  -0.0879   0.9367   0.0197   6.9531  87.0924
  -3.000   0.0363   0.00872   0.00100  -0.0889   0.9139   0.0508   8.6185  89.6790
  -2.000   0.1308   0.00615   0.00090  -0.0869   0.8929   0.7188  10.1551 138.1234
  -1.000   0.2350   0.00630   0.00121  -0.0848   0.8748   0.8164  11.4803 145.2214
   0.000   0.3353   0.00645   0.00144  -0.0815   0.8562   0.8789  12.8357 149.7903
   1.000   0.4378   0.00641   0.00133  -0.0791   0.8304   0.9082  14.7213 151.9370
   2.000   0.5388   0.00622   0.00100  -0.0763   0.7912   0.9367  17.5824 154.0337
   3.000   0.6622   0.00613   0.00060  -0.0787   0.7270   0.9777  22.2951 157.1012
   4.000   0.7364   0.00833   0.00073  -0.0718   0.3658   1.0000  48.6731 160.0000
   5.000   0.8105   0.01136   0.00172  -0.0659   0.0780   1.0000  69.8650 160.0000
   6.000   0.8941   0.01399   0.00299  -0.0610   0.0263   1.0000  74.0743 160.0000
   7.000   0.9804   0.01637   0.00411  -0.0569   0.0128   1.0000  75.6158 160.0000
   8.000   1.0537   0.02259   0.00776  -0.0504   0.0078   1.0000  76.4683 160.0000
   9.000   1.1228   0.02870   0.01209  -0.0446   0.0061   1.0000  76.8654 160.0000
  10.000   1.0552   0.03319   0.01825  -0.0240   0.0057   1.0000  76.9572 160.0000
  11.000   0.9794   0.04886   0.02898  -0.0135   0.0058   1.0000  76.9446 160.0000
  12.000   0.8935   0.07538   0.04789  -0.0208   0.0060   1.0000  76.8833 160.0000
