  
       XFOIL         Version 6.99
  
 Calculated polar for: FX 83-W-160                                     
  
 1 1 Reynolds number fixed          Mach number fixed         
  
 xtrf =   1.000 (top)        1.000 (bottom)  
 Mach =   0.000     Re =     1.000 e 6     Ncrit =   9.000  9.000
  
   alpha    CL        CD       CDp       CM     Top_Xtr  Bot_Xtr  Top_Itr  Bot_Itr
  ------ -------- --------- --------- -------- -------- -------- -------- --------
  -6.000  -0.0890   0.00864   0.00133  -0.1486   0.8269   0.1276  13.5531 107.3354
  -5.000   0.0167   0.00795   0.00099  -0.1481   0.8118   0.1810  14.4342 110.7203
  -4.000   0.1213   0.00710   0.00066  -0.1475   0.7959   0.2980  15.3598 117.5443
  -3.000   0.2298   0.00654   0.00052  -0.1473   0.7822   0.4181  16.1634 124.4159
  -2.000   0.3417   0.00644   0.00053  -0.1475   0.7685   0.4819  16.9601 128.0716
  -1.000   0.4517   0.00648   0.00058  -0.1470   0.7543   0.5190  17.7918 130.2342
   0.000   0.5617   0.00659   0.00062  -0.1465   0.7397   0.5460  18.6455 131.7619
   1.000   0.6681   0.00670   0.00055  -0.1452   0.7204   0.5651  19.7798 132.8176
   2.000   0.7637   0.00679   0.00035  -0.1415   0.6874   0.5809  21.7227 133.6870
   3.000   0.8616   0.00697   0.00024  -0.1385   0.6620   0.5946  23.2208 134.4408
   4.000   0.9438   0.00724   0.00001  -0.1321   0.6223   0.6085  25.5688 135.1994
   5.000   1.0044   0.00806  -0.00020  -0.1214   0.5461   0.6222  30.0933 135.9521
   6.000   1.0221   0.01033   0.00000  -0.1034   0.3792   0.6387  39.8637 136.8546
   8.000   1.1004   0.01506   0.00117  -0.0794   0.1747   0.6940  52.0165 139.9191
   9.000   1.1528   0.01712   0.00187  -0.0708   0.1321   0.7859  54.8162 145.0648
  10.000   1.2317   0.01932   0.00321  -0.0683   0.1028   1.0000  56.9722 160.0000
  11.000   1.2917   0.02211   0.00435  -0.0626   0.0821   1.0000  58.7518 160.0000
  12.000   1.3485   0.02533   0.00580  -0.0572   0.0659   1.0000  60.3959 160.0000
  13.000   1.3988   0.02922   0.00771  -0.0518   0.0524   1.0000  62.0226 160.0000
  14.000   1.4471   0.03353   0.00996  -0.0470   0.0430   1.0000  63.4102 160.0000
  15.000   1.4885   0.03866   0.01282  -0.0425   0.0360   1.0000  64.6265 160.0000
