  
       XFOIL         Version 6.99
  
 Calculated polar for: FX 83-W-108                                     
  
 1 1 Reynolds number fixed          Mach number fixed         
  
 xtrf =   1.000 (top)        1.000 (bottom)  
 Mach =   0.000     Re =     0.500 e 6     Ncrit =   9.000  9.000
  
   alpha    CL        CD       CDp       CM     Top_Xtr  Bot_Xtr  Top_Itr  Bot_Itr
  ------ -------- --------- --------- -------- -------- -------- -------- --------
  -6.000  -0.0928   0.01234   0.00384  -0.1405   0.8894   0.0335  10.2880  94.4249
  -5.000   0.0130   0.01079   0.00258  -0.1398   0.8659   0.0442  11.8166  95.7208
  -4.000   0.1197   0.00966   0.00171  -0.1390   0.8454   0.0673  13.1413  97.7817
  -3.000   0.2232   0.00830   0.00122  -0.1379   0.8261   0.2640  14.3906 110.9497
  -2.000   0.3318   0.00805   0.00128  -0.1372   0.8085   0.3797  15.5289 118.3473
  -1.000   0.4411   0.00801   0.00135  -0.1365   0.7912   0.4527  16.6410 122.9798
   0.000   0.5497   0.00792   0.00137  -0.1356   0.7737   0.5152  17.7806 126.9237
   1.000   0.6566   0.00778   0.00145  -0.1344   0.7566   0.6193  18.8921 133.5025
   2.000   0.7773   0.00710   0.00149  -0.1358   0.7322   1.0000  20.4704 160.0000
   3.000   0.8766   0.00726   0.00118  -0.1325   0.6915   1.0000  23.1274 160.0000
   4.000   0.9734   0.00756   0.00104  -0.1289   0.6425   1.0000  26.3480 160.0000
   5.000   1.0578   0.00836   0.00097  -0.1229   0.5448   1.0000  32.7775 160.0000
   6.000   1.1009   0.01118   0.00170  -0.1098   0.3046   1.0000  48.5072 160.0000
   7.000   1.1377   0.01434   0.00282  -0.0965   0.1248   1.0000  60.5744 160.0000
   8.000   1.1912   0.01693   0.00394  -0.0870   0.0646   1.0000  65.1053 160.0000
   9.000   1.2447   0.01980   0.00538  -0.0783   0.0449   1.0000  66.9298 160.0000
  10.000   1.2915   0.02343   0.00743  -0.0700   0.0354   1.0000  68.0266 160.0000
  11.000   1.3396   0.02738   0.00982  -0.0631   0.0298   1.0000  68.7899 160.0000
  12.000   1.3736   0.03298   0.01347  -0.0558   0.0266   1.0000  69.2838 160.0000
  13.000   1.4111   0.03859   0.01724  -0.0503   0.0240   1.0000  69.7300 160.0000
  14.000   1.4354   0.04638   0.02258  -0.0445   0.0220   1.0000  70.0743 160.0000
  15.000   1.4559   0.05429   0.02871  -0.0409   0.0201   1.0000  70.4615 160.0000
