  
       XFOIL         Version 6.99
  
 Calculated polar for: FX 84-W-127                                     
  
 1 1 Reynolds number fixed          Mach number fixed         
  
 xtrf =   1.000 (top)        1.000 (bottom)  
 Mach =   0.000     Re =     0.500 e 6     Ncrit =   9.000  9.000
  
   alpha    CL        CD       CDp       CM     Top_Xtr  Bot_Xtr  Top_Itr  Bot_Itr
  ------ -------- --------- --------- -------- -------- -------- -------- --------
  -6.000  -0.2632   0.01385   0.00447  -0.0814   0.7921   0.0327  15.7239  95.5077
  -5.000  -0.1573   0.01222   0.00314  -0.0806   0.7721   0.0423  17.0143  96.7846
  -4.000  -0.0492   0.01084   0.00219  -0.0803   0.7510   0.0597  18.3871  98.5564
  -3.000   0.0610   0.00988   0.00157  -0.0803   0.7307   0.1031  19.7163 101.8670
  -2.000   0.1706   0.00884   0.00122  -0.0805   0.7108   0.2718  21.0157 112.7484
  -1.000   0.2741   0.00729   0.00127  -0.0796   0.6897   0.7257  22.3985 141.3283
   0.000   0.3796   0.00723   0.00141  -0.0775   0.6681   0.8552  23.8191 149.4684
   1.000   0.4800   0.00735   0.00146  -0.0743   0.6470   0.9256  25.2106 154.0226
   2.000   0.6063   0.00747   0.00134  -0.0767   0.6245   0.9834  26.6944 158.2251
   3.000   0.7550   0.00768   0.00129  -0.0854   0.5993   1.0000  28.3595 160.0000
   5.000   0.9479   0.00854   0.00146  -0.0808   0.5440   1.0000  32.0301 160.0000
   6.000   1.0503   0.00912   0.00151  -0.0797   0.4998   1.0000  34.9571 160.0000
   7.000   1.1461   0.01002   0.00164  -0.0775   0.4358   1.0000  39.2276 160.0000
   8.000   1.2233   0.01178   0.00209  -0.0727   0.3352   1.0000  45.9752 160.0000
   9.000   1.2423   0.01549   0.00336  -0.0591   0.1780   1.0000  56.7963 160.0000
  10.000   1.2445   0.02096   0.00606  -0.0466   0.0649   1.0000  65.4240 160.0000
  11.000   1.2674   0.02649   0.00932  -0.0391   0.0386   1.0000  68.1080 160.0000
  12.000   1.2925   0.03272   0.01336  -0.0339   0.0295   1.0000  69.3567 160.0000
  13.000   1.3061   0.04082   0.01903  -0.0299   0.0245   1.0000  70.1951 160.0000
  14.000   1.3195   0.05003   0.02581  -0.0279   0.0208   1.0000  70.8988 160.0000
  15.000   1.3323   0.06032   0.03372  -0.0273   0.0184   1.0000  71.4338 160.0000
