  
       XFOIL         Version 6.99
  
 Calculated polar for: FX 84-W-097                                     
  
 1 1 Reynolds number fixed          Mach number fixed         
  
 xtrf =   1.000 (top)        1.000 (bottom)  
 Mach =   0.000     Re =     1.000 e 6     Ncrit =   9.000  9.000
  
   alpha    CL        CD       CDp       CM     Top_Xtr  Bot_Xtr  Top_Itr  Bot_Itr
  ------ -------- --------- --------- -------- -------- -------- -------- --------
  -6.000  -0.4057   0.01160   0.00358  -0.0493   0.8083   0.0148  15.1569  89.7175
  -5.000  -0.2981   0.00986   0.00216  -0.0486   0.7791   0.0190  17.1665  90.5506
  -4.000  -0.1876   0.00879   0.00131  -0.0484   0.7511   0.0268  19.0905  91.7229
  -3.000  -0.0759   0.00797   0.00072  -0.0483   0.7228   0.0459  21.0411  93.7156
  -2.000   0.0362   0.00730   0.00039  -0.0485   0.6941   0.1185  23.0286  99.1354
   0.000   0.2520   0.00496   0.00028  -0.0477   0.6378   0.8347  26.9311 147.8498
   1.000   0.3546   0.00491   0.00034  -0.0449   0.6076   0.9517  29.0319 155.8709
   3.000   0.6050   0.00538   0.00035  -0.0509   0.5374   1.0000  33.9254 160.0000
   4.000   0.7124   0.00582   0.00044  -0.0502   0.4877   1.0000  37.3878 160.0000
   5.000   0.8190   0.00665   0.00064  -0.0498   0.3959   1.0000  43.8141 160.0000
   6.000   0.9165   0.00868   0.00137  -0.0485   0.2096   1.0000  57.0133 160.0000
   7.000   1.0052   0.01149   0.00270  -0.0462   0.0432   1.0000  69.7454 160.0000
   8.000   1.0978   0.01344   0.00373  -0.0439   0.0175   1.0000  72.8628 160.0000
   9.000   1.1804   0.01590   0.00510  -0.0403   0.0120   1.0000  74.0183 160.0000
  10.000   1.2573   0.01810   0.00641  -0.0361   0.0100   1.0000  74.5885 160.0000
  11.000   1.2781   0.02249   0.00894  -0.0246   0.0085   1.0000  75.0221 160.0000
  12.000   1.3133   0.02697   0.01192  -0.0182   0.0078   1.0000  75.2910 160.0000
  13.000   1.3410   0.03302   0.01622  -0.0138   0.0069   1.0000  75.6022 160.0000
  14.000   1.3518   0.04169   0.02274  -0.0113   0.0062   1.0000  75.8760 160.0000
  15.000   1.3286   0.05598   0.03442  -0.0116   0.0058   1.0000  76.0482 160.0000
