  
       XFOIL         Version 6.99
  
 Calculated polar for: FX 84-W-150                                     
  
 1 1 Reynolds number fixed          Mach number fixed         
  
 xtrf =   1.000 (top)        1.000 (bottom)  
 Mach =   0.000     Re =     1.000 e 6     Ncrit =   9.000  9.000
  
   alpha    CL        CD       CDp       CM     Top_Xtr  Bot_Xtr  Top_Itr  Bot_Itr
  ------ -------- --------- --------- -------- -------- -------- -------- --------
  -6.000  -0.2015   0.01018   0.00205  -0.0926   0.7241   0.0373  19.4886  98.2105
  -5.000  -0.0905   0.00941   0.00152  -0.0929   0.7066   0.0478  20.5860  99.7272
  -4.000   0.0217   0.00877   0.00111  -0.0934   0.6896   0.0674  21.6523 101.8746
  -3.000   0.1345   0.00819   0.00082  -0.0940   0.6724   0.1138  22.7304 105.4522
  -2.000   0.2470   0.00758   0.00063  -0.0948   0.6551   0.2248  23.8249 112.3531
  -1.000   0.3566   0.00645   0.00052  -0.0955   0.6369   0.5574  24.9757 132.0451
   0.000   0.4690   0.00614   0.00063  -0.0959   0.6188   0.7335  26.1259 142.4439
   1.000   0.5823   0.00622   0.00074  -0.0964   0.6005   0.8005  27.2841 146.3777
   2.000   0.6932   0.00640   0.00087  -0.0963   0.5815   0.8534  28.4911 149.5276
   3.000   0.8014   0.00666   0.00095  -0.0959   0.5602   0.8922  29.8486 151.8954
   4.000   0.9064   0.00693   0.00101  -0.0949   0.5394   0.9243  31.1781 153.9285
   5.000   1.0023   0.00722   0.00097  -0.0920   0.5136   0.9688  32.8226 157.0396
   6.000   1.1249   0.00770   0.00106  -0.0956   0.4865   1.0000  34.5547 160.0000
   7.000   1.2175   0.00864   0.00116  -0.0933   0.4300   1.0000  38.1915 160.0000
   8.000   1.2931   0.00986   0.00133  -0.0879   0.3724   1.0000  41.9220 160.0000
   9.000   1.3299   0.01212   0.00173  -0.0764   0.2908   1.0000  47.2773 160.0000
  10.000   1.3413   0.01634   0.00324  -0.0636   0.1889   1.0000  54.1377 160.0000
  11.000   1.3441   0.02219   0.00606  -0.0527   0.0990   1.0000  60.7274 160.0000
  12.000   1.3592   0.02838   0.00953  -0.0455   0.0540   1.0000  64.8391 160.0000
  13.000   1.3852   0.03471   0.01333  -0.0408   0.0356   1.0000  67.2480 160.0000
  14.000   1.4118   0.04173   0.01782  -0.0376   0.0277   1.0000  68.6259 160.0000
  15.000   1.4352   0.04978   0.02323  -0.0356   0.0231   1.0000  69.5990 160.0000
