  
       XFOIL         Version 6.99
  
 Calculated polar for: FX S 02/1-158 AIRFOIL                           
  
 1 1 Reynolds number fixed          Mach number fixed         
  
 xtrf =   1.000 (top)        1.000 (bottom)  
 Mach =   0.000     Re =     0.500 e 6     Ncrit =   9.000  9.000
  
   alpha    CL        CD       CDp       CM     Top_Xtr  Bot_Xtr  Top_Itr  Bot_Itr
  ------ -------- --------- --------- -------- -------- -------- -------- --------
  -6.000  -0.2178   0.01681   0.00550  -0.0880   0.5460   0.0297  33.0944  90.8025
  -5.000  -0.1148   0.01440   0.00372  -0.0873   0.5292   0.0332  34.2662  91.1501
  -4.000  -0.0065   0.01266   0.00248  -0.0877   0.5160   0.0357  35.1862  91.3749
  -3.000   0.1064   0.01172   0.00176  -0.0883   0.5025   0.0425  36.1326  91.9788
  -2.000   0.2178   0.00991   0.00145  -0.0899   0.4906   0.4603  36.9687 122.5600
  -1.000   0.3327   0.01026   0.00181  -0.0903   0.4805   0.4935  37.6659 124.8412
   0.000   0.4465   0.01059   0.00210  -0.0907   0.4699   0.5163  38.4066 126.4060
   1.000   0.5599   0.01077   0.00214  -0.0911   0.4579   0.5286  39.2365 127.2387
   2.000   0.6733   0.01095   0.00214  -0.0916   0.4480   0.5384  39.9362 127.9057
   3.000   0.7853   0.01099   0.00203  -0.0920   0.4333   0.5500  40.9716 128.6970
   4.000   0.8972   0.01114   0.00206  -0.0924   0.4225   0.5632  41.7273 129.6006
   5.000   1.0079   0.01140   0.00211  -0.0926   0.4118   0.5777  42.4659 130.5999
   6.000   1.1152   0.01156   0.00180  -0.0924   0.3711   0.5934  45.3181 131.6690
   7.000   1.1840   0.01493   0.00322  -0.0871   0.1727   0.6128  59.6070 132.9853
   9.000   1.2639   0.02116   0.00650  -0.0680   0.0228   0.7875  73.0929 144.8949
  10.000   1.2637   0.02759   0.01042  -0.0597   0.0055   1.0000  76.6361 160.0000
  11.000   1.2631   0.03773   0.01741  -0.0575   0.0045   1.0000  77.1069 160.0000
  12.000   1.2560   0.04942   0.02608  -0.0566   0.0041   1.0000  77.3291 160.0000
  13.000   1.2484   0.06206   0.03585  -0.0570   0.0038   1.0000  77.4734 160.0000
  14.000   1.2454   0.07551   0.04663  -0.0588   0.0037   1.0000  77.5542 160.0000
  15.000   1.2452   0.08956   0.05829  -0.0616   0.0037   1.0000  77.5794 160.0000
