  
       XFOIL         Version 6.99
  
 Calculated polar for: GEMINI (smoothed)                               
  
 1 1 Reynolds number fixed          Mach number fixed         
  
 xtrf =   1.000 (top)        1.000 (bottom)  
 Mach =   0.000     Re =     0.500 e 6     Ncrit =   9.000  9.000
  
   alpha    CL        CD       CDp       CM     Top_Xtr  Bot_Xtr  Top_Itr  Bot_Itr
  ------ -------- --------- --------- -------- -------- -------- -------- --------
  -6.000  -0.3590   0.01197   0.00278  -0.0605   0.8665   0.0612  11.8346  98.7316
  -5.000  -0.2716   0.01033   0.00183  -0.0562   0.8235   0.1509  14.5186 105.3025
  -4.000  -0.1824   0.00911   0.00141  -0.0522   0.7860   0.3153  16.8548 115.7982
  -3.000  -0.0942   0.00821   0.00122  -0.0475   0.7513   0.4947  19.0158 126.9789
  -2.000  -0.0035   0.00778   0.00124  -0.0428   0.7173   0.6274  21.1404 135.1466
  -1.000   0.0934   0.00762   0.00122  -0.0394   0.6836   0.7060  23.2566 139.9483
   0.000   0.1920   0.00752   0.00123  -0.0363   0.6489   0.7784  25.4336 144.3635
   1.000   0.2953   0.00753   0.00131  -0.0341   0.6127   0.8597  27.7124 149.3250
   2.000   0.4218   0.00783   0.00147  -0.0372   0.5734   0.9349  30.1942 154.0121
   3.000   0.5817   0.00844   0.00171  -0.0482   0.5292   0.9632  32.9998 156.0775
   4.000   0.7332   0.00917   0.00205  -0.0575   0.4857   0.9798  35.7677 157.5596
   5.000   0.8808   0.00990   0.00231  -0.0664   0.4408   0.9975  38.6218 159.6380
   6.000   0.9723   0.01049   0.00232  -0.0635   0.3972   1.0000  41.4113 160.0000
   7.000   1.0428   0.01128   0.00239  -0.0560   0.3501   1.0000  44.4462 160.0000
   8.000   1.1058   0.01263   0.00266  -0.0474   0.2741   1.0000  49.4307 160.0000
   9.000   1.0923   0.01712   0.00448  -0.0263   0.0650   1.0000  64.8100 160.0000
  10.000   1.1163   0.02096   0.00656  -0.0142   0.0343   1.0000  68.1294 160.0000
  11.000   1.1465   0.02563   0.00936  -0.0063   0.0265   1.0000  69.3487 160.0000
  12.000   1.1594   0.03284   0.01415  -0.0002   0.0223   1.0000  70.1191 160.0000
  13.000   1.1745   0.04108   0.02001   0.0029   0.0197   1.0000  70.6808 160.0000
  14.000   1.1680   0.05236   0.02841   0.0048   0.0180   1.0000  71.0871 160.0000
  15.000   1.1779   0.06285   0.03646   0.0048   0.0165   1.0000  71.4791 160.0000
