  
       XFOIL         Version 6.99
  
 Calculated polar for: GEMINI (smoothed)                               
  
 1 1 Reynolds number fixed          Mach number fixed         
  
 xtrf =   1.000 (top)        1.000 (bottom)  
 Mach =   0.000     Re =     1.000 e 6     Ncrit =   9.000  9.000
  
   alpha    CL        CD       CDp       CM     Top_Xtr  Bot_Xtr  Top_Itr  Bot_Itr
  ------ -------- --------- --------- -------- -------- -------- -------- --------
  -6.000  -0.3722   0.01002   0.00193  -0.0573   0.8050   0.0466  15.6697  97.2839
  -5.000  -0.2770   0.00922   0.00142  -0.0541   0.7671   0.0784  18.0270 100.1627
  -4.000  -0.1876   0.00801   0.00094  -0.0501   0.7323   0.2208  20.2068 109.8596
  -3.000  -0.0935   0.00725   0.00069  -0.0468   0.6990   0.3497  22.2873 117.9520
  -2.000  -0.0015   0.00654   0.00058  -0.0428   0.6667   0.5208  24.3125 128.5888
  -1.000   0.0952   0.00628   0.00058  -0.0396   0.6340   0.6277  26.3722 135.1676
   0.000   0.1952   0.00622   0.00058  -0.0370   0.5997   0.6935  28.5346 139.1818
   1.000   0.2933   0.00621   0.00060  -0.0340   0.5629   0.7648  30.8599 143.5353
   2.000   0.3910   0.00622   0.00070  -0.0309   0.5243   0.8629  33.3149 149.5201
   3.000   0.5144   0.00651   0.00086  -0.0338   0.4837   0.9365  35.8901 154.1255
   4.000   0.6787   0.00706   0.00110  -0.0463   0.4429   0.9634  38.4907 156.0966
   5.000   0.8233   0.00782   0.00143  -0.0544   0.3986   0.9775  41.3194 157.3291
   6.000   0.9546   0.00868   0.00177  -0.0597   0.3502   0.9944  44.4397 159.2063
   7.000   1.0673   0.00983   0.00209  -0.0617   0.2720   1.0000  49.5729 160.0000
   8.000   1.1048   0.01232   0.00299  -0.0485   0.1312   1.0000  59.3959 160.0000
   9.000   1.1233   0.01539   0.00442  -0.0320   0.0323   1.0000  68.4316 160.0000
  10.000   1.1718   0.01757   0.00540  -0.0224   0.0228   1.0000  70.0200 160.0000
  11.000   1.2231   0.02036   0.00680  -0.0152   0.0177   1.0000  71.1570 160.0000
  12.000   1.2626   0.02460   0.00920  -0.0088   0.0144   1.0000  72.0310 160.0000
  13.000   1.3013   0.02974   0.01238  -0.0045   0.0128   1.0000  72.5470 160.0000
  14.000   1.3066   0.03867   0.01848  -0.0007   0.0115   1.0000  72.9727 160.0000
  15.000   1.3131   0.04871   0.02577   0.0006   0.0109   1.0000  73.1988 160.0000
