  
       XFOIL         Version 6.99
  
 Calculated polar for: GIII BL86 AIRFOIL                               
  
 1 1 Reynolds number fixed          Mach number fixed         
  
 xtrf =   1.000 (top)        1.000 (bottom)  
 Mach =   0.000     Re =     1.000 e 6     Ncrit =   9.000  9.000
  
   alpha    CL        CD       CDp       CM     Top_Xtr  Bot_Xtr  Top_Itr  Bot_Itr
  ------ -------- --------- --------- -------- -------- -------- -------- --------
  -6.000  -0.5865   0.01180   0.00326  -0.0060   0.8821   0.0132  10.6216  87.8164
  -5.000  -0.4857   0.00999   0.00198  -0.0041   0.8553   0.0186  12.5362  88.6235
  -4.000  -0.3804   0.00888   0.00123  -0.0030   0.8344   0.0309  14.0223  89.9887
  -3.000  -0.2752   0.00774   0.00080  -0.0021   0.8143   0.1328  15.4416  97.7561
  -2.000  -0.1790   0.00569   0.00036  -0.0001   0.7938   0.5301  16.8959 125.6276
  -1.000  -0.0798   0.00472   0.00034   0.0026   0.7678   0.7886  18.7271 143.8169
   0.000   0.0285   0.00461   0.00032   0.0037   0.7279   0.8523  21.5441 148.2772
   1.000   0.1356   0.00466   0.00036   0.0051   0.6806   0.9062  24.8976 152.0795
   2.000   0.2440   0.00489   0.00043   0.0061   0.6229   0.9392  28.9751 154.4320
   3.000   0.3545   0.00530   0.00051   0.0063   0.5481   0.9625  34.2554 156.1434
   5.000   0.6002   0.00803   0.00125  -0.0011   0.1804   0.9880  60.2649 158.4855
   6.000   0.7269   0.01014   0.00211  -0.0064   0.0297   0.9962  71.8990 159.4712
   7.000   0.8346   0.01196   0.00309  -0.0071   0.0131   1.0000  73.9528 160.0000
   8.000   0.9130   0.01358   0.00403  -0.0015   0.0096   1.0000  74.6942 160.0000
   9.000   0.9866   0.01631   0.00576   0.0043   0.0072   1.0000  75.3782 160.0000
  10.000   1.0631   0.01938   0.00776   0.0086   0.0058   1.0000  75.8385 160.0000
  11.000   1.1140   0.02558   0.01225   0.0150   0.0050   1.0000  76.1344 160.0000
  12.000   1.1352   0.03256   0.01774   0.0227   0.0045   1.0000  76.3660 160.0000
  13.000   1.1193   0.04394   0.02746   0.0252   0.0042   1.0000  76.5121 160.0000
  14.000   1.0602   0.06588   0.04775   0.0155   0.0041   1.0000  76.5426 160.0000
  15.000   0.9096   0.11824   0.10206  -0.0151   0.0047   1.0000  76.2591 160.0000
