  
       XFOIL         Version 6.99
  
 Calculated polar for: GIII BL45 AIRFOIL                               
  
 1 1 Reynolds number fixed          Mach number fixed         
  
 xtrf =   1.000 (top)        1.000 (bottom)  
 Mach =   0.000     Re =     0.500 e 6     Ncrit =   9.000  9.000
  
   alpha    CL        CD       CDp       CM     Top_Xtr  Bot_Xtr  Top_Itr  Bot_Itr
  ------ -------- --------- --------- -------- -------- -------- -------- --------
  -6.000  -0.6306   0.01454   0.00446   0.0032   0.9940   0.0227   1.8086  89.5684
  -5.000  -0.4950   0.01180   0.00266  -0.0028   0.9781   0.0347   3.4587  90.8514
  -4.000  -0.3741   0.00969   0.00162  -0.0056   0.9512   0.1245   5.6305  97.7421
  -3.000  -0.2828   0.00753   0.00103  -0.0022   0.9127   0.4316   8.3571 119.0795
  -2.000  -0.2000   0.00608   0.00104   0.0046   0.8757   0.7803  10.9411 143.3591
  -1.000  -0.0972   0.00609   0.00128   0.0077   0.8392   0.8711  13.4877 149.7082
   0.000   0.0067   0.00632   0.00142   0.0109   0.7812   0.9203  17.5175 153.1523
   1.000   0.1240   0.00682   0.00165   0.0109   0.7136   0.9502  22.2504 155.2645
   2.000   0.2541   0.00725   0.00166   0.0069   0.6343   0.9639  27.7741 156.2966
   3.000   0.3883   0.00777   0.00168   0.0016   0.5407   0.9755  34.2818 157.2816
   4.000   0.5189   0.00899   0.00178  -0.0039   0.3292   0.9863  49.0593 158.3267
   5.000   0.6517   0.01035   0.00220  -0.0102   0.2085   0.9956  57.4917 159.3955
   6.000   0.7679   0.01117   0.00238  -0.0127   0.1534   1.0000  61.3923 160.0000
   7.000   0.8398   0.01394   0.00353  -0.0067   0.0251   1.0000  71.7942 160.0000
   8.000   0.9008   0.01680   0.00512   0.0019   0.0164   1.0000  72.9260 160.0000
   9.000   0.9565   0.01992   0.00705   0.0110   0.0131   1.0000  73.5325 160.0000
  10.000   0.9991   0.02567   0.01057   0.0207   0.0110   1.0000  73.9540 160.0000
  11.000   1.0404   0.03162   0.01504   0.0287   0.0096   1.0000  74.3143 160.0000
  12.000   1.0355   0.04096   0.02255   0.0372   0.0091   1.0000  74.4524 160.0000
  13.000   0.9860   0.05745   0.03730   0.0356   0.0091   1.0000  74.4596 160.0000
  14.000   0.9043   0.08684   0.06612   0.0175   0.0095   1.0000  74.3542 160.0000
