  
       XFOIL         Version 6.99
  
 Calculated polar for: GIII BL430 AIRFOIL                              
  
 1 1 Reynolds number fixed          Mach number fixed         
  
 xtrf =   1.000 (top)        1.000 (bottom)  
 Mach =   0.000     Re =     1.000 e 6     Ncrit =   9.000  9.000
  
   alpha    CL        CD       CDp       CM     Top_Xtr  Bot_Xtr  Top_Itr  Bot_Itr
  ------ -------- --------- --------- -------- -------- -------- -------- --------
  -5.000  -0.3764   0.02813   0.02287  -0.0250   0.9781   0.0204   3.4107  94.2779
  -3.000  -0.1725   0.01113   0.00447  -0.0200   0.8566   0.0279  11.2537  96.1853
  -2.000  -0.0651   0.00993   0.00312  -0.0183   0.8023   0.0310  14.4818  96.8522
  -1.000   0.0403   0.00865   0.00182  -0.0164   0.7120   0.0340  19.8376  97.4279
   0.000   0.1465   0.00825   0.00105  -0.0147   0.5869   0.0381  27.3809  98.1614
   1.000   0.2555   0.00812   0.00071  -0.0138   0.5035   0.0450  32.3507  99.2242
   2.000   0.3658   0.00809   0.00053  -0.0130   0.4418   0.0614  36.0421 101.2165
   3.000   0.4646   0.00627   0.00070  -0.0104   0.3202   0.9795  43.6042 157.7219
   4.000   0.6000   0.00753   0.00113  -0.0161   0.1805   1.0000  52.3529 160.0000
   5.000   0.6989   0.00853   0.00154  -0.0136   0.1135   1.0000  56.9137 160.0000
   6.000   0.8003   0.00947   0.00205  -0.0117   0.0818   1.0000  59.3771 160.0000
   7.000   0.9030   0.01052   0.00266  -0.0101   0.0617   1.0000  61.2773 160.0000
   8.000   1.0046   0.01184   0.00347  -0.0087   0.0470   1.0000  63.0088 160.0000
   9.000   1.1055   0.01321   0.00438  -0.0073   0.0391   1.0000  64.1537 160.0000
  10.000   1.2022   0.01502   0.00562  -0.0057   0.0335   1.0000  65.0665 160.0000
  11.000   1.2968   0.01684   0.00689  -0.0039   0.0299   1.0000  65.7518 160.0000
  12.000   1.3819   0.01944   0.00876  -0.0013   0.0272   1.0000  66.2838 160.0000
  13.000   1.4599   0.02218   0.01066   0.0018   0.0251   1.0000  66.7594 160.0000
  14.000   1.5045   0.02661   0.01379   0.0079   0.0235   1.0000  67.1095 160.0000
  15.000   1.5379   0.03198   0.01770   0.0118   0.0223   1.0000  67.4130 160.0000
