  
       XFOIL         Version 6.99
  
 Calculated polar for: GIII BL0 AIRFOIL                                
  
 1 1 Reynolds number fixed          Mach number fixed         
  
 xtrf =   1.000 (top)        1.000 (bottom)  
 Mach =   0.000     Re =     1.000 e 6     Ncrit =   9.000  9.000
  
   alpha    CL        CD       CDp       CM     Top_Xtr  Bot_Xtr  Top_Itr  Bot_Itr
  ------ -------- --------- --------- -------- -------- -------- -------- --------
  -6.000  -0.6057   0.01066   0.00240  -0.0004   0.9752   0.0223   3.6880  89.8211
  -5.000  -0.4971   0.00937   0.00166  -0.0001   0.9521   0.0378   5.5185  91.4736
  -4.000  -0.3986   0.00822   0.00113   0.0024   0.9230   0.1087   7.5617  96.9990
  -2.000  -0.2164   0.00522   0.00037   0.0103   0.8484   0.6310  12.7289 133.1393
  -1.000  -0.1206   0.00469   0.00027   0.0142   0.7830   0.7677  17.2295 142.5525
   0.000  -0.0247   0.00492   0.00033   0.0181   0.6351   0.8634  27.4820 149.2126
   1.000   0.0796   0.00541   0.00055   0.0199   0.5344   0.9150  34.3903 152.8197
   2.000   0.1852   0.00608   0.00080   0.0214   0.4305   0.9460  41.5295 154.9669
   3.000   0.2911   0.00751   0.00123   0.0219   0.2205   0.9617  56.1197 156.1402
   4.000   0.4102   0.00826   0.00159   0.0198   0.1842   0.9726  58.6458 157.0392
   5.000   0.5470   0.00894   0.00197   0.0136   0.1700   0.9764  59.6245 157.3888
   6.000   0.6710   0.00956   0.00220   0.0101   0.1492   0.9839  61.0729 158.0867
   7.000   0.7964   0.01101   0.00266   0.0054   0.0482   0.9887  69.1451 158.5922
   8.000   0.9202   0.01321   0.00390   0.0010   0.0125   0.9952  73.3791 159.3549
   9.000   1.0359   0.01558   0.00531  -0.0020   0.0086   1.0000  74.3690 160.0000
  10.000   1.0850   0.01834   0.00700   0.0082   0.0067   1.0000  74.9623 160.0000
  11.000   1.1222   0.02102   0.00872   0.0203   0.0060   1.0000  75.2456 160.0000
  12.000   1.1382   0.02438   0.01087   0.0345   0.0055   1.0000  75.4904 160.0000
  13.000   1.1550   0.02981   0.01476   0.0425   0.0050   1.0000  75.6803 160.0000
  14.000   1.1524   0.03964   0.02248   0.0441   0.0047   1.0000  75.8178 160.0000
  15.000   1.1133   0.05826   0.03840   0.0364   0.0045   1.0000  75.8985 160.0000
