  
       XFOIL         Version 6.99
  
 Calculated polar for: GIII BL387 AIRFOIL                              
  
 1 1 Reynolds number fixed          Mach number fixed         
  
 xtrf =   1.000 (top)        1.000 (bottom)  
 Mach =   0.000     Re =     1.000 e 6     Ncrit =   9.000  9.000
  
   alpha    CL        CD       CDp       CM     Top_Xtr  Bot_Xtr  Top_Itr  Bot_Itr
  ------ -------- --------- --------- -------- -------- -------- -------- --------
  -5.000  -0.3936   0.01402   0.00681  -0.0248   0.9837   0.0184   2.9696  92.9655
  -4.000  -0.2761   0.01098   0.00422  -0.0261   0.9524   0.0209   5.5440  93.5582
  -3.000  -0.1720   0.00931   0.00270  -0.0240   0.9035   0.0245   8.6908  94.3250
  -2.000  -0.0669   0.00834   0.00171  -0.0221   0.8527   0.0289  11.9288  95.1165
  -1.000   0.0396   0.00772   0.00106  -0.0205   0.7902   0.0345  15.8705  95.9353
   0.000   0.1471   0.00730   0.00056  -0.0191   0.7156   0.0431  20.5938  96.9505
   1.000   0.2350   0.00498   0.00032  -0.0146   0.5981   0.8394  28.1181 148.3044
   2.000   0.3392   0.00538   0.00052  -0.0121   0.4835   0.9638  35.4430 156.3036
   3.000   0.4835   0.00616   0.00070  -0.0193   0.3599   0.9947  43.3772 159.2764
   4.000   0.5988   0.00757   0.00109  -0.0212   0.1762   1.0000  55.4952 160.0000
   5.000   0.6936   0.00870   0.00157  -0.0181   0.0937   1.0000  61.2826 160.0000
   6.000   0.7910   0.00979   0.00216  -0.0156   0.0605   1.0000  64.0115 160.0000
   7.000   0.8914   0.01087   0.00280  -0.0137   0.0453   1.0000  65.5955 160.0000
   8.000   0.9916   0.01214   0.00362  -0.0121   0.0369   1.0000  66.6306 160.0000
   9.000   1.0901   0.01363   0.00464  -0.0104   0.0311   1.0000  67.4711 160.0000
  10.000   1.1849   0.01547   0.00589  -0.0085   0.0260   1.0000  68.3290 160.0000
  11.000   1.2749   0.01765   0.00737  -0.0062   0.0217   1.0000  69.1791 160.0000
  12.000   1.3590   0.02011   0.00903  -0.0034   0.0187   1.0000  69.8639 160.0000
  13.000   1.4296   0.02333   0.01136   0.0007   0.0169   1.0000  70.3412 160.0000
  14.000   1.4793   0.02698   0.01387   0.0067   0.0155   1.0000  70.7301 160.0000
  15.000   1.4812   0.03514   0.01997   0.0119   0.0144   1.0000  71.0388 160.0000
