  
       XFOIL         Version 6.99
  
 Calculated polar for: Glenn Martin 4                                  
  
 1 1 Reynolds number fixed          Mach number fixed         
  
 xtrf =   1.000 (top)        1.000 (bottom)  
 Mach =   0.000     Re =     0.500 e 6     Ncrit =   9.000  9.000
  
   alpha    CL        CD       CDp       CM     Top_Xtr  Bot_Xtr  Top_Itr  Bot_Itr
  ------ -------- --------- --------- -------- -------- -------- -------- --------
  -6.000  -0.3096   0.02362   0.00636  -0.0620   0.8789   0.0238  13.6605  95.8367
  -5.000  -0.2176   0.01873   0.00116  -0.0570   0.8579   0.0288  14.9503  96.6810
  -4.000  -0.0872   0.01507  -0.00261  -0.0600   0.8214   0.0363  17.1146  97.7698
  -3.000   0.0547   0.01292  -0.00504  -0.0658   0.7134   0.0446  23.7164  98.8395
  -2.000   0.1198   0.01292  -0.00615  -0.0557   0.6068   0.0527  30.1577  99.8132
   0.000   0.3008   0.01296  -0.00734  -0.0477   0.5226   0.1015  35.0950 104.2559
   1.000   0.4007   0.01307  -0.00764  -0.0462   0.4856   0.1403  37.2821 106.8848
   2.000   0.7576   0.01363  -0.00367  -0.1040   0.4151   1.0000  41.5785 160.0000
   3.000   0.8307   0.01440  -0.00383  -0.0973   0.3787   1.0000  43.8386 160.0000
   4.000   0.9077   0.01522  -0.00389  -0.0917   0.3571   1.0000  45.1765 160.0000
   5.000   0.9863   0.01610  -0.00392  -0.0867   0.3410   1.0000  46.1628 160.0000
   6.000   1.0637   0.01713  -0.00390  -0.0819   0.3281   1.0000  46.9582 160.0000
   7.000   1.1422   0.01808  -0.00389  -0.0775   0.3178   1.0000  47.5854 160.0000
   8.000   1.2174   0.01930  -0.00381  -0.0729   0.3076   1.0000  48.2140 160.0000
   9.000   1.2835   0.02072  -0.00378  -0.0671   0.2933   1.0000  49.0904 160.0000
  10.000   1.3429   0.02238  -0.00370  -0.0606   0.2778   1.0000  50.0616 160.0000
  11.000   1.3985   0.02435  -0.00361  -0.0543   0.2545   1.0000  51.5673 160.0000
  12.000   1.4199   0.02861  -0.00237  -0.0445   0.1882   1.0000  56.1921 160.0000
  13.000   1.3230   0.04270   0.00663  -0.0263   0.0545   1.0000  67.8335 160.0000
  14.000   1.2740   0.05697   0.01673  -0.0206   0.0217   1.0000  72.2147 160.0000
  15.000   1.2299   0.07287   0.02921  -0.0193   0.0182   1.0000  72.9177 160.0000
