  
       XFOIL         Version 6.99
  
 Calculated polar for: Glenn Martin 4                                  
  
 1 1 Reynolds number fixed          Mach number fixed         
  
 xtrf =   1.000 (top)        1.000 (bottom)  
 Mach =   0.000     Re =     1.000 e 6     Ncrit =   9.000  9.000
  
   alpha    CL        CD       CDp       CM     Top_Xtr  Bot_Xtr  Top_Itr  Bot_Itr
  ------ -------- --------- --------- -------- -------- -------- -------- --------
  -6.000  -0.2884   0.01462  -0.00124  -0.0642   0.8658   0.0196  14.4722  94.9770
  -5.000  -0.1271   0.01256  -0.00321  -0.0744   0.8202   0.0245  17.1897  95.9674
  -4.000  -0.0602   0.01186  -0.00485  -0.0645   0.6766   0.0290  25.9659  96.7224
  -3.000   0.0018   0.01169  -0.00610  -0.0538   0.5821   0.0330  31.6092  97.3153
  -2.000   0.0925   0.01147  -0.00701  -0.0494   0.5390   0.0376  34.1384  97.9508
  -1.000   0.1954   0.01131  -0.00753  -0.0479   0.5070   0.0554  36.0148 100.1252
   0.000   0.2975   0.01149  -0.00781  -0.0466   0.4742   0.0799  37.9623 102.5560
   1.000   0.4091   0.01168  -0.00803  -0.0477   0.4354   0.0900  40.3238 103.3860
   2.000   0.5179   0.01206  -0.00809  -0.0486   0.3853   0.1138  43.4298 105.1351
   5.000   1.0224   0.01388  -0.00459  -0.0943   0.3100   1.0000  48.0613 160.0000
   6.000   1.1033   0.01458  -0.00474  -0.0898   0.3010   1.0000  48.6200 160.0000
   7.000   1.1810   0.01546  -0.00484  -0.0851   0.2917   1.0000  49.1945 160.0000
   8.000   1.2544   0.01651  -0.00495  -0.0800   0.2783   1.0000  50.0300 160.0000
   9.000   1.3286   0.01758  -0.00513  -0.0754   0.2628   1.0000  51.0199 160.0000
  10.000   1.3992   0.01887  -0.00528  -0.0707   0.2400   1.0000  52.5289 160.0000
  11.000   1.4284   0.02222  -0.00434  -0.0599   0.1696   1.0000  57.5796 160.0000
  12.000   1.3533   0.03244   0.00155  -0.0377   0.0310   1.0000  70.6323 160.0000
  13.000   1.3497   0.04019   0.00593  -0.0292   0.0147   1.0000  73.7648 160.0000
  14.000   1.3459   0.04944   0.01176  -0.0244   0.0120   1.0000  74.5029 160.0000
  15.000   1.3088   0.06375   0.02219  -0.0218   0.0104   1.0000  75.0029 160.0000
