  
       XFOIL         Version 6.99
  
 Calculated polar for: Glenn Martin 3                                  
  
 1 1 Reynolds number fixed          Mach number fixed         
  
 xtrf =   1.000 (top)        1.000 (bottom)  
 Mach =   0.000     Re =     0.500 e 6     Ncrit =   9.000  9.000
  
   alpha    CL        CD       CDp       CM     Top_Xtr  Bot_Xtr  Top_Itr  Bot_Itr
  ------ -------- --------- --------- -------- -------- -------- -------- --------
  -6.000  -0.3570   0.02347   0.00810  -0.0421   0.8904   0.0325  11.1365  97.9725
  -5.000  -0.2582   0.01941   0.00443  -0.0386   0.8799   0.0368  11.7872  98.7069
  -4.000  -0.1024   0.01573   0.00128  -0.0468   0.8773   0.0420  11.9490  99.5041
  -3.000   0.0536   0.01285  -0.00096  -0.0552   0.8606   0.0470  12.9380 100.2166
  -2.000   0.1956   0.01121  -0.00219  -0.0610   0.8287   0.0552  14.7622 101.2380
  -1.000   0.3243   0.00997  -0.00287  -0.0644   0.7848   0.1866  17.2729 110.9819
   3.000   0.8616   0.01405  -0.00021  -0.0889   0.2914   1.0000  45.8194 160.0000
   4.000   0.9299   0.01513   0.00010  -0.0812   0.2498   1.0000  48.3349 160.0000
   5.000   1.0003   0.01625   0.00048  -0.0741   0.2293   1.0000  49.5796 160.0000
   6.000   1.0718   0.01744   0.00092  -0.0676   0.2166   1.0000  50.3601 160.0000
   7.000   1.1401   0.01895   0.00148  -0.0610   0.2056   1.0000  51.0312 160.0000
   8.000   1.2129   0.02023   0.00197  -0.0556   0.1992   1.0000  51.4310 160.0000
   9.000   1.2815   0.02195   0.00260  -0.0500   0.1925   1.0000  51.8517 160.0000
  10.000   1.3528   0.02372   0.00331  -0.0454   0.1874   1.0000  52.1734 160.0000
  11.000   1.4160   0.02555   0.00393  -0.0400   0.1808   1.0000  52.5984 160.0000
  12.000   1.4725   0.02786   0.00463  -0.0344   0.1721   1.0000  53.1646 160.0000
  13.000   1.5231   0.03041   0.00547  -0.0287   0.1644   1.0000  53.6869 160.0000
  14.000   1.5684   0.03366   0.00668  -0.0233   0.1560   1.0000  54.2673 160.0000
  15.000   1.6052   0.03772   0.00825  -0.0184   0.1445   1.0000  55.0939 160.0000
