  
       XFOIL         Version 6.99
  
 Calculated polar for: Glenn Martin 3                                  
  
 1 1 Reynolds number fixed          Mach number fixed         
  
 xtrf =   1.000 (top)        1.000 (bottom)  
 Mach =   0.000     Re =     1.000 e 6     Ncrit =   9.000  9.000
  
   alpha    CL        CD       CDp       CM     Top_Xtr  Bot_Xtr  Top_Itr  Bot_Itr
  ------ -------- --------- --------- -------- -------- -------- -------- --------
  -6.000  -0.2467   0.01389   0.00117  -0.0631   0.8927   0.0275  10.9897  96.9823
  -5.000  -0.1204   0.01181  -0.00042  -0.0658   0.8776   0.0312  11.9328  97.7035
  -4.000   0.0051   0.01028  -0.00173  -0.0682   0.8487   0.0344  13.6237  98.2931
  -3.000   0.1287   0.00945  -0.00254  -0.0703   0.8119   0.0379  15.7170  98.8903
  -2.000   0.2214   0.00896  -0.00316  -0.0656   0.7671   0.0427  18.3078  99.6089
  -1.000   0.2678   0.00929  -0.00370  -0.0506   0.6444   0.0524  25.6527 100.9092
   0.000   0.3152   0.01013  -0.00381  -0.0370   0.4545   0.1702  36.5661 110.0603
   3.000   0.8979   0.01224  -0.00064  -0.0970   0.2357   1.0000  49.1931 160.0000
   4.000   0.9720   0.01296  -0.00047  -0.0902   0.2150   1.0000  50.4541 160.0000
   5.000   1.0485   0.01373  -0.00029  -0.0841   0.2020   1.0000  51.2616 160.0000
   6.000   1.1201   0.01473  -0.00001  -0.0774   0.1901   1.0000  52.0042 160.0000
   7.000   1.1974   0.01556   0.00017  -0.0721   0.1850   1.0000  52.3324 160.0000
   8.000   1.2685   0.01673   0.00049  -0.0661   0.1781   1.0000  52.7710 160.0000
   9.000   1.3360   0.01813   0.00093  -0.0599   0.1733   1.0000  53.0878 160.0000
  10.000   1.4078   0.01935   0.00116  -0.0550   0.1678   1.0000  53.4573 160.0000
  11.000   1.4694   0.02115   0.00161  -0.0490   0.1590   1.0000  54.0490 160.0000
  12.000   1.5373   0.02269   0.00186  -0.0445   0.1534   1.0000  54.4493 160.0000
  13.000   1.5941   0.02493   0.00241  -0.0391   0.1445   1.0000  55.0903 160.0000
  14.000   1.6514   0.02730   0.00290  -0.0345   0.1317   1.0000  56.0753 160.0000
  15.000   1.6698   0.03246   0.00514  -0.0265   0.0862   1.0000  60.1823 160.0000
