  
       XFOIL         Version 6.99
  
 Calculated polar for: GM15 (smoothed)                                 
  
 1 1 Reynolds number fixed          Mach number fixed         
  
 xtrf =   1.000 (top)        1.000 (bottom)  
 Mach =   0.000     Re =     0.500 e 6     Ncrit =   9.000  9.000
  
   alpha    CL        CD       CDp       CM     Top_Xtr  Bot_Xtr  Top_Itr  Bot_Itr
  ------ -------- --------- --------- -------- -------- -------- -------- --------
   0.000   0.5792   0.00683   0.00065  -0.1369   0.8479   0.3561  13.1310 113.2485
   1.000   0.6826   0.00684   0.00048  -0.1342   0.7591   0.4519  19.5791 120.1279
   3.000   0.8865   0.00718   0.00073  -0.1292   0.5908   1.0000  31.6443 160.0000
   4.000   0.9853   0.00803   0.00093  -0.1262   0.5142   1.0000  37.1211 160.0000
   5.000   1.0731   0.00974   0.00126  -0.1215   0.3381   1.0000  49.7574 160.0000
   6.000   1.1419   0.01408   0.00299  -0.1146   0.0334   1.0000  72.8107 160.0000
   7.000   1.2228   0.01715   0.00465  -0.1086   0.0179   1.0000  74.4598 160.0000
   8.000   1.2862   0.02180   0.00733  -0.1002   0.0126   1.0000  75.2209 160.0000
   9.000   1.3505   0.02692   0.01042  -0.0927   0.0098   1.0000  75.7676 160.0000
  10.000   1.3996   0.03747   0.01752  -0.0844   0.0082   1.0000  76.1145 160.0000
  11.000   1.3897   0.04870   0.02644  -0.0695   0.0079   1.0000  76.2000 160.0000
  12.000   1.3224   0.06480   0.04057  -0.0592   0.0081   1.0000  76.1443 160.0000
