  
       XFOIL         Version 6.99
  
 Calculated polar for: GOE 14K AIRFOIL                                 
  
 1 1 Reynolds number fixed          Mach number fixed         
  
 xtrf =   1.000 (top)        1.000 (bottom)  
 Mach =   0.000     Re =     1.000 e 6     Ncrit =   9.000  9.000
  
   alpha    CL        CD       CDp       CM     Top_Xtr  Bot_Xtr  Top_Itr  Bot_Itr
  ------ -------- --------- --------- -------- -------- -------- -------- --------
  -6.000  -0.2854   0.01008   0.00017  -0.0903   0.9133   0.0467   8.9734  96.3659
  -5.000  -0.1811   0.00973   0.00002  -0.0896   0.9020   0.0552   9.7463  96.9973
  -4.000  -0.0472   0.00876  -0.00056  -0.0960   0.8956   0.0702  10.1789  98.2446
  -3.000   0.0655   0.00813  -0.00088  -0.0972   0.8870   0.1024  10.7623 100.6850
  -2.000   0.1763   0.00703  -0.00098  -0.0987   0.8792   0.3564  11.2892 116.9928
  -1.000   0.2746   0.00575  -0.00102  -0.0970   0.8688   0.7131  11.9910 139.4656
   0.000   0.4755   0.00643  -0.00033  -0.1176   0.8630   0.9284  12.3820 153.3217
   1.000   0.5843   0.00717  -0.00000  -0.1166   0.8423   0.9521  13.7597 155.0628
   2.000   0.7124   0.00778   0.00009  -0.1201   0.8072   0.9654  16.0800 156.1837
   3.000   0.8167   0.00807  -0.00000  -0.1187   0.7567   0.9779  19.4299 157.3624
   4.000   0.8506   0.01063   0.00045  -0.1028   0.3613   1.0000  45.2111 159.9982
   5.000   0.8655   0.01286   0.00104  -0.0837   0.1373   1.0000  59.8744 160.0000
   6.000   0.9176   0.01421   0.00140  -0.0725   0.0716   1.0000  64.6417 160.0000
   7.000   0.9787   0.01536   0.00168  -0.0634   0.0459   1.0000  66.9573 160.0000
   8.000   1.0334   0.01717   0.00230  -0.0533   0.0179   1.0000  69.9039 160.0000
   9.000   1.0900   0.01909   0.00307  -0.0440   0.0130   1.0000  71.1682 160.0000
  10.000   1.1420   0.02150   0.00415  -0.0345   0.0104   1.0000  72.0775 160.0000
  11.000   1.1943   0.02395   0.00533  -0.0257   0.0088   1.0000  72.7584 160.0000
  12.000   1.2316   0.02757   0.00734  -0.0154   0.0077   1.0000  73.2834 160.0000
  13.000   1.2667   0.03140   0.00959  -0.0058   0.0068   1.0000  73.7108 160.0000
  14.000   1.2722   0.03796   0.01401   0.0057   0.0062   1.0000  74.0299 160.0000
  15.000   1.2805   0.04468   0.01899   0.0146   0.0059   1.0000  74.2632 160.0000
