  
       XFOIL         Version 6.99
  
 Calculated polar for: GOE 13K AIRFOIL                                 
  
 1 1 Reynolds number fixed          Mach number fixed         
  
 xtrf =   1.000 (top)        1.000 (bottom)  
 Mach =   0.000     Re =     1.000 e 6     Ncrit =   9.000  9.000
  
   alpha    CL        CD       CDp       CM     Top_Xtr  Bot_Xtr  Top_Itr  Bot_Itr
  ------ -------- --------- --------- -------- -------- -------- -------- --------
  -6.000  -0.0170   0.01290   0.00242  -0.1589   0.8511   0.0521  13.0947 104.6747
  -5.000   0.0457   0.01204   0.00111  -0.1486   0.8405   0.0535  13.7340 104.8641
  -4.000   0.1206   0.01145  -0.00001  -0.1408   0.8289   0.0544  14.4521 104.9975
  -3.000   0.2271   0.01003  -0.00129  -0.1404   0.8202   0.0572  14.9877 105.3327
  -2.000   0.2768   0.00973  -0.00227  -0.1268   0.8087   0.0594  15.7152 105.5945
  -1.000   0.3625   0.00945  -0.00304  -0.1214   0.7991   0.0622  16.3215 105.9305
   0.000   0.4616   0.00906  -0.00377  -0.1189   0.7898   0.0676  16.9168 106.4943
   1.000   0.5331   0.00905  -0.00448  -0.1104   0.7791   0.0790  17.6024 107.5915
   3.000   1.0271   0.00817  -0.00237  -0.1750   0.7537   1.0000  19.2154 160.0000
   4.000   1.0487   0.00902  -0.00290  -0.1557   0.7097   1.0000  21.9411 160.0000
   5.000   1.0160   0.01189  -0.00284  -0.1261   0.5722   1.0000  30.3793 160.0000
   6.000   0.9899   0.01628  -0.00147  -0.1008   0.4262   1.0000  38.6484 160.0000
   7.000   1.0457   0.01830  -0.00104  -0.0918   0.3858   1.0000  40.8039 160.0000
   8.000   1.1026   0.02047  -0.00058  -0.0835   0.3331   1.0000  43.7557 160.0000
   9.000   1.1303   0.02419   0.00069  -0.0713   0.2041   1.0000  51.5521 160.0000
  10.000   1.1733   0.02746   0.00183  -0.0622   0.1201   1.0000  57.0112 160.0000
  11.000   1.2312   0.03013   0.00266  -0.0558   0.0914   1.0000  59.2109 160.0000
  12.000   1.2902   0.03284   0.00353  -0.0501   0.0782   1.0000  60.3950 160.0000
  13.000   1.3460   0.03586   0.00459  -0.0444   0.0693   1.0000  61.2981 160.0000
  14.000   1.3975   0.03926   0.00589  -0.0387   0.0616   1.0000  62.1596 160.0000
  15.000   1.4449   0.04309   0.00747  -0.0333   0.0541   1.0000  63.1058 160.0000
