  
       XFOIL         Version 6.99
  
 Calculated polar for: GOE 142 (MVA H.19) AIRFOIL                      
  
 1 1 Reynolds number fixed          Mach number fixed         
  
 xtrf =   1.000 (top)        1.000 (bottom)  
 Mach =   0.000     Re =     1.000 e 6     Ncrit =   9.000  9.000
  
   alpha    CL        CD       CDp       CM     Top_Xtr  Bot_Xtr  Top_Itr  Bot_Itr
  ------ -------- --------- --------- -------- -------- -------- -------- --------
  -3.000   0.0682   0.00861   0.00223  -0.0779   0.8945   0.0162   9.1583  89.1171
  -2.000   0.1768   0.00746   0.00108  -0.0765   0.8338   0.0226  13.4580  90.0985
  -1.000   0.2867   0.00694   0.00048  -0.0755   0.7536   0.0385  19.1425  91.7174
   0.000   0.3971   0.00690   0.00022  -0.0749   0.6603   0.0671  25.7418  93.9306
   1.000   0.5073   0.00686   0.00023  -0.0746   0.5623   0.2277  32.6632 105.3329
   2.000   0.6125   0.00571   0.00042  -0.0736   0.4707   1.0000  39.1320 160.0000
   3.000   0.7222   0.00640   0.00059  -0.0733   0.3915   1.0000  44.7316 160.0000
   4.000   0.8312   0.00713   0.00082  -0.0729   0.3239   1.0000  49.5307 160.0000
   5.000   0.9393   0.00794   0.00112  -0.0725   0.2665   1.0000  53.6326 160.0000
   6.000   1.0450   0.00902   0.00152  -0.0719   0.1976   1.0000  58.6148 160.0000
   7.000   1.1480   0.01035   0.00208  -0.0709   0.1308   1.0000  63.5939 160.0000
   8.000   1.2399   0.01324   0.00361  -0.0687   0.0238   1.0000  72.8009 160.0000
   9.000   1.3337   0.01552   0.00493  -0.0664   0.0117   1.0000  74.6642 160.0000
  10.000   1.4202   0.01832   0.00664  -0.0632   0.0081   1.0000  75.5323 160.0000
  11.000   1.4870   0.02263   0.00944  -0.0576   0.0063   1.0000  76.0925 160.0000
  12.000   1.5431   0.02663   0.01217  -0.0511   0.0052   1.0000  76.5097 160.0000
  13.000   1.5580   0.03244   0.01633  -0.0413   0.0046   1.0000  76.7838 160.0000
  14.000   1.5100   0.04806   0.02877  -0.0377   0.0041   1.0000  76.9683 160.0000
  15.000   1.4606   0.06951   0.04744  -0.0447   0.0040   1.0000  77.0344 160.0000
