  
       XFOIL         Version 6.99
  
 Calculated polar for: GOE 15K AIRFOIL                                 
  
 1 1 Reynolds number fixed          Mach number fixed         
  
 xtrf =   1.000 (top)        1.000 (bottom)  
 Mach =   0.000     Re =     0.500 e 6     Ncrit =   9.000  9.000
  
   alpha    CL        CD       CDp       CM     Top_Xtr  Bot_Xtr  Top_Itr  Bot_Itr
  ------ -------- --------- --------- -------- -------- -------- -------- --------
  -6.000  -0.3954   0.01915   0.00352  -0.0691   0.8737   0.0664  11.8456 100.8814
  -5.000  -0.3697   0.01941   0.00352  -0.0523   0.8599   0.0714  12.7267 101.2704
  -4.000  -0.2981   0.01922   0.00311  -0.0450   0.8525   0.0776  13.1936 101.7414
  -3.000  -0.1407   0.01734   0.00171  -0.0554   0.8553   0.0919  13.0156 102.7851
  -1.000   0.2479   0.01438   0.00215  -0.0951   0.8563   0.8838  12.9517 150.2534
   0.000   0.3354   0.01670   0.00355  -0.0899   0.8429   0.9453  13.8017 154.4590
   1.000   0.5582   0.01692   0.00376  -0.1142   0.8438   0.9691  13.7455 156.5577
   2.000   0.7945   0.01489   0.00232  -0.1420   0.8431   0.9817  13.7849 157.8242
   3.000   1.0159   0.01197   0.00005  -0.1664   0.8185   0.9989  15.3388 159.8553
   4.000   1.0793   0.01163  -0.00057  -0.1565   0.7911   1.0000  17.0762 160.0000
   5.000   1.0691   0.01228  -0.00085  -0.1302   0.7432   1.0000  20.1965 160.0000
   6.000   1.0220   0.01468  -0.00094  -0.0970   0.5481   1.0000  32.6149 160.0000
   7.000   0.9775   0.01903   0.00067  -0.0678   0.3590   1.0000  44.1565 160.0000
   8.000   0.9849   0.02279   0.00207  -0.0508   0.1798   1.0000  55.3701 160.0000
   9.000   1.0277   0.02541   0.00300  -0.0407   0.1053   1.0000  60.2619 160.0000
  10.000   1.0777   0.02790   0.00393  -0.0322   0.0754   1.0000  62.5896 160.0000
  11.000   1.1257   0.03069   0.00501  -0.0240   0.0506   1.0000  64.9555 160.0000
  12.000   1.1675   0.03413   0.00653  -0.0154   0.0308   1.0000  67.1400 160.0000
  13.000   1.1996   0.03848   0.00891  -0.0065   0.0239   1.0000  68.2453 160.0000
  14.000   1.2172   0.04429   0.01253   0.0027   0.0201   1.0000  69.0124 160.0000
  15.000   1.2424   0.04994   0.01622   0.0098   0.0176   1.0000  69.6314 160.0000
