  
       XFOIL         Version 6.99
  
 Calculated polar for: GOE 182 (MVA H.27) AIRFOIL                      
  
 1 1 Reynolds number fixed          Mach number fixed         
  
 xtrf =   1.000 (top)        1.000 (bottom)  
 Mach =   0.000     Re =     1.000 e 6     Ncrit =   9.000  9.000
  
   alpha    CL        CD       CDp       CM     Top_Xtr  Bot_Xtr  Top_Itr  Bot_Itr
  ------ -------- --------- --------- -------- -------- -------- -------- --------
  -6.000  -0.1352   0.01962   0.01364  -0.0998   0.7684   0.0283  17.2759  94.4789
  -5.000  -0.0273   0.01483   0.00768  -0.1006   0.7059   0.0310  21.1834  94.9478
  -4.000   0.0828   0.01087   0.00379  -0.1006   0.6552   0.0333  24.3861  95.2742
  -3.000   0.1944   0.00978   0.00242  -0.0999   0.5728   0.0355  29.6464  95.5807
  -2.000   0.3063   0.00914   0.00148  -0.0993   0.5028   0.0378  34.0537  95.9054
  -1.000   0.4187   0.00874   0.00093  -0.0987   0.4375   0.0431  38.1491  96.5514
   0.000   0.5301   0.00889   0.00079  -0.0981   0.3547   0.0632  43.4823  98.5877
   1.000   0.6412   0.00906   0.00089  -0.0977   0.3033   0.1454  46.8420 104.8918
   2.000   0.7520   0.00917   0.00114  -0.0973   0.2711   0.3106  48.8766 115.3362
   4.000   0.9715   0.00887   0.00177  -0.0962   0.2430   1.0000  50.6051 160.0000
   5.000   1.0803   0.00953   0.00211  -0.0954   0.2353   1.0000  51.0764 160.0000
   6.000   1.1890   0.01009   0.00236  -0.0948   0.2275   1.0000  51.5616 160.0000
   7.000   1.2953   0.01084   0.00272  -0.0940   0.2190   1.0000  52.0871 160.0000
   8.000   1.4010   0.01152   0.00293  -0.0932   0.2042   1.0000  53.0488 160.0000
   9.000   1.4930   0.01367   0.00389  -0.0908   0.1118   1.0000  60.3430 160.0000
  10.000   1.5693   0.01719   0.00605  -0.0864   0.0364   1.0000  67.0550 160.0000
  11.000   1.6409   0.02034   0.00783  -0.0814   0.0149   1.0000  70.8940 160.0000
  12.000   1.6896   0.02397   0.01001  -0.0735   0.0112   1.0000  71.9573 160.0000
  13.000   1.7153   0.02899   0.01329  -0.0652   0.0098   1.0000  72.4592 160.0000
  14.000   1.7061   0.04020   0.02153  -0.0624   0.0087   1.0000  72.8804 160.0000
  15.000   1.6497   0.06117   0.03847  -0.0667   0.0082   1.0000  73.0566 160.0000
