  
       XFOIL         Version 6.99
  
 Calculated polar for: GOE 174 (ALBATROS 5020) AIRFOIL                 
  
 1 1 Reynolds number fixed          Mach number fixed         
  
 xtrf =   1.000 (top)        1.000 (bottom)  
 Mach =   0.000     Re =     0.500 e 6     Ncrit =   9.000  9.000
  
   alpha    CL        CD       CDp       CM     Top_Xtr  Bot_Xtr  Top_Itr  Bot_Itr
  ------ -------- --------- --------- -------- -------- -------- -------- --------
   0.000   0.5910   0.01029   0.00175  -0.1122   0.5753   0.0448  30.6761  95.7932
   1.000   0.7015   0.00986   0.00119  -0.1116   0.5335   0.0465  33.4033  95.9639
   2.000   0.8101   0.00976   0.00110  -0.1109   0.4723   0.2024  37.4580 106.8295
   3.000   0.9115   0.00901   0.00140  -0.1093   0.4019   1.0000  42.1499 160.0000
   4.000   1.0161   0.00994   0.00169  -0.1081   0.3549   1.0000  45.2632 160.0000
   5.000   1.1204   0.01082   0.00204  -0.1070   0.3251   1.0000  47.2389 160.0000
   6.000   1.2238   0.01169   0.00241  -0.1059   0.3026   1.0000  48.7312 160.0000
   7.000   1.3244   0.01267   0.00271  -0.1044   0.2681   1.0000  51.0109 160.0000
   8.000   1.4193   0.01405   0.00311  -0.1022   0.2031   1.0000  55.4174 160.0000
   9.000   1.4755   0.01869   0.00552  -0.0946   0.0500   1.0000  67.5765 160.0000
  10.000   1.5228   0.02282   0.00759  -0.0852   0.0155   1.0000  72.2790 160.0000
  11.000   1.5290   0.02906   0.01149  -0.0724   0.0122   1.0000  72.9588 160.0000
  12.000   1.5276   0.03831   0.01817  -0.0658   0.0110   1.0000  73.2796 160.0000
  13.000   1.5072   0.05254   0.02933  -0.0646   0.0101   1.0000  73.5286 160.0000
  14.000   1.4758   0.06943   0.04325  -0.0658   0.0095   1.0000  73.7071 160.0000
  15.000   1.4453   0.08642   0.05742  -0.0671   0.0088   1.0000  73.9191 160.0000
