  
       XFOIL         Version 6.99
  
 Calculated polar for: GOE 124 (MVA H.4) AIRFOIL                       
  
 1 1 Reynolds number fixed          Mach number fixed         
  
 xtrf =   1.000 (top)        1.000 (bottom)  
 Mach =   0.000     Re =     1.000 e 6     Ncrit =   9.000  9.000
  
   alpha    CL        CD       CDp       CM     Top_Xtr  Bot_Xtr  Top_Itr  Bot_Itr
  ------ -------- --------- --------- -------- -------- -------- -------- --------
   0.000   0.5776   0.01065   0.00376  -0.1123   0.5905   0.0418  28.7710  96.3167
   2.000   0.8121   0.00845   0.00110  -0.1139   0.5138   0.0366  33.7499  95.7565
   3.000   0.9261   0.00861   0.00092  -0.1145   0.4516   0.0414  37.8495  96.2793
   4.000   1.0334   0.00772   0.00133  -0.1145   0.3801   1.0000  42.5819 160.0000
   5.000   1.1436   0.00855   0.00165  -0.1146   0.3367   1.0000  45.4087 160.0000
   6.000   1.2523   0.00941   0.00200  -0.1146   0.2988   1.0000  47.8666 160.0000
   7.000   1.3494   0.01169   0.00296  -0.1133   0.1540   1.0000  58.0390 160.0000
   8.000   1.4460   0.01358   0.00398  -0.1117   0.1026   1.0000  61.6149 160.0000
   9.000   1.5370   0.01566   0.00498  -0.1094   0.0534   1.0000  65.7011 160.0000
  10.000   1.6056   0.01932   0.00709  -0.1038   0.0138   1.0000  71.6739 160.0000
  11.000   1.6644   0.02244   0.00891  -0.0966   0.0108   1.0000  72.5437 160.0000
  12.000   1.6828   0.02795   0.01242  -0.0861   0.0091   1.0000  73.0665 160.0000
  13.000   1.7074   0.03475   0.01713  -0.0806   0.0081   1.0000  73.4617 160.0000
  14.000   1.7115   0.04495   0.02461  -0.0772   0.0073   1.0000  73.7998 160.0000
  15.000   1.6668   0.06238   0.03835  -0.0761   0.0068   1.0000  74.0147 160.0000
