  
       XFOIL         Version 6.99
  
 Calculated polar for: GOE 173 (ALBATROS 6020) AIRFOIL                 
  
 1 1 Reynolds number fixed          Mach number fixed         
  
 xtrf =   1.000 (top)        1.000 (bottom)  
 Mach =   0.000     Re =     0.500 e 6     Ncrit =   9.000  9.000
  
   alpha    CL        CD       CDp       CM     Top_Xtr  Bot_Xtr  Top_Itr  Bot_Itr
  ------ -------- --------- --------- -------- -------- -------- -------- --------
   0.000   0.6332   0.01035   0.00202  -0.1196   0.6098   0.0470  29.4705  93.8812
   1.000   0.7429   0.00958   0.00113  -0.1190   0.5599   0.0461  32.8703  93.8092
   2.000   0.8505   0.00973   0.00089  -0.1181   0.4898   0.0592  37.6396  94.8245
   3.000   0.9463   0.00919   0.00135  -0.1157   0.3725   1.0000  45.6943 160.0000
   4.000   1.0487   0.01038   0.00184  -0.1144   0.3263   1.0000  48.8529 160.0000
   5.000   1.1519   0.01138   0.00234  -0.1133   0.3040   1.0000  50.3705 160.0000
   6.000   1.2532   0.01242   0.00275  -0.1120   0.2789   1.0000  52.0578 160.0000
   7.000   1.3542   0.01326   0.00279  -0.1109   0.2321   1.0000  55.2137 160.0000
   8.000   1.4080   0.01873   0.00526  -0.1027   0.0141   1.0000  73.4829 160.0000
   9.000   1.4540   0.02353   0.00754  -0.0929   0.0103   1.0000  74.0725 160.0000
  10.000   1.4738   0.02885   0.01082  -0.0812   0.0086   1.0000  74.5395 160.0000
  11.000   1.4659   0.03855   0.01759  -0.0731   0.0080   1.0000  74.7231 160.0000
  12.000   1.4551   0.05068   0.02604  -0.0682   0.0079   1.0000  74.7432 160.0000
  13.000   1.4622   0.06131   0.03260  -0.0625   0.0080   1.0000  74.7348 160.0000
