  
       XFOIL         Version 6.99
  
 Calculated polar for: GOE 124 (MVA H.4) AIRFOIL                       
  
 1 1 Reynolds number fixed          Mach number fixed         
  
 xtrf =   1.000 (top)        1.000 (bottom)  
 Mach =   0.000     Re =     0.500 e 6     Ncrit =   9.000  9.000
  
   alpha    CL        CD       CDp       CM     Top_Xtr  Bot_Xtr  Top_Itr  Bot_Itr
  ------ -------- --------- --------- -------- -------- -------- -------- --------
  -6.000  -0.1542   0.06409   0.06064  -0.0602   0.8650   0.0253  11.0927  94.1775
  -5.000  -0.0264   0.05003   0.04215  -0.0842   0.8163   0.0302  14.2663  94.9751
  -4.000   0.0789   0.03631   0.03142  -0.0954   0.7720   0.0322  17.1110  95.2288
  -3.000   0.2137   0.02795   0.01877  -0.1035   0.7313   0.0385  19.7135  95.9906
  -2.000   0.3321   0.01944   0.01298  -0.1090   0.6978   0.0440  21.8590  96.5389
  -1.000   0.4541   0.01545   0.00823  -0.1114   0.6674   0.0548  23.8145  97.5576
   2.000   0.8082   0.01002   0.00166  -0.1133   0.5717   0.0476  29.9863  96.8910
   3.000   0.9224   0.00990   0.00133  -0.1138   0.5234   0.0593  33.1260  97.9765
   4.000   1.0273   0.00886   0.00155  -0.1129   0.4601   1.0000  37.2830 160.0000
   5.000   1.1353   0.00990   0.00187  -0.1126   0.3942   1.0000  41.6524 160.0000
   6.000   1.2417   0.01099   0.00234  -0.1122   0.3507   1.0000  44.5002 160.0000
   7.000   1.3450   0.01222   0.00283  -0.1114   0.2993   1.0000  47.8347 160.0000
   8.000   1.4299   0.01539   0.00426  -0.1085   0.1387   1.0000  59.1191 160.0000
   9.000   1.5154   0.01787   0.00564  -0.1054   0.0990   1.0000  61.8730 160.0000
  10.000   1.5752   0.02191   0.00764  -0.0990   0.0255   1.0000  69.2430 160.0000
  11.000   1.6012   0.02694   0.01069  -0.0881   0.0173   1.0000  70.8348 160.0000
  12.000   1.6139   0.03451   0.01594  -0.0806   0.0147   1.0000  71.4581 160.0000
  13.000   1.6027   0.04640   0.02487  -0.0764   0.0130   1.0000  71.8646 160.0000
  14.000   1.5757   0.06141   0.03665  -0.0744   0.0122   1.0000  72.0959 160.0000
  15.000   1.5603   0.07627   0.04883  -0.0747   0.0114   1.0000  72.3329 160.0000
