  
       XFOIL         Version 6.99
  
 Calculated polar for: GOE 173 (ALBATROS 6020) AIRFOIL                 
  
 1 1 Reynolds number fixed          Mach number fixed         
  
 xtrf =   1.000 (top)        1.000 (bottom)  
 Mach =   0.000     Re =     1.000 e 6     Ncrit =   9.000  9.000
  
   alpha    CL        CD       CDp       CM     Top_Xtr  Bot_Xtr  Top_Itr  Bot_Itr
  ------ -------- --------- --------- -------- -------- -------- -------- --------
  -6.000  -0.0677   0.06260   0.05797  -0.0756   0.7987   0.0100  16.6241  89.0554
  -5.000   0.0264   0.05062   0.04644  -0.0902   0.7435   0.0114  20.3806  89.4253
  -3.000   0.2937   0.00591   0.00692  -0.1164   0.6602   0.0160  26.0248  90.3970
  -2.000   0.4052   0.00452   0.00375  -0.1170   0.6225   0.0244  28.5990  91.6568
  -1.000   0.5157   0.00375   0.00176  -0.1172   0.5827   0.0350  31.3208  92.8250
   0.000   0.6365   0.00919   0.00150  -0.1201   0.5406   0.0371  34.1832  93.0369
   1.000   0.7469   0.00844   0.00079  -0.1198   0.4811   0.0351  38.2371  92.8284
   2.000   0.8527   0.00902   0.00073  -0.1189   0.3633   0.0396  46.3217  93.2480
   4.000   1.0623   0.00870   0.00150  -0.1173   0.2901   1.0000  51.3091 160.0000
   5.000   1.1687   0.00939   0.00177  -0.1168   0.2691   1.0000  52.7199 160.0000
   6.000   1.2736   0.01014   0.00198  -0.1162   0.2399   1.0000  54.6825 160.0000
   7.000   1.3448   0.01431   0.00397  -0.1106   0.0172   1.0000  73.0472 160.0000
   8.000   1.4325   0.01644   0.00493  -0.1071   0.0081   1.0000  74.7057 160.0000
   9.000   1.5062   0.01936   0.00640  -0.1016   0.0056   1.0000  75.5935 160.0000
  10.000   1.5308   0.02438   0.00923  -0.0889   0.0046   1.0000  76.0388 160.0000
  11.000   1.5427   0.03066   0.01333  -0.0785   0.0041   1.0000  76.3481 160.0000
  12.000   1.5471   0.04011   0.02029  -0.0737   0.0035   1.0000  76.6910 160.0000
  13.000   1.5296   0.05366   0.03082  -0.0717   0.0033   1.0000  76.8415 160.0000
  14.000   1.4997   0.06908   0.04272  -0.0697   0.0031   1.0000  76.9429 160.0000
  15.000   1.4797   0.08384   0.05386  -0.0670   0.0030   1.0000  77.0393 160.0000
