  
       XFOIL         Version 6.99
  
 Calculated polar for: GOE 121 (MVA H.1) AIRFOIL                       
  
 1 1 Reynolds number fixed          Mach number fixed         
  
 xtrf =   1.000 (top)        1.000 (bottom)  
 Mach =   0.000     Re =     1.000 e 6     Ncrit =   9.000  9.000
  
   alpha    CL        CD       CDp       CM     Top_Xtr  Bot_Xtr  Top_Itr  Bot_Itr
  ------ -------- --------- --------- -------- -------- -------- -------- --------
  -5.000  -0.0552   0.03639   0.02920  -0.0960   0.9077   0.0304   8.7563  92.9973
  -4.000   0.0651   0.01182   0.00558  -0.1104   0.8622   0.0317  11.8761  93.1129
  -3.000   0.1748   0.00900   0.00270  -0.1099   0.7994   0.0337  16.1904  93.2919
  -1.000   0.3956   0.00751   0.00073  -0.1082   0.6728   0.0357  24.6152  93.4771
   0.000   0.5022   0.00788   0.00041  -0.1068   0.5056   0.0401  35.8323  93.8775
   1.000   0.6112   0.00830   0.00059  -0.1060   0.4147   0.1017  41.8238  98.9814
   2.000   0.7192   0.00886   0.00072  -0.1053   0.3278   0.1150  47.5824  99.9722
   3.000   0.8279   0.00927   0.00085  -0.1046   0.2782   0.1318  50.8643 101.1668
   6.000   1.1315   0.01171   0.00280  -0.0997   0.0357   1.0000  70.0279 160.0000
   7.000   1.2294   0.01351   0.00382  -0.0973   0.0157   1.0000  72.5072 160.0000
   8.000   1.3221   0.01571   0.00514  -0.0941   0.0111   1.0000  73.4048 160.0000
   9.000   1.3989   0.01929   0.00736  -0.0888   0.0087   1.0000  74.0348 160.0000
  10.000   1.4767   0.02197   0.00920  -0.0840   0.0074   1.0000  74.5132 160.0000
  11.000   1.5279   0.02599   0.01185  -0.0756   0.0065   1.0000  74.8664 160.0000
  12.000   1.5248   0.03369   0.01725  -0.0621   0.0060   1.0000  75.0666 160.0000
  13.000   1.5313   0.04230   0.02395  -0.0552   0.0056   1.0000  75.2285 160.0000
  14.000   1.5143   0.05549   0.03480  -0.0526   0.0053   1.0000  75.3772 160.0000
  15.000   1.4778   0.07375   0.05082  -0.0560   0.0051   1.0000  75.5003 160.0000
