  
       XFOIL         Version 6.99
  
 Calculated polar for: GOE 198 (L.F.G. 5294) AIRFOIL                   
  
 1 1 Reynolds number fixed          Mach number fixed         
  
 xtrf =   1.000 (top)        1.000 (bottom)  
 Mach =   0.000     Re =     1.000 e 6     Ncrit =   9.000  9.000
  
   alpha    CL        CD       CDp       CM     Top_Xtr  Bot_Xtr  Top_Itr  Bot_Itr
  ------ -------- --------- --------- -------- -------- -------- -------- --------
  -1.000   0.5767   0.01521   0.00940  -0.1406   0.6880   0.0344  22.0484  97.2212
   1.000   0.8142   0.00960   0.00191  -0.1433   0.5179   0.0324  32.5058  96.8825
   2.000   0.9280   0.00933   0.00142  -0.1439   0.4673   0.0349  35.5207  97.3063
   3.000   1.0334   0.01047   0.00160  -0.1433   0.3237   0.0421  44.5184  98.4305
   4.000   1.1403   0.01128   0.00196  -0.1429   0.2663   0.0976  47.9887 104.2897
   5.000   1.2239   0.01295   0.00356  -0.1392   0.0623   1.0000  63.1050 160.0000
   6.000   1.3242   0.01416   0.00417  -0.1375   0.0571   1.0000  63.6566 160.0000
   7.000   1.4198   0.01556   0.00491  -0.1352   0.0532   1.0000  64.0767 160.0000
   8.000   1.5101   0.01705   0.00574  -0.1322   0.0501   1.0000  64.4321 160.0000
   9.000   1.5837   0.01926   0.00691  -0.1264   0.0457   1.0000  64.9541 160.0000
  10.000   1.6583   0.02064   0.00749  -0.1209   0.0422   1.0000  65.4332 160.0000
  11.000   1.7284   0.02241   0.00784  -0.1156   0.0219   1.0000  69.1647 160.0000
  12.000   1.7622   0.02721   0.01061  -0.1065   0.0140   1.0000  71.3468 160.0000
  13.000   1.7822   0.03375   0.01472  -0.0979   0.0117   1.0000  72.0633 160.0000
  14.000   1.7976   0.04144   0.01988  -0.0912   0.0106   1.0000  72.4708 160.0000
  15.000   1.7887   0.05292   0.02819  -0.0861   0.0096   1.0000  72.8031 160.0000
