  
       XFOIL         Version 6.99
  
 Calculated polar for: GOE 182 (MVA H.27) AIRFOIL                      
  
 1 1 Reynolds number fixed          Mach number fixed         
  
 xtrf =   1.000 (top)        1.000 (bottom)  
 Mach =   0.000     Re =     0.500 e 6     Ncrit =   9.000  9.000
  
   alpha    CL        CD       CDp       CM     Top_Xtr  Bot_Xtr  Top_Itr  Bot_Itr
  ------ -------- --------- --------- -------- -------- -------- -------- --------
  -6.000  -0.1355   0.05257   0.04654  -0.0743   0.9430   0.0392   6.0297  96.0858
  -4.000   0.0851   0.01887   0.01159  -0.1004   0.7284   0.0446  19.7752  96.7233
  -3.000   0.1966   0.01339   0.00524  -0.1005   0.6716   0.0450  23.3423  96.7723
  -2.000   0.3076   0.01133   0.00278  -0.0995   0.5976   0.0476  28.0652  97.0671
  -1.000   0.4176   0.01047   0.00175  -0.0985   0.5190   0.0543  33.0416  97.7534
   0.000   0.5283   0.01009   0.00119  -0.0977   0.4444   0.0774  37.7128  99.8025
   1.000   0.6372   0.01017   0.00123  -0.0970   0.3582   0.2200  43.2522 109.6258
   2.000   0.7449   0.00928   0.00168  -0.0963   0.3110   1.0000  46.3424 160.0000
   3.000   0.8532   0.01015   0.00202  -0.0953   0.2859   1.0000  47.9520 160.0000
   4.000   0.9612   0.01096   0.00242  -0.0943   0.2711   1.0000  48.8758 160.0000
   5.000   1.0685   0.01177   0.00289  -0.0934   0.2622   1.0000  49.4209 160.0000
   6.000   1.1729   0.01288   0.00345  -0.0921   0.2527   1.0000  50.0078 160.0000
   7.000   1.2784   0.01363   0.00391  -0.0911   0.2457   1.0000  50.4347 160.0000
   8.000   1.3807   0.01458   0.00429  -0.0897   0.2339   1.0000  51.1647 160.0000
   9.000   1.4827   0.01522   0.00434  -0.0885   0.2132   1.0000  52.4627 160.0000
  11.000   1.6046   0.02375   0.00910  -0.0765   0.0267   1.0000  68.4659 160.0000
  12.000   1.6192   0.02959   0.01284  -0.0661   0.0188   1.0000  69.9663 160.0000
  13.000   1.6166   0.03965   0.02032  -0.0622   0.0161   1.0000  70.5945 160.0000
  14.000   1.5627   0.06029   0.03731  -0.0666   0.0149   1.0000  70.8956 160.0000
  15.000   1.4809   0.08668   0.06058  -0.0737   0.0145   1.0000  71.0037 160.0000
