  
       XFOIL         Version 6.99
  
 Calculated polar for: GOE 164 (MVA MK.10) AIRFOIL                     
  
 1 1 Reynolds number fixed          Mach number fixed         
  
 xtrf =   1.000 (top)        1.000 (bottom)  
 Mach =   0.000     Re =     0.500 e 6     Ncrit =   9.000  9.000
  
   alpha    CL        CD       CDp       CM     Top_Xtr  Bot_Xtr  Top_Itr  Bot_Itr
  ------ -------- --------- --------- -------- -------- -------- -------- --------
  -5.000   0.1538   0.00725   0.00681  -0.1479   0.9109   0.0174   8.7988  91.7754
  -4.000   0.3103   0.01081   0.00316  -0.1618   0.8654   0.0241  12.0305  92.7191
  -3.000   0.4308   0.00933   0.00147  -0.1628   0.7729   0.0450  18.2524  94.7797
  -2.000   0.5394   0.00879   0.00112  -0.1616   0.7204   0.1536  21.6810 102.6286
  -1.000   0.6450   0.00927   0.00128  -0.1595   0.6577   0.1810  25.7963 104.5012
   0.000   0.7488   0.00970   0.00124  -0.1573   0.5822   0.2019  30.8004 105.9327
   1.000   0.8521   0.01005   0.00116  -0.1553   0.5078   0.2167  35.6751 106.9417
   2.000   0.9535   0.01066   0.00125  -0.1532   0.4156   0.2365  41.8025 108.2721
   3.000   1.0536   0.01152   0.00155  -0.1511   0.3446   0.2755  46.4779 110.8460
   5.000   1.2524   0.01203   0.00230  -0.1467   0.2894   1.0000  50.0373 160.0000
   6.000   1.3518   0.01294   0.00255  -0.1445   0.2536   1.0000  52.5223 160.0000
   7.000   1.4362   0.01495   0.00327  -0.1402   0.1748   1.0000  58.3064 160.0000
   8.000   1.5202   0.01670   0.00402  -0.1357   0.1458   1.0000  60.2388 160.0000
   9.000   1.5586   0.02118   0.00616  -0.1240   0.0226   1.0000  72.3090 160.0000
  10.000   1.5913   0.02560   0.00840  -0.1119   0.0122   1.0000  73.8646 160.0000
  11.000   1.6019   0.03203   0.01236  -0.0998   0.0102   1.0000  74.3538 160.0000
  12.000   1.5956   0.04182   0.01944  -0.0919   0.0087   1.0000  74.7940 160.0000
  13.000   1.5415   0.05979   0.03355  -0.0884   0.0080   1.0000  74.9922 160.0000
  14.000   1.5199   0.07578   0.04673  -0.0885   0.0076   1.0000  75.1561 160.0000
  15.000   1.4995   0.09212   0.06058  -0.0894   0.0072   1.0000  75.3330 160.0000
