  
       XFOIL         Version 6.99
  
 Calculated polar for: GOE 140 (MVA H.17) AIRFOIL                      
  
 1 1 Reynolds number fixed          Mach number fixed         
  
 xtrf =   1.000 (top)        1.000 (bottom)  
 Mach =   0.000     Re =     1.000 e 6     Ncrit =   9.000  9.000
  
   alpha    CL        CD       CDp       CM     Top_Xtr  Bot_Xtr  Top_Itr  Bot_Itr
  ------ -------- --------- --------- -------- -------- -------- -------- --------
   0.000   0.5366   0.01054   0.00263  -0.0966   0.4277   0.0343  40.3197  93.8447
   1.000   0.6516   0.00950   0.00144  -0.0973   0.3900   0.0347  42.8108  93.8916
   2.000   0.7658   0.00942   0.00114  -0.0979   0.3547   0.0394  45.1673  94.3200
   3.000   0.8788   0.00967   0.00123  -0.0983   0.3284   0.0769  46.9452  97.7345
   4.000   0.9858   0.00847   0.00157  -0.0982   0.3004   1.0000  48.8456 160.0000
   5.000   1.0961   0.00917   0.00177  -0.0984   0.2665   1.0000  51.1263 160.0000
   6.000   1.1906   0.01205   0.00312  -0.0968   0.0887   1.0000  63.9355 160.0000
   7.000   1.2846   0.01465   0.00448  -0.0946   0.0119   1.0000  73.1093 160.0000
   8.000   1.3759   0.01702   0.00582  -0.0920   0.0091   1.0000  73.8910 160.0000
   9.000   1.4068   0.01105   0.00321  -0.0808   0.0075   1.0000  74.4711 160.0000
  10.000   1.4311   0.01456   0.00493  -0.0692   0.0067   1.0000  74.8003 160.0000
  11.000   1.3838   0.02493   0.01063  -0.0576   0.0063   1.0000  74.9523 160.0000
  12.000   1.4952   0.04263   0.02365  -0.0644   0.0055   1.0000  75.3480 160.0000
  13.000   1.4868   0.05555   0.03353  -0.0630   0.0052   1.0000  75.4904 160.0000
  14.000   1.4867   0.06716   0.04205  -0.0607   0.0050   1.0000  75.5906 160.0000
  15.000   1.4926   0.07837   0.05007  -0.0582   0.0049   1.0000  75.6519 160.0000
