  
       XFOIL         Version 6.99
  
 Calculated polar for: GOE 187 (SCHUETTE-LANZ 2U10) AIRFOIL            
  
 1 1 Reynolds number fixed          Mach number fixed         
  
 xtrf =   1.000 (top)        1.000 (bottom)  
 Mach =   0.000     Re =     0.500 e 6     Ncrit =   9.000  9.000
  
   alpha    CL        CD       CDp       CM     Top_Xtr  Bot_Xtr  Top_Itr  Bot_Itr
  ------ -------- --------- --------- -------- -------- -------- -------- --------
   0.000   0.4874   0.01080   0.00255  -0.0826   0.6382   0.0218  27.9154  90.7261
   1.000   0.5986   0.00937   0.00105  -0.0821   0.5793   0.0427  31.9727  92.6516
   2.000   0.7067   0.00771   0.00094  -0.0821   0.4851   1.0000  38.5033 160.0000
   3.000   0.8136   0.00864   0.00120  -0.0817   0.4149   1.0000  43.3535 160.0000
   4.000   0.9214   0.00941   0.00151  -0.0816   0.3793   1.0000  45.7944 160.0000
   5.000   1.0285   0.01015   0.00181  -0.0814   0.3502   1.0000  47.7866 160.0000
   6.000   1.1343   0.01094   0.00208  -0.0811   0.3191   1.0000  49.9067 160.0000
   7.000   1.2317   0.01254   0.00244  -0.0798   0.2007   1.0000  58.3231 160.0000
   8.000   1.2966   0.01766   0.00466  -0.0741   0.0118   1.0000  74.3034 160.0000
   9.000   1.3600   0.02188   0.00628  -0.0672   0.0068   1.0000  75.5356 160.0000
  10.000   1.3716   0.02813   0.00955  -0.0542   0.0060   1.0000  75.8468 160.0000
  11.000   1.3640   0.03774   0.01554  -0.0452   0.0052   1.0000  76.1895 160.0000
  12.000   1.3835   0.04766   0.01990  -0.0377   0.0058   1.0000  75.9243 160.0000
