  
       XFOIL         Version 6.99
  
 Calculated polar for: GOE 143 (MVA H.20) AIRFOIL                      
  
 1 1 Reynolds number fixed          Mach number fixed         
  
 xtrf =   1.000 (top)        1.000 (bottom)  
 Mach =   0.000     Re =     0.500 e 6     Ncrit =   9.000  9.000
  
   alpha    CL        CD       CDp       CM     Top_Xtr  Bot_Xtr  Top_Itr  Bot_Itr
  ------ -------- --------- --------- -------- -------- -------- -------- --------
  -5.000  -0.1727   0.03839   0.03362  -0.0684   0.9840   0.0408   2.9110  94.3507
  -4.000  -0.0376   0.02538   0.01995  -0.0796   0.9521   0.0512   5.5435  95.3095
  -3.000   0.0709   0.01866   0.01237  -0.0795   0.8964   0.0627   9.2918  96.2011
  -2.000   0.1811   0.01204   0.00491  -0.0777   0.8374   0.0517  13.3610  95.3503
  -1.000   0.2910   0.01011   0.00268  -0.0764   0.7774   0.0556  17.3621  95.6566
   0.000   0.4013   0.00908   0.00146  -0.0753   0.6946   0.0624  22.8544  96.1788
   1.000   0.5099   0.00915   0.00095  -0.0743   0.5496   0.0779  32.5212  97.3429
   2.000   0.6148   0.00747   0.00100  -0.0732   0.4609   1.0000  38.4130 160.0000
   3.000   0.7252   0.00821   0.00114  -0.0728   0.3998   1.0000  42.4626 160.0000
   4.000   0.8350   0.00895   0.00136  -0.0724   0.3474   1.0000  45.9473 160.0000
   5.000   0.9432   0.00984   0.00165  -0.0718   0.2796   1.0000  50.5199 160.0000
   6.000   1.0422   0.01213   0.00261  -0.0704   0.1346   1.0000  60.6720 160.0000
   7.000   1.1446   0.01359   0.00341  -0.0693   0.1072   1.0000  62.6420 160.0000
   8.000   1.2365   0.01639   0.00477  -0.0668   0.0249   1.0000  70.4357 160.0000
   9.000   1.3213   0.01975   0.00686  -0.0631   0.0165   1.0000  71.6052 160.0000
  10.000   1.3817   0.02485   0.01011  -0.0566   0.0131   1.0000  72.2327 160.0000
  11.000   1.4197   0.03014   0.01366  -0.0478   0.0114   1.0000  72.6306 160.0000
  12.000   1.4249   0.03824   0.01943  -0.0394   0.0104   1.0000  72.8869 160.0000
  13.000   1.4187   0.05005   0.02834  -0.0353   0.0095   1.0000  73.1280 160.0000
  14.000   1.4025   0.06477   0.04061  -0.0363   0.0091   1.0000  73.2559 160.0000
  15.000   1.3621   0.08512   0.05891  -0.0429   0.0090   1.0000  73.3021 160.0000
