  
       XFOIL         Version 6.99
  
 Calculated polar for: GOE 134 (MVA H.12) AIRFOIL                      
  
 1 1 Reynolds number fixed          Mach number fixed         
  
 xtrf =   1.000 (top)        1.000 (bottom)  
 Mach =   0.000     Re =     0.500 e 6     Ncrit =   9.000  9.000
  
   alpha    CL        CD       CDp       CM     Top_Xtr  Bot_Xtr  Top_Itr  Bot_Itr
  ------ -------- --------- --------- -------- -------- -------- -------- --------
  -6.000  -0.2855   0.05680   0.04837  -0.0565   0.9908   0.0216   2.2294  92.9839
  -5.000  -0.1687   0.04005   0.03485  -0.0723   0.9789   0.0249   3.4460  93.5933
  -4.000  -0.0347   0.02613   0.02025  -0.0816   0.9579   0.0308   5.2028  94.5455
  -3.000   0.0728   0.01934   0.01251  -0.0806   0.9017   0.0406   8.9926  95.7236
  -2.000   0.1777   0.01542   0.00819  -0.0790   0.7924   0.0591  16.4562  97.4139
   0.000   0.4037   0.01073   0.00254  -0.0772   0.6619   0.0462  25.0299  96.2866
   1.000   0.5169   0.01011   0.00168  -0.0774   0.6042   0.0438  28.8374  96.0726
   2.000   0.6295   0.01002   0.00133  -0.0777   0.5419   0.0481  32.9652  96.4675
   3.000   0.7336   0.00829   0.00141  -0.0767   0.4831   1.0000  36.8554 160.0000
   4.000   0.8438   0.00905   0.00157  -0.0769   0.4232   1.0000  40.8224 160.0000
   5.000   0.9524   0.00994   0.00184  -0.0769   0.3669   1.0000  44.5773 160.0000
   6.000   1.0593   0.01093   0.00218  -0.0768   0.3185   1.0000  47.8276 160.0000
   7.000   1.1647   0.01195   0.00255  -0.0765   0.2742   1.0000  50.7980 160.0000
   8.000   1.2659   0.01327   0.00297  -0.0757   0.2138   1.0000  54.8836 160.0000
   9.000   1.3460   0.01664   0.00444  -0.0721   0.0763   1.0000  65.0581 160.0000
  10.000   1.4065   0.02119   0.00679  -0.0650   0.0154   1.0000  72.0951 160.0000
  11.000   1.4464   0.02550   0.00935  -0.0548   0.0125   1.0000  72.7223 160.0000
  12.000   1.4371   0.03338   0.01464  -0.0422   0.0110   1.0000  73.1001 160.0000
  13.000   1.4362   0.04370   0.02234  -0.0378   0.0101   1.0000  73.3666 160.0000
  14.000   1.4232   0.05747   0.03318  -0.0376   0.0094   1.0000  73.5726 160.0000
  15.000   1.4040   0.07292   0.04585  -0.0392   0.0089   1.0000  73.7337 160.0000
