  
       XFOIL         Version 6.99
  
 Calculated polar for: GOE 144 (MVA H.21) AIRFOIL                      
  
 1 1 Reynolds number fixed          Mach number fixed         
  
 xtrf =   1.000 (top)        1.000 (bottom)  
 Mach =   0.000     Re =     1.000 e 6     Ncrit =   9.000  9.000
  
   alpha    CL        CD       CDp       CM     Top_Xtr  Bot_Xtr  Top_Itr  Bot_Itr
  ------ -------- --------- --------- -------- -------- -------- -------- --------
  -6.000  -0.1580   0.01031   0.00330  -0.1082   0.9537   0.0133   5.7493  88.9178
  -5.000  -0.0310   0.00868   0.00209  -0.1113   0.9324   0.0236   7.2724  90.2290
  -4.000   0.0844   0.00790   0.00135  -0.1116   0.9005   0.0313   9.4504  90.9731
  -3.000   0.1908   0.00698   0.00053  -0.1097   0.8551   0.0387  12.6718  91.6566
  -2.000   0.2867   0.00713   0.00030  -0.1054   0.7010   0.0739  23.3747  94.8123
  -1.000   0.3900   0.00730   0.00024  -0.1032   0.6220   0.0851  28.7135  95.6755
   0.000   0.4945   0.00745   0.00016  -0.1013   0.5535   0.0978  33.3694  96.6631
   1.000   0.6009   0.00759   0.00027  -0.0999   0.5096   0.1492  36.3522 100.6396
   2.000   0.7071   0.00785   0.00033  -0.0985   0.4666   0.1664  39.2735 101.8575
   3.000   0.8126   0.00814   0.00040  -0.0971   0.4246   0.1901  42.1292 103.4777
   5.000   1.0153   0.00889   0.00127  -0.0941   0.2180   1.0000  56.3739 160.0000
   6.000   1.0926   0.01192   0.00263  -0.0884   0.0214   1.0000  72.2093 160.0000
   7.000   1.1833   0.01354   0.00341  -0.0844   0.0105   1.0000  73.6291 160.0000
   8.000   1.2610   0.01613   0.00475  -0.0784   0.0076   1.0000  74.3441 160.0000
   9.000   1.3238   0.01926   0.00652  -0.0706   0.0059   1.0000  74.9232 160.0000
  10.000   1.3495   0.02354   0.00895  -0.0569   0.0053   1.0000  75.1914 160.0000
  11.000   1.3684   0.02898   0.01236  -0.0451   0.0048   1.0000  75.4642 160.0000
  12.000   1.3878   0.03515   0.01677  -0.0373   0.0042   1.0000  75.7458 160.0000
  13.000   1.3902   0.04471   0.02382  -0.0322   0.0039   1.0000  75.9143 160.0000
  14.000   1.3725   0.05932   0.03521  -0.0305   0.0038   1.0000  75.9489 160.0000
  15.000   1.3340   0.07834   0.05199  -0.0353   0.0038   1.0000  75.9381 160.0000
