  
       XFOIL         Version 6.99
  
 Calculated polar for: GOE 113 AIRFOIL                                 
  
 1 1 Reynolds number fixed          Mach number fixed         
  
 xtrf =   1.000 (top)        1.000 (bottom)  
 Mach =   0.000     Re =     1.000 e 6     Ncrit =   9.000  9.000
  
   alpha    CL        CD       CDp       CM     Top_Xtr  Bot_Xtr  Top_Itr  Bot_Itr
  ------ -------- --------- --------- -------- -------- -------- -------- --------
  -6.000  -0.3383   0.05552   0.05217  -0.0288   0.9990   0.0071   1.1498  86.9752
  -3.000  -0.0009   0.00945   0.00317  -0.0654   0.9607   0.0118   5.8307  87.9279
  -2.000   0.1038   0.00915   0.00268  -0.0631   0.8131   0.0266  17.1002  89.2970
   0.000   0.3209   0.00786   0.00079  -0.0620   0.6110   0.0357  31.1031  90.2069
   1.000   0.4324   0.00767   0.00037  -0.0620   0.5445   0.0327  35.6869  89.9103
   2.000   0.5379   0.00557   0.00037  -0.0615   0.4889   1.0000  39.5249 160.0000
   3.000   0.6439   0.00684   0.00058  -0.0612   0.2938   1.0000  53.0716 160.0000
   4.000   0.7479   0.00851   0.00111  -0.0607   0.1225   1.0000  65.0804 160.0000
   5.000   0.8498   0.01059   0.00202  -0.0594   0.0089   1.0000  75.5415 160.0000
   6.000   0.9468   0.01349   0.00344  -0.0568   0.0056   1.0000  76.3932 160.0000
   7.000   1.0318   0.01973   0.00584  -0.0510   0.0081   1.0000  75.7089 160.0000
   8.000   1.1094   0.03174   0.01236  -0.0462   0.0066   1.0000  76.0351 160.0000
   9.000   1.1801   0.03581   0.01702  -0.0408   0.0046   1.0000  76.7828 160.0000
