  
       XFOIL         Version 6.99
  
 Calculated polar for: GOE 142 (MVA H.19) AIRFOIL                      
  
 1 1 Reynolds number fixed          Mach number fixed         
  
 xtrf =   1.000 (top)        1.000 (bottom)  
 Mach =   0.000     Re =     0.500 e 6     Ncrit =   9.000  9.000
  
   alpha    CL        CD       CDp       CM     Top_Xtr  Bot_Xtr  Top_Itr  Bot_Itr
  ------ -------- --------- --------- -------- -------- -------- -------- --------
  -3.000   0.0806   0.01300   0.00586  -0.0827   0.9540   0.0228   4.9484  90.1227
  -2.000   0.1884   0.01038   0.00302  -0.0805   0.9084   0.0303   8.1756  90.9753
  -1.000   0.2936   0.00849   0.00141  -0.0780   0.8468   0.0491  12.5382  92.5865
   0.000   0.4011   0.00793   0.00071  -0.0762   0.7664   0.0861  18.2315  95.2765
   1.000   0.5047   0.00592   0.00058  -0.0745   0.6714   1.0000  24.9556 160.0000
   2.000   0.6124   0.00663   0.00059  -0.0733   0.5673   1.0000  32.3090 160.0000
   3.000   0.7197   0.00748   0.00076  -0.0724   0.4696   1.0000  39.2072 160.0000
   4.000   0.8266   0.00841   0.00104  -0.0717   0.3858   1.0000  45.1366 160.0000
   5.000   0.9327   0.00942   0.00142  -0.0709   0.3161   1.0000  50.0875 160.0000
   6.000   1.0369   0.01061   0.00188  -0.0700   0.2477   1.0000  54.9801 160.0000
   7.000   1.1389   0.01197   0.00241  -0.0689   0.1808   1.0000  59.8491 160.0000
   8.000   1.2302   0.01479   0.00367  -0.0667   0.0552   1.0000  69.7151 160.0000
   9.000   1.3121   0.01872   0.00597  -0.0627   0.0182   1.0000  73.5384 160.0000
  10.000   1.3790   0.02353   0.00896  -0.0568   0.0129   1.0000  74.4144 160.0000
  11.000   1.4199   0.02965   0.01293  -0.0484   0.0105   1.0000  74.8996 160.0000
  12.000   1.4277   0.03739   0.01853  -0.0382   0.0091   1.0000  75.2519 160.0000
  13.000   1.4195   0.04857   0.02745  -0.0335   0.0083   1.0000  75.4897 160.0000
  14.000   1.3879   0.06564   0.04226  -0.0365   0.0078   1.0000  75.6198 160.0000
  15.000   1.3309   0.09035   0.06550  -0.0474   0.0077   1.0000  75.6539 160.0000
