  
       XFOIL         Version 6.99
  
 Calculated polar for: GOE 199 (L.F.G. 5406) AIRFOIL                   
  
 1 1 Reynolds number fixed          Mach number fixed         
  
 xtrf =   1.000 (top)        1.000 (bottom)  
 Mach =   0.000     Re =     0.500 e 6     Ncrit =   9.000  9.000
  
   alpha    CL        CD       CDp       CM     Top_Xtr  Bot_Xtr  Top_Itr  Bot_Itr
  ------ -------- --------- --------- -------- -------- -------- -------- --------
  -6.000  -0.1822   0.06640   0.06397  -0.0551   0.9421   0.0202   6.1926  91.7586
  -5.000  -0.0850   0.05131   0.04788  -0.0701   0.8962   0.0218   9.1902  92.1516
  -4.000   0.0457   0.03926   0.03119  -0.0812   0.8639   0.0257  11.3259  92.9986
  -3.000   0.1448   0.02934   0.02441  -0.0850   0.8333   0.0295  13.3576  93.6117
  -2.000   0.2626   0.02163   0.01585  -0.0867   0.7848   0.0346  16.5023  94.3415
  -1.000   0.3796   0.01680   0.01026  -0.0875   0.7475   0.0434  18.8950  95.3509
   0.000   0.4944   0.01406   0.00689  -0.0879   0.6989   0.0633  22.0302  97.2487
   2.000   0.7195   0.01085   0.00234  -0.0867   0.5194   0.0451  33.8118  95.5233
   3.000   0.8291   0.01101   0.00194  -0.0867   0.4196   0.0469  40.2738  95.6996
   4.000   0.9347   0.01217   0.00219  -0.0864   0.2939   0.0767  48.5203  98.3909
