  
       XFOIL         Version 6.99
  
 Calculated polar for: GOE 277 (DAIMLER VIII) AIRFOIL                  
  
 1 1 Reynolds number fixed          Mach number fixed         
  
 xtrf =   1.000 (top)        1.000 (bottom)  
 Mach =   0.000     Re =     0.500 e 6     Ncrit =   9.000  9.000
  
   alpha    CL        CD       CDp       CM     Top_Xtr  Bot_Xtr  Top_Itr  Bot_Itr
  ------ -------- --------- --------- -------- -------- -------- -------- --------
  -4.000   0.0339   0.02587   0.02047  -0.0920   0.9215   0.0383   7.7958  94.4147
  -3.000   0.1399   0.01849   0.01225  -0.0915   0.8643   0.0499  11.7171  95.3077
  -2.000   0.2462   0.01491   0.00795  -0.0902   0.7734   0.0663  18.0055  96.4922
   0.000   0.4683   0.01003   0.00174  -0.0873   0.6223   0.0465  28.1282  95.0598
   1.000   0.5767   0.00964   0.00112  -0.0866   0.5294   0.0508  34.4018  95.3789
   2.000   0.6804   0.00791   0.00112  -0.0854   0.4500   1.0000  39.7220 160.0000
   3.000   0.7879   0.00879   0.00131  -0.0848   0.3874   1.0000  43.9720 160.0000
   4.000   0.8958   0.00959   0.00163  -0.0843   0.3542   1.0000  46.2144 160.0000
   5.000   1.0031   0.01039   0.00200  -0.0838   0.3324   1.0000  47.6778 160.0000
   6.000   1.1092   0.01119   0.00232  -0.0832   0.3070   1.0000  49.3801 160.0000
   7.000   1.2137   0.01196   0.00247  -0.0825   0.2656   1.0000  52.1948 160.0000
   8.000   1.2914   0.01578   0.00403  -0.0784   0.0629   1.0000  67.2808 160.0000
   9.000   1.3572   0.02030   0.00643  -0.0719   0.0147   1.0000  72.9989 160.0000
  10.000   1.4133   0.02423   0.00884  -0.0644   0.0122   1.0000  73.5586 160.0000
  11.000   1.4176   0.03076   0.01315  -0.0520   0.0108   1.0000  73.8538 160.0000
  12.000   1.4062   0.04126   0.02051  -0.0443   0.0098   1.0000  74.0947 160.0000
  13.000   1.4131   0.05185   0.02855  -0.0418   0.0091   1.0000  74.3328 160.0000
  14.000   1.4080   0.06474   0.03856  -0.0405   0.0087   1.0000  74.4705 160.0000
  15.000   1.3854   0.08132   0.05248  -0.0423   0.0086   1.0000  74.5136 160.0000
