  
       XFOIL         Version 6.99
  
 Calculated polar for: GOE 287 AIRFOIL                                 
  
 1 1 Reynolds number fixed          Mach number fixed         
  
 xtrf =   1.000 (top)        1.000 (bottom)  
 Mach =   0.000     Re =     1.000 e 6     Ncrit =   9.000  9.000
  
   alpha    CL        CD       CDp       CM     Top_Xtr  Bot_Xtr  Top_Itr  Bot_Itr
  ------ -------- --------- --------- -------- -------- -------- -------- --------
  -4.000  -0.0325   0.01978   0.02074  -0.0623   0.5823   0.0265  31.1084  92.9682
  -3.000   0.0744   0.01937   0.01291  -0.0684   0.5684   0.0305  32.0414  93.3679
  -2.000   0.1913   0.01751   0.00856  -0.0690   0.5513   0.0370  33.1857  93.9895
  -1.000   0.3093   0.01144   0.00385  -0.0706   0.5368   0.0391  34.1602  94.1514
   1.000   0.5421   0.00874   0.00121  -0.0723   0.5097   0.0356  35.9706  93.8542
   2.000   0.6584   0.00842   0.00087  -0.0733   0.4904   0.0399  37.2679  94.2156
   3.000   0.7683   0.00651   0.00094  -0.0737   0.4648   1.0000  39.0126 160.0000
   4.000   0.8803   0.00767   0.00119  -0.0747   0.3254   1.0000  48.8150 160.0000
   5.000   0.9905   0.00895   0.00177  -0.0755   0.2506   1.0000  53.8672 160.0000
   6.000   1.1006   0.00986   0.00215  -0.0763   0.2148   1.0000  56.2784 160.0000
   7.000   1.1916   0.01362   0.00405  -0.0751   0.0187   1.0000  72.5888 160.0000
   8.000   1.2881   0.01568   0.00517  -0.0739   0.0115   1.0000  73.7553 160.0000
   9.000   1.3730   0.01849   0.00682  -0.0712   0.0086   1.0000  74.5259 160.0000
  10.000   1.4134   0.02369   0.00998  -0.0633   0.0071   1.0000  75.0143 160.0000
  11.000   1.4485   0.02898   0.01373  -0.0577   0.0062   1.0000  75.3748 160.0000
  12.000   1.4660   0.03768   0.02017  -0.0551   0.0056   1.0000  75.6743 160.0000
  13.000   1.4655   0.04903   0.02882  -0.0535   0.0051   1.0000  75.8685 160.0000
  14.000   1.4428   0.06250   0.03868  -0.0495   0.0048   1.0000  76.0277 160.0000
  15.000   1.4361   0.07609   0.04990  -0.0498   0.0046   1.0000  76.1552 160.0000
