  
       XFOIL         Version 6.99
  
 Calculated polar for: GOE 210 (DAIMLER) AIRFOIL                       
  
 1 1 Reynolds number fixed          Mach number fixed         
  
 xtrf =   1.000 (top)        1.000 (bottom)  
 Mach =   0.000     Re =     1.000 e 6     Ncrit =   9.000  9.000
  
   alpha    CL        CD       CDp       CM     Top_Xtr  Bot_Xtr  Top_Itr  Bot_Itr
  ------ -------- --------- --------- -------- -------- -------- -------- --------
  -6.000  -0.1792   0.05982   0.05386  -0.0681   0.9763   0.0107   3.8699  88.9723
  -3.000   0.1577   0.00979   0.00332  -0.0967   0.7911   0.0182  17.2788  90.2698
  -2.000   0.2682   0.00909   0.00250  -0.0963   0.7501   0.0275  20.1062  91.3291
  -1.000   0.3797   0.00831   0.00138  -0.0960   0.7155   0.0339  22.4871  91.9838
   0.000   0.4911   0.00727   0.00054  -0.0958   0.6798   0.0370  24.9343  92.2572
   1.000   0.6019   0.00716   0.00023  -0.0954   0.6184   0.0373  29.1785  92.2876
   2.000   0.7042   0.00587   0.00044  -0.0942   0.4778   1.0000  38.9057 160.0000
   3.000   0.8049   0.00763   0.00095  -0.0928   0.2640   1.0000  53.6099 160.0000
   4.000   0.9091   0.00881   0.00139  -0.0919   0.1764   1.0000  59.7402 160.0000
   5.000   1.0148   0.00966   0.00175  -0.0911   0.1425   1.0000  62.1015 160.0000
   6.000   1.1120   0.01149   0.00262  -0.0893   0.0552   1.0000  68.8293 160.0000
   7.000   1.2090   0.01316   0.00338  -0.0874   0.0136   1.0000  73.6860 160.0000
   8.000   1.2994   0.01560   0.00452  -0.0841   0.0070   1.0000  75.0641 160.0000
   9.000   1.3823   0.01847   0.00613  -0.0801   0.0050   1.0000  75.8906 160.0000
  10.000   1.4435   0.02290   0.00866  -0.0729   0.0042   1.0000  76.3290 160.0000
  11.000   1.4803   0.02766   0.01166  -0.0629   0.0035   1.0000  76.7046 160.0000
  12.000   1.4743   0.03614   0.01748  -0.0515   0.0031   1.0000  76.9589 160.0000
  13.000   1.4518   0.04890   0.02714  -0.0452   0.0030   1.0000  77.0374 160.0000
  14.000   1.4179   0.06536   0.04127  -0.0458   0.0029   1.0000  77.0879 160.0000
  15.000   1.3606   0.08941   0.06365  -0.0544   0.0029   1.0000  77.0963 160.0000
