  
       XFOIL         Version 6.99
  
 Calculated polar for: GOE 233 (MVA CA4) AIRFOIL                       
  
 1 1 Reynolds number fixed          Mach number fixed         
  
 xtrf =   1.000 (top)        1.000 (bottom)  
 Mach =   0.000     Re =     0.500 e 6     Ncrit =   9.000  9.000
  
   alpha    CL        CD       CDp       CM     Top_Xtr  Bot_Xtr  Top_Itr  Bot_Itr
  ------ -------- --------- --------- -------- -------- -------- -------- --------
  -6.000   0.2170   0.01435   0.00535  -0.2048   0.8246   0.0382  12.8460  95.0950
  -5.000   0.3401   0.01234   0.00393  -0.2075   0.7953   0.0396  14.5622  95.3481
  -4.000   0.4651   0.01094   0.00278  -0.2105   0.7629   0.0424  16.4461  95.8216
  -3.000   0.5876   0.01003   0.00195  -0.2126   0.7334   0.0474  18.1852  96.6373
  -2.000   0.7083   0.00927   0.00155  -0.2144   0.7055   0.1550  19.8471 106.1807
  -1.000   0.8245   0.00917   0.00172  -0.2149   0.6775   0.2788  21.5241 114.1987
   0.000   0.9370   0.00980   0.00214  -0.2142   0.6514   0.3142  23.0712 116.4486
   1.000   1.0487   0.01052   0.00262  -0.2134   0.6271   0.3375  24.4982 117.9100
   2.000   1.1597   0.01095   0.00279  -0.2127   0.6019   0.3480  25.9640 118.5718
   3.000   1.2696   0.01136   0.00297  -0.2119   0.5741   0.3612  27.5864 119.4129
   4.000   1.3778   0.01176   0.00294  -0.2110   0.5418   0.3719  29.5038 120.1032
   5.000   1.4826   0.01230   0.00301  -0.2095   0.5040   0.3809  31.7942 120.6829
   7.000   1.6679   0.01478   0.00362  -0.2027   0.3748   0.3994  39.5723 121.8832
   8.000   1.7266   0.01782   0.00486  -0.1941   0.2597   0.4076  46.7879 122.4230
   9.000   1.7736   0.02066   0.00618  -0.1835   0.2181   0.4168  49.2892 123.0179
  10.000   1.8203   0.02412   0.00795  -0.1745   0.1762   0.4270  51.8770 123.6840
  11.000   1.8032   0.03325   0.01349  -0.1607   0.0677   0.4339  60.1875 124.1375
  12.000   1.8097   0.04187   0.01926  -0.1521   0.0474   0.4444  62.2650 124.8166
  13.000   1.8143   0.05167   0.02614  -0.1456   0.0386   0.4554  63.3794 125.5256
  14.000   1.8092   0.06376   0.03507  -0.1409   0.0321   0.4684  64.3492 126.3624
  15.000   1.7933   0.07823   0.04638  -0.1381   0.0271   0.4874  65.2155 127.5686
