  
       XFOIL         Version 6.99
  
 Calculated polar for: GOE 286 AIRFOIL                                 
  
 1 1 Reynolds number fixed          Mach number fixed         
  
 xtrf =   1.000 (top)        1.000 (bottom)  
 Mach =   0.000     Re =     1.000 e 6     Ncrit =   9.000  9.000
  
   alpha    CL        CD       CDp       CM     Top_Xtr  Bot_Xtr  Top_Itr  Bot_Itr
  ------ -------- --------- --------- -------- -------- -------- -------- --------
  -6.000  -0.2603   0.04033   0.03281  -0.0595   0.8449   0.0242  12.6442  94.9971
  -2.000   0.1568   0.01045   0.00286  -0.0643   0.5624   0.0321  30.8293  96.2425
  -1.000   0.2705   0.00954   0.00169  -0.0645   0.4619   0.0333  37.3603  96.3922
   0.000   0.3839   0.00943   0.00121  -0.0649   0.3655   0.0347  43.4804  96.5795
   1.000   0.4970   0.00970   0.00104  -0.0652   0.2740   0.0378  49.3959  96.9791
   2.000   0.6064   0.01068   0.00152  -0.0654   0.1213   0.1494  60.0831 105.4130
   3.000   0.7143   0.00927   0.00192  -0.0652   0.1147   1.0000  60.5378 160.0000
   4.000   0.8255   0.00995   0.00228  -0.0653   0.1081   1.0000  60.9866 160.0000
   5.000   0.9363   0.01052   0.00258  -0.0654   0.1042   1.0000  61.2941 160.0000
   6.000   1.0449   0.01132   0.00297  -0.0653   0.0949   1.0000  62.0167 160.0000
   7.000   1.1497   0.01250   0.00348  -0.0648   0.0562   1.0000  66.3275 160.0000
   8.000   1.2517   0.01383   0.00430  -0.0640   0.0494   1.0000  67.0918 160.0000
   9.000   1.3506   0.01520   0.00507  -0.0628   0.0410   1.0000  68.1136 160.0000
  10.000   1.4365   0.01762   0.00631  -0.0599   0.0128   1.0000  73.5543 160.0000
  11.000   1.5104   0.02049   0.00800  -0.0553   0.0099   1.0000  74.4100 160.0000
  12.000   1.5407   0.02508   0.01085  -0.0454   0.0082   1.0000  74.9872 160.0000
  13.000   1.5670   0.03083   0.01480  -0.0390   0.0075   1.0000  75.2640 160.0000
  14.000   1.5706   0.04105   0.02244  -0.0370   0.0069   1.0000  75.5361 160.0000
  15.000   1.5492   0.05675   0.03498  -0.0398   0.0065   1.0000  75.7164 160.0000
