  
       XFOIL         Version 6.99
  
 Calculated polar for: GOE 239 (MVA H.31) AIRFOIL                      
  
 1 1 Reynolds number fixed          Mach number fixed         
  
 xtrf =   1.000 (top)        1.000 (bottom)  
 Mach =   0.000     Re =     0.500 e 6     Ncrit =   9.000  9.000
  
   alpha    CL        CD       CDp       CM     Top_Xtr  Bot_Xtr  Top_Itr  Bot_Itr
  ------ -------- --------- --------- -------- -------- -------- -------- --------
  -6.000   0.0304   0.01594   0.00817  -0.1513   0.8761   0.0425  10.4356  97.4121
  -5.000   0.1442   0.01324   0.00518  -0.1518   0.8503   0.0460  12.0278  97.8485
  -4.000   0.2584   0.01099   0.00316  -0.1521   0.8165   0.0505  14.1178  98.3403
  -3.000   0.3721   0.00988   0.00198  -0.1519   0.7586   0.0584  17.7381  99.1475
  -2.000   0.4808   0.00958   0.00123  -0.1508   0.6339   0.0882  25.6374 101.5547
  -1.000   0.5919   0.00954   0.00126  -0.1507   0.5808   0.2437  28.9374 111.8034
   0.000   0.7040   0.00987   0.00148  -0.1506   0.5517   0.2984  30.7021 115.1406
   1.000   0.8160   0.01024   0.00170  -0.1505   0.5305   0.3509  31.9707 118.3951
   2.000   0.9280   0.01052   0.00189  -0.1505   0.5126   0.4180  33.0354 122.6865
   3.000   1.0320   0.00980   0.00214  -0.1488   0.4956   1.0000  34.0484 160.0000
   4.000   1.1422   0.01031   0.00229  -0.1485   0.4764   1.0000  35.1989 160.0000
   5.000   1.2489   0.01077   0.00228  -0.1475   0.4435   1.0000  37.2290 160.0000
   6.000   1.3529   0.01142   0.00236  -0.1462   0.4045   1.0000  39.7241 160.0000
   7.000   1.4492   0.01259   0.00265  -0.1437   0.3505   1.0000  43.2837 160.0000
   9.000   1.6166   0.01617   0.00397  -0.1351   0.2457   1.0000  50.0709 160.0000
  10.000   1.6622   0.01947   0.00531  -0.1250   0.1473   1.0000  56.9149 160.0000
  11.000   1.6669   0.02578   0.00892  -0.1113   0.0644   1.0000  63.4565 160.0000
  12.000   1.6872   0.03215   0.01297  -0.1028   0.0476   1.0000  65.0834 160.0000
  13.000   1.6974   0.04044   0.01841  -0.0962   0.0288   1.0000  67.6205 160.0000
  14.000   1.6822   0.05303   0.02755  -0.0919   0.0202   1.0000  69.3758 160.0000
  15.000   1.6498   0.07010   0.04097  -0.0915   0.0172   1.0000  70.1175 160.0000
