  
       XFOIL         Version 6.99
  
 Calculated polar for: GOE 288 AIRFOIL                                 
  
 1 1 Reynolds number fixed          Mach number fixed         
  
 xtrf =   1.000 (top)        1.000 (bottom)  
 Mach =   0.000     Re =     1.000 e 6     Ncrit =   9.000  9.000
  
   alpha    CL        CD       CDp       CM     Top_Xtr  Bot_Xtr  Top_Itr  Bot_Itr
  ------ -------- --------- --------- -------- -------- -------- -------- --------
  -6.000  -0.0492   0.01108   0.00260  -0.1304   0.5932   0.0408  24.1797 101.3845
  -5.000   0.0696   0.01037   0.00199  -0.1316   0.5723   0.0478  25.2715 102.7161
  -4.000   0.1885   0.00950   0.00151  -0.1329   0.5530   0.1137  26.2862 110.4940
  -3.000   0.3077   0.00921   0.00133  -0.1341   0.5362   0.1499  27.1774 113.0970
  -2.000   0.4265   0.00877   0.00119  -0.1353   0.5206   0.2447  28.0119 118.8340
  -1.000   0.5455   0.00869   0.00124  -0.1364   0.5051   0.3135  28.8540 122.6765
   0.000   0.6639   0.00880   0.00130  -0.1372   0.4888   0.3462  29.7483 124.4458
   1.000   0.7809   0.00900   0.00134  -0.1379   0.4675   0.3686  30.9454 125.6462
   2.000   0.8967   0.00928   0.00139  -0.1385   0.4383   0.3938  32.6312 126.9840
   3.000   1.0068   0.00992   0.00155  -0.1382   0.3818   0.4171  36.0092 128.2093
   4.000   1.1132   0.01077   0.00189  -0.1375   0.3361   0.4434  38.7105 129.5870
   6.000   1.3184   0.01130   0.00269  -0.1347   0.3027   1.0000  40.6434 160.0000
   7.000   1.4197   0.01219   0.00301  -0.1332   0.2929   1.0000  41.2178 160.0000
   8.000   1.5138   0.01325   0.00335  -0.1306   0.2824   1.0000  41.8309 160.0000
   9.000   1.6014   0.01424   0.00362  -0.1269   0.2744   1.0000  42.3096 160.0000
  10.000   1.6762   0.01576   0.00409  -0.1214   0.2653   1.0000  42.8546 160.0000
  11.000   1.7549   0.01728   0.00454  -0.1173   0.2571   1.0000  43.3637 160.0000
  12.000   1.8196   0.01973   0.00539  -0.1121   0.2460   1.0000  44.0619 160.0000
  13.000   1.8847   0.02246   0.00636  -0.1079   0.2351   1.0000  44.7710 160.0000
  14.000   1.9335   0.02668   0.00811  -0.1032   0.2184   1.0000  45.8986 160.0000
  15.000   1.9635   0.03293   0.01108  -0.0984   0.1952   1.0000  47.5544 160.0000
