  
       XFOIL         Version 6.99
  
 Calculated polar for: GOE 29B AIRFOIL                                 
  
 1 1 Reynolds number fixed          Mach number fixed         
  
 xtrf =   1.000 (top)        1.000 (bottom)  
 Mach =   0.000     Re =     1.000 e 6     Ncrit =   9.000  9.000
  
   alpha    CL        CD       CDp       CM     Top_Xtr  Bot_Xtr  Top_Itr  Bot_Itr
  ------ -------- --------- --------- -------- -------- -------- -------- --------
  -2.000   0.3878   0.01138   0.00401  -0.1071   0.5091   0.0354  30.7006  98.1695
  -1.000   0.5024   0.01051   0.00285  -0.1070   0.4631   0.0382  33.4586  98.7590
   0.000   0.6169   0.00992   0.00212  -0.1069   0.4340   0.0423  35.1633  99.5570
   1.000   0.7312   0.00981   0.00188  -0.1067   0.4098   0.0484  36.5600 100.6321
   2.000   0.8447   0.00992   0.00179  -0.1065   0.3821   0.0562  38.1852 101.8280
   3.000   0.9562   0.01023   0.00171  -0.1062   0.3248   0.0641  41.7783 102.9054
   4.000   1.0624   0.01120   0.00207  -0.1054   0.2407   0.0724  47.0804 103.8867
   5.000   1.1711   0.01173   0.00235  -0.1049   0.2244   0.0823  48.0201 104.9155
   6.000   1.2799   0.01218   0.00265  -0.1044   0.2180   0.1119  48.3879 107.2390
   9.000   1.5886   0.01354   0.00407  -0.1013   0.1850   1.0000  50.4047 160.0000
  10.000   1.6840   0.01482   0.00451  -0.0995   0.1541   1.0000  52.6538 160.0000
  11.000   1.7517   0.01788   0.00607  -0.0942   0.1030   1.0000  56.7113 160.0000
  12.000   1.7356   0.02552   0.01072  -0.0799   0.0191   1.0000  68.3667 160.0000
  13.000   1.7564   0.03261   0.01533  -0.0748   0.0146   1.0000  69.7510 160.0000
  14.000   1.7640   0.04254   0.02223  -0.0724   0.0130   1.0000  70.3198 160.0000
  15.000   1.7470   0.05637   0.03243  -0.0721   0.0119   1.0000  70.7003 160.0000
