  
       XFOIL         Version 6.99
  
 Calculated polar for: GOE 290 (MVA 290) AIRFOIL                       
  
 1 1 Reynolds number fixed          Mach number fixed         
  
 xtrf =   1.000 (top)        1.000 (bottom)  
 Mach =   0.000     Re =     0.500 e 6     Ncrit =   9.000  9.000
  
   alpha    CL        CD       CDp       CM     Top_Xtr  Bot_Xtr  Top_Itr  Bot_Itr
  ------ -------- --------- --------- -------- -------- -------- -------- --------
  -6.000  -0.2858   0.01435   0.00416  -0.0697   0.5940   0.0683  24.6414 107.7795
  -5.000  -0.1758   0.01351   0.00337  -0.0693   0.5670   0.0781  26.0217 108.9806
  -4.000  -0.0650   0.01253   0.00264  -0.0693   0.5476   0.0931  27.0097 110.5188
  -3.000   0.0486   0.01173   0.00216  -0.0696   0.5317   0.1360  27.8124 114.0142
  -2.000   0.1611   0.01081   0.00210  -0.0701   0.5174   0.3431  28.5398 126.1329
  -1.000   0.2774   0.01087   0.00219  -0.0707   0.5046   0.3925  29.1927 128.6090
   0.000   0.3937   0.01084   0.00222  -0.0714   0.4921   0.4384  29.8305 130.8866
   1.000   0.5083   0.01060   0.00229  -0.0720   0.4799   0.5388  30.4662 135.7979
   2.000   0.6076   0.00981   0.00252  -0.0685   0.4665   0.9070  31.1733 153.7438
   3.000   0.7656   0.01008   0.00257  -0.0779   0.4491   0.9992  32.1118 159.9200
   4.000   0.8672   0.01031   0.00244  -0.0760   0.4309   1.0000  33.1252 160.0000
   5.000   0.9711   0.01062   0.00235  -0.0746   0.4055   1.0000  34.5949 160.0000
   6.000   1.0734   0.01124   0.00234  -0.0732   0.3650   1.0000  37.0695 160.0000
   7.000   1.1605   0.01294   0.00283  -0.0697   0.2776   1.0000  42.7043 160.0000
   8.000   1.2434   0.01474   0.00360  -0.0657   0.2384   1.0000  45.0618 160.0000
   9.000   1.3203   0.01635   0.00426  -0.0608   0.2164   1.0000  46.3485 160.0000
  10.000   1.3797   0.01869   0.00522  -0.0539   0.1904   1.0000  47.9642 160.0000
  11.000   1.3886   0.02494   0.00866  -0.0444   0.1044   1.0000  55.2867 160.0000
  13.000   1.3712   0.04735   0.02415  -0.0382   0.0393   1.0000  64.3035 160.0000
  14.000   1.3615   0.06027   0.03376  -0.0381   0.0371   1.0000  64.8016 160.0000
  15.000   1.3432   0.07493   0.04526  -0.0390   0.0358   1.0000  65.1011 160.0000
