  
       XFOIL         Version 6.99
  
 Calculated polar for: GOE 228 (MVA H.38) AIRFOIL                      
  
 1 1 Reynolds number fixed          Mach number fixed         
  
 xtrf =   1.000 (top)        1.000 (bottom)  
 Mach =   0.000     Re =     0.500 e 6     Ncrit =   9.000  9.000
  
   alpha    CL        CD       CDp       CM     Top_Xtr  Bot_Xtr  Top_Itr  Bot_Itr
  ------ -------- --------- --------- -------- -------- -------- -------- --------
  -6.000   0.2156   0.01228   0.00340  -0.1864   0.7582   0.0571  16.4266 102.8092
  -5.000   0.3351   0.01108   0.00244  -0.1885   0.7260   0.0814  18.2709 105.4383
  -4.000   0.4529   0.01007   0.00165  -0.1905   0.6819   0.1609  20.8650 111.1457
  -3.000   0.5660   0.00997   0.00162  -0.1911   0.6280   0.2926  24.0352 119.0230
  -2.000   0.6760   0.01045   0.00180  -0.1908   0.5791   0.3359  26.8465 121.3471
  -1.000   0.7849   0.01096   0.00191  -0.1905   0.5407   0.3628  29.0210 122.7719
   0.000   0.8932   0.01142   0.00205  -0.1901   0.5091   0.3915  30.8085 124.2974
   1.000   0.9995   0.01191   0.00221  -0.1896   0.4807   0.4273  32.4210 126.2101
   2.000   1.1033   0.01246   0.00243  -0.1887   0.4569   0.4830  33.7893 129.2106
   3.000   1.2022   0.01323   0.00279  -0.1869   0.4351   0.5755  35.0505 134.2652
   4.000   1.2952   0.01406   0.00308  -0.1841   0.4169   0.6334  36.1214 137.5300
   5.000   1.3824   0.01508   0.00340  -0.1804   0.4012   0.6775  37.0510 140.0563
   7.000   1.5499   0.01704   0.00418  -0.1729   0.3756   1.0000  38.5660 160.0000
   8.000   1.6301   0.01877   0.00465  -0.1694   0.3639   1.0000  39.2611 160.0000
   9.000   1.7040   0.02086   0.00523  -0.1652   0.3518   1.0000  39.9791 160.0000
  10.000   1.7741   0.02318   0.00597  -0.1612   0.3392   1.0000  40.7315 160.0000
  11.000   1.8350   0.02622   0.00701  -0.1565   0.3238   1.0000  41.6556 160.0000
  12.000   1.8836   0.03029   0.00857  -0.1512   0.3047   1.0000  42.8282 160.0000
  13.000   1.9180   0.03593   0.01112  -0.1456   0.2755   1.0000  44.7244 160.0000
  15.000   1.8080   0.06795   0.03238  -0.1301   0.1652   1.0000  52.8682 160.0000
