  
       XFOIL         Version 6.99
  
 Calculated polar for: GOE 284 AIRFOIL                                 
  
 1 1 Reynolds number fixed          Mach number fixed         
  
 xtrf =   1.000 (top)        1.000 (bottom)  
 Mach =   0.000     Re =     1.000 e 6     Ncrit =   9.000  9.000
  
   alpha    CL        CD       CDp       CM     Top_Xtr  Bot_Xtr  Top_Itr  Bot_Itr
  ------ -------- --------- --------- -------- -------- -------- -------- --------
  -6.000  -0.2081   0.01134   0.00284  -0.0840   0.5494   0.0876  25.6318 112.1792
  -5.000  -0.0892   0.01125   0.00283  -0.0847   0.5383   0.0935  26.1916 112.8600
  -4.000   0.0285   0.01083   0.00255  -0.0854   0.5292   0.0985  26.6510 113.3939
  -3.000   0.1470   0.01067   0.00237  -0.0862   0.5198   0.1035  27.1282 113.8963
  -2.000   0.2651   0.01024   0.00205  -0.0871   0.5096   0.1095  27.6512 114.4493
  -1.000   0.3836   0.01008   0.00185  -0.0880   0.4979   0.1151  28.2601 114.9556
   0.000   0.5018   0.00984   0.00164  -0.0890   0.4887   0.1243  28.7468 115.6968
   1.000   0.6200   0.00974   0.00156  -0.0901   0.4802   0.1406  29.2012 116.9019
   2.000   0.7362   0.00917   0.00152  -0.0912   0.4693   0.3526  29.7948 128.1668
   3.000   0.8391   0.00791   0.00173  -0.0893   0.4582   0.9216  30.4161 154.6452
   4.000   0.9740   0.00815   0.00172  -0.0941   0.4394   1.0000  31.5039 160.0000
   5.000   1.0831   0.00859   0.00171  -0.0938   0.4097   1.0000  33.2966 160.0000
   6.000   1.1837   0.00973   0.00199  -0.0924   0.3445   1.0000  37.3894 160.0000
   7.000   1.2798   0.01106   0.00249  -0.0905   0.3031   1.0000  39.9165 160.0000
   8.000   1.3755   0.01217   0.00289  -0.0886   0.2815   1.0000  41.2141 160.0000
   9.000   1.4614   0.01342   0.00328  -0.0851   0.2630   1.0000  42.3253 160.0000
  10.000   1.5339   0.01504   0.00381  -0.0799   0.2486   1.0000  43.1988 160.0000
  11.000   1.6012   0.01729   0.00466  -0.0752   0.2351   1.0000  44.0337 160.0000
  12.000   1.6631   0.02026   0.00587  -0.0711   0.2213   1.0000  44.9185 160.0000
  13.000   1.7141   0.02445   0.00779  -0.0672   0.2067   1.0000  45.8990 160.0000
  14.000   1.7354   0.03172   0.01160  -0.0631   0.1769   1.0000  48.1026 160.0000
