  
       XFOIL         Version 6.99
  
 Calculated polar for: GOE 226 (MVA H.36) AIRFOIL                      
  
 1 1 Reynolds number fixed          Mach number fixed         
  
 xtrf =   1.000 (top)        1.000 (bottom)  
 Mach =   0.000     Re =     0.500 e 6     Ncrit =   9.000  9.000
  
   alpha    CL        CD       CDp       CM     Top_Xtr  Bot_Xtr  Top_Itr  Bot_Itr
  ------ -------- --------- --------- -------- -------- -------- -------- --------
  -6.000   0.2512   0.01369   0.00530  -0.2002   0.7561   0.0541  16.5615 102.5438
  -5.000   0.3704   0.01208   0.00371  -0.2020   0.7311   0.0600  18.0331 103.3661
  -4.000   0.4894   0.01111   0.00282  -0.2034   0.7065   0.0691  19.4857 104.4958
  -3.000   0.6073   0.01064   0.00229  -0.2043   0.6838   0.0837  20.8147 106.0611
  -1.000   0.8412   0.01008   0.00176  -0.2060   0.6410   0.1486  23.2573 110.7245
   0.000   0.9558   0.01001   0.00180  -0.2065   0.6159   0.2603  24.6626 117.1541
   1.000   1.0665   0.01027   0.00189  -0.2061   0.5817   0.3276  26.5888 120.7589
   2.000   1.1709   0.01082   0.00197  -0.2046   0.5169   0.3825  30.4361 123.6866
   3.000   1.2663   0.01202   0.00240  -0.2019   0.4572   0.4511  34.0650 127.4121
   4.000   1.3659   0.01291   0.00291  -0.2000   0.4349   0.5455  35.3445 132.7195
   5.000   1.4592   0.01336   0.00347  -0.1970   0.4203   1.0000  36.1653 160.0000
   6.000   1.5534   0.01464   0.00389  -0.1943   0.4058   1.0000  36.9599 160.0000
   7.000   1.6401   0.01576   0.00426  -0.1904   0.3925   1.0000  37.6896 160.0000
   8.000   1.7184   0.01721   0.00472  -0.1854   0.3772   1.0000  38.5416 160.0000
   9.000   1.7892   0.01904   0.00530  -0.1798   0.3592   1.0000  39.5673 160.0000
  10.000   1.8515   0.02152   0.00616  -0.1739   0.3377   1.0000  40.8522 160.0000
  11.000   1.9004   0.02518   0.00763  -0.1672   0.3032   1.0000  43.0308 160.0000
  12.000   1.9275   0.03084   0.01033  -0.1591   0.2600   1.0000  45.8675 160.0000
  13.000   1.9378   0.03848   0.01449  -0.1509   0.2201   1.0000  48.4502 160.0000
  14.000   1.9205   0.04993   0.02152  -0.1431   0.1637   1.0000  52.3191 160.0000
  15.000   1.8165   0.07292   0.03869  -0.1354   0.0698   1.0000  60.3841 160.0000
