  
       XFOIL         Version 6.99
  
 Calculated polar for: GOE 290 (MVA 290) AIRFOIL                       
  
 1 1 Reynolds number fixed          Mach number fixed         
  
 xtrf =   1.000 (top)        1.000 (bottom)  
 Mach =   0.000     Re =     1.000 e 6     Ncrit =   9.000  9.000
  
   alpha    CL        CD       CDp       CM     Top_Xtr  Bot_Xtr  Top_Itr  Bot_Itr
  ------ -------- --------- --------- -------- -------- -------- -------- --------
  -6.000  -0.2971   0.01144   0.00267  -0.0681   0.5418   0.0582  27.3037 106.3555
  -5.000  -0.1818   0.01097   0.00233  -0.0685   0.5228   0.0672  28.2654 107.6421
  -4.000  -0.0660   0.01057   0.00200  -0.0690   0.5074   0.0771  29.0454 108.8511
  -3.000   0.0507   0.01008   0.00164  -0.0697   0.4943   0.0913  29.7192 110.3450
  -2.000   0.1642   0.00895   0.00130  -0.0704   0.4839   0.2724  30.2555 122.3727
  -1.000   0.2816   0.00882   0.00132  -0.0713   0.4719   0.3429  30.8854 126.1225
   0.000   0.4001   0.00875   0.00134  -0.0723   0.4623   0.3830  31.3968 128.1316
   1.000   0.5173   0.00872   0.00133  -0.0732   0.4482   0.4311  32.1630 130.5251
   2.000   0.6328   0.00844   0.00133  -0.0741   0.4317   0.5735  33.0748 137.4763
   3.000   0.7367   0.00779   0.00150  -0.0720   0.4146   0.9139  34.0579 154.1023
   4.000   0.8736   0.00815   0.00158  -0.0772   0.3838   0.9973  35.8984 159.7238
   5.000   0.9777   0.00906   0.00177  -0.0762   0.3172   1.0000  40.1585 160.0000
   6.000   1.0699   0.01072   0.00245  -0.0734   0.2338   1.0000  45.3316 160.0000
   7.000   1.1694   0.01180   0.00290  -0.0718   0.2099   1.0000  46.7344 160.0000
   8.000   1.2656   0.01294   0.00333  -0.0699   0.1860   1.0000  48.2690 160.0000
   9.000   1.3094   0.01625   0.00489  -0.0598   0.0931   1.0000  56.3536 160.0000
  10.000   1.3334   0.02073   0.00731  -0.0492   0.0341   1.0000  65.4896 160.0000
  11.000   1.3793   0.02523   0.00996  -0.0444   0.0310   1.0000  66.2387 160.0000
  12.000   1.4121   0.03199   0.01432  -0.0416   0.0294   1.0000  66.6594 160.0000
  13.000   1.4179   0.04242   0.02154  -0.0400   0.0281   1.0000  66.9848 160.0000
  14.000   1.4195   0.05393   0.02982  -0.0397   0.0275   1.0000  67.1530 160.0000
  15.000   1.4098   0.06721   0.03978  -0.0401   0.0268   1.0000  67.3634 160.0000
