  
       XFOIL         Version 6.99
  
 Calculated polar for: GOE 241 (MVA PR.1) AIRFOIL                      
  
 1 1 Reynolds number fixed          Mach number fixed         
  
 xtrf =   1.000 (top)        1.000 (bottom)  
 Mach =   0.000     Re =     0.500 e 6     Ncrit =   9.000  9.000
  
   alpha    CL        CD       CDp       CM     Top_Xtr  Bot_Xtr  Top_Itr  Bot_Itr
  ------ -------- --------- --------- -------- -------- -------- -------- --------
  -6.000   0.3743   0.01890   0.00887  -0.2086   0.6997   0.0452  18.6620 101.9441
  -5.000   0.4948   0.01549   0.00579  -0.2114   0.6627   0.0462  20.6635 102.1060
  -4.000   0.6112   0.01412   0.00445  -0.2127   0.6167   0.0493  23.1667 102.6318
  -3.000   0.7280   0.01326   0.00346  -0.2141   0.5679   0.0530  25.8058 103.2255
  -2.000   0.8465   0.01287   0.00289  -0.2161   0.5321   0.0605  27.7284 104.3146
  -1.000   0.9634   0.01274   0.00248  -0.2176   0.5037   0.0798  29.2479 106.5696
   0.000   1.0802   0.01248   0.00271  -0.2197   0.4834   0.4039  30.3349 125.7314
   1.000   1.1863   0.01324   0.00307  -0.2187   0.4659   0.4445  31.2621 127.7364
   2.000   1.2890   0.01408   0.00340  -0.2172   0.4508   0.4745  32.0673 129.1773
   3.000   1.3876   0.01487   0.00364  -0.2151   0.4357   0.4962  32.8754 130.2237
   4.000   1.4778   0.01568   0.00384  -0.2116   0.4221   0.5159  33.6071 131.1953
   5.000   1.5627   0.01678   0.00413  -0.2075   0.4081   0.5346  34.3642 132.1567
   6.000   1.6434   0.01817   0.00451  -0.2032   0.3924   0.5522  35.2307 133.0979
   7.000   1.7178   0.01990   0.00502  -0.1985   0.3726   0.5694  36.3654 134.0520
   8.000   1.7779   0.02259   0.00595  -0.1925   0.3410   0.5859  38.2630 135.0037
   9.000   1.8040   0.02800   0.00847  -0.1837   0.2849   0.6010  41.8492 135.8893
  10.000   1.8257   0.03453   0.01196  -0.1760   0.2576   0.6164  43.5570 136.7916
  11.000   1.8549   0.04108   0.01558  -0.1702   0.2458   0.6333  44.2761 137.7832
  12.000   1.8763   0.04879   0.02000  -0.1650   0.2358   0.6521  44.8812 138.8632
  13.000   1.9084   0.05592   0.02407  -0.1614   0.2291   0.6821  45.2822 140.5377
  14.000   1.9249   0.06439   0.02925  -0.1575   0.2208   1.0000  45.7784 160.0000
  15.000   1.9465   0.07300   0.03417  -0.1548   0.2141   1.0000  46.1810 160.0000
