  
       XFOIL         Version 6.99
  
 Calculated polar for: GOE 256 (JUNKERS E) AIRFOIL                     
  
 1 1 Reynolds number fixed          Mach number fixed         
  
 xtrf =   1.000 (top)        1.000 (bottom)  
 Mach =   0.000     Re =     1.000 e 6     Ncrit =   9.000  9.000
  
   alpha    CL        CD       CDp       CM     Top_Xtr  Bot_Xtr  Top_Itr  Bot_Itr
  ------ -------- --------- --------- -------- -------- -------- -------- --------
  -6.000  -0.1578   0.01103   0.00296  -0.0993   0.7440   0.0450  17.2098 102.6707
  -5.000  -0.0491   0.01031   0.00239  -0.0987   0.7293   0.0497  18.0407 103.4621
  -4.000   0.0613   0.00978   0.00202  -0.0984   0.7153   0.0563  18.8312 104.4459
  -3.000   0.1725   0.00935   0.00173  -0.0983   0.7007   0.0639  19.6540 105.4633
  -2.000   0.2833   0.00897   0.00145  -0.0980   0.6843   0.0727  20.5825 106.4655
  -1.000   0.3934   0.00865   0.00115  -0.0977   0.6641   0.0836  21.7376 107.5309
   0.000   0.5018   0.00842   0.00089  -0.0970   0.6340   0.1006  23.5032 108.9601
   2.000   0.6620   0.00720   0.00122  -0.0840   0.5029   0.9547  31.3350 156.2951
   3.000   0.8099   0.00834   0.00184  -0.0920   0.4538   0.9830  34.1513 158.3846
   4.000   1.0262   0.00926   0.00238  -0.1156   0.4116   0.9998  36.5691 159.9769
   5.000   1.1074   0.00991   0.00245  -0.1102   0.3860   1.0000  38.0551 160.0000
   6.000   1.1764   0.01050   0.00246  -0.1022   0.3670   1.0000  39.1600 160.0000
   7.000   1.2049   0.01105   0.00222  -0.0859   0.3509   1.0000  40.1112 160.0000
   8.000   1.2494   0.01184   0.00208  -0.0736   0.3351   1.0000  41.0466 160.0000
   9.000   1.3274   0.01299   0.00226  -0.0690   0.3168   1.0000  42.1487 160.0000
  10.000   1.4036   0.01458   0.00261  -0.0650   0.2905   1.0000  43.7684 160.0000
  11.000   1.4643   0.01721   0.00339  -0.0595   0.2415   1.0000  46.9540 160.0000
  12.000   1.4823   0.02270   0.00583  -0.0500   0.1565   1.0000  52.8874 160.0000
  13.000   1.5238   0.02728   0.00797  -0.0446   0.1312   1.0000  54.7016 160.0000
  14.000   1.5630   0.03247   0.01052  -0.0401   0.1133   1.0000  56.0714 160.0000
  15.000   1.5925   0.03887   0.01390  -0.0361   0.0945   1.0000  57.6752 160.0000
