  
       XFOIL         Version 6.99
  
 Calculated polar for: GOE 289 (MVA 289) AIRFOIL                       
  
 1 1 Reynolds number fixed          Mach number fixed         
  
 xtrf =   1.000 (top)        1.000 (bottom)  
 Mach =   0.000     Re =     1.000 e 6     Ncrit =   9.000  9.000
  
   alpha    CL        CD       CDp       CM     Top_Xtr  Bot_Xtr  Top_Itr  Bot_Itr
  ------ -------- --------- --------- -------- -------- -------- -------- --------
  -6.000   0.0077   0.01158   0.00297  -0.1359   0.6623   0.0314  22.1776  99.4034
  -5.000   0.1034   0.01069   0.00209  -0.1326   0.6308   0.0327  23.9768  99.6886
  -4.000   0.2019   0.01009   0.00143  -0.1297   0.5982   0.0342  25.8841  99.9993
  -3.000   0.2994   0.00955   0.00088  -0.1267   0.5666   0.0382  27.7417 100.7745
  -2.000   0.3957   0.00904   0.00051  -0.1234   0.5390   0.0939  29.3610 107.7758
  -1.000   0.4934   0.00896   0.00040  -0.1205   0.5140   0.1434  30.8150 111.2295
   0.000   0.5876   0.00876   0.00026  -0.1170   0.4924   0.2403  32.0740 116.7971
   1.000   0.6787   0.00868   0.00021  -0.1128   0.4714   0.3738  33.3038 124.3218
   2.000   0.7650   0.00882   0.00005  -0.1077   0.4503   0.4385  34.5484 127.9606
   6.000   1.1981   0.01055   0.00085  -0.1091   0.3648   1.0000  39.7420 160.0000
   7.000   1.2784   0.01148   0.00092  -0.1042   0.3500   1.0000  40.6513 160.0000
   8.000   1.3575   0.01259   0.00106  -0.0997   0.3361   1.0000  41.5076 160.0000
   9.000   1.4324   0.01398   0.00126  -0.0950   0.3199   1.0000  42.5176 160.0000
  10.000   1.5047   0.01564   0.00159  -0.0905   0.3054   1.0000  43.4249 160.0000
  11.000   1.5716   0.01773   0.00209  -0.0860   0.2892   1.0000  44.4615 160.0000
  12.000   1.6259   0.02073   0.00300  -0.0807   0.2668   1.0000  45.9323 160.0000
  13.000   1.6426   0.02663   0.00552  -0.0730   0.2106   1.0000  49.9002 160.0000
  14.000   1.5316   0.04462   0.01703  -0.0606   0.0905   1.0000  59.5670 160.0000
  15.000   1.4484   0.06417   0.03162  -0.0563   0.0311   1.0000  67.2227 160.0000
