  
       XFOIL         Version 6.99
  
 Calculated polar for: GOE 298 AIRFOIL                                 
  
 1 1 Reynolds number fixed          Mach number fixed         
  
 xtrf =   1.000 (top)        1.000 (bottom)  
 Mach =   0.000     Re =     0.500 e 6     Ncrit =   9.000  9.000
  
   alpha    CL        CD       CDp       CM     Top_Xtr  Bot_Xtr  Top_Itr  Bot_Itr
  ------ -------- --------- --------- -------- -------- -------- -------- --------
  -6.000  -0.2382   0.01526   0.00665  -0.0910   0.7794   0.0750  14.6930 108.9888
  -5.000  -0.1231   0.01478   0.00632  -0.0905   0.7403   0.0807  16.6958 109.7798
  -4.000  -0.0070   0.01420   0.00576  -0.0904   0.7039   0.0869  18.5185 110.5647
  -3.000   0.1097   0.01343   0.00494  -0.0903   0.6669   0.0939  20.3940 111.3894
  -2.000   0.2269   0.01262   0.00403  -0.0904   0.6284   0.1018  22.4258 112.2232
  -1.000   0.3443   0.01228   0.00336  -0.0904   0.5957   0.1096  24.1893 112.9586
   0.000   0.4611   0.01153   0.00275  -0.0905   0.5675   0.1183  25.6972 113.6946
   1.000   0.5776   0.01111   0.00229  -0.0906   0.5402   0.1266  27.1120 114.3461
   2.000   0.6933   0.01107   0.00200  -0.0904   0.5023   0.1350  29.0058 114.9662
   3.000   0.8072   0.01115   0.00176  -0.0902   0.4027   0.1481  34.4713 115.8614
   4.000   0.9144   0.01214   0.00229  -0.0895   0.3164   0.2521  39.3622 121.6287
   5.000   1.0144   0.01150   0.00285  -0.0868   0.2929   1.0000  40.5654 160.0000
   6.000   1.1230   0.01248   0.00331  -0.0859   0.2702   1.0000  41.7405 160.0000
   7.000   1.2294   0.01347   0.00372  -0.0848   0.2442   1.0000  43.1514 160.0000
   8.000   1.3300   0.01477   0.00419  -0.0831   0.1989   1.0000  45.9359 160.0000
   9.000   1.4162   0.01694   0.00522  -0.0795   0.1530   1.0000  49.1946 160.0000
  10.000   1.4928   0.01919   0.00642  -0.0745   0.1356   1.0000  50.5527 160.0000
  11.000   1.5498   0.02199   0.00796  -0.0672   0.1269   1.0000  51.2634 160.0000
  12.000   1.5982   0.02610   0.01037  -0.0614   0.1187   1.0000  51.9503 160.0000
  13.000   1.6517   0.03037   0.01295  -0.0574   0.1129   1.0000  52.4658 160.0000
  14.000   1.6854   0.03674   0.01690  -0.0536   0.1065   1.0000  53.0455 160.0000
  15.000   1.7244   0.04306   0.02086  -0.0513   0.1000   1.0000  53.6776 160.0000
