  
       XFOIL         Version 6.99
  
 Calculated polar for: GOE 228 (MVA H.38) AIRFOIL                      
  
 1 1 Reynolds number fixed          Mach number fixed         
  
 xtrf =   1.000 (top)        1.000 (bottom)  
 Mach =   0.000     Re =     1.000 e 6     Ncrit =   9.000  9.000
  
   alpha    CL        CD       CDp       CM     Top_Xtr  Bot_Xtr  Top_Itr  Bot_Itr
  ------ -------- --------- --------- -------- -------- -------- -------- --------
  -6.000   0.2223   0.00966   0.00192  -0.1880   0.7131   0.0442  19.0180 100.8884
  -5.000   0.3408   0.00910   0.00142  -0.1896   0.6657   0.0657  21.8221 103.8627
  -4.000   0.4562   0.00896   0.00115  -0.1906   0.6099   0.0935  25.0854 106.4696
  -3.000   0.5723   0.00852   0.00097  -0.1923   0.5604   0.2355  27.9092 115.7089
  -1.000   0.7988   0.00916   0.00126  -0.1932   0.4905   0.3264  31.8624 120.8413
   0.000   0.9108   0.00954   0.00138  -0.1935   0.4644   0.3511  33.3561 122.1489
   1.000   1.0201   0.00999   0.00152  -0.1935   0.4391   0.3810  34.8202 123.7357
   2.000   1.1275   0.01045   0.00167  -0.1932   0.4172   0.4185  36.1054 125.7394
   3.000   1.2329   0.01090   0.00189  -0.1927   0.3990   0.5060  37.1813 130.4512
   4.000   1.3329   0.01156   0.00214  -0.1912   0.3825   0.5821  38.1560 134.6359
   5.000   1.4214   0.01238   0.00235  -0.1875   0.3675   0.6213  39.0491 136.8391
   6.000   1.5120   0.01333   0.00263  -0.1847   0.3544   0.6531  39.8232 138.6561
   7.000   1.6000   0.01441   0.00295  -0.1817   0.3418   0.6908  40.5736 140.8207
   8.000   1.6797   0.01536   0.00341  -0.1776   0.3299   1.0000  41.2888 160.0000
   9.000   1.7565   0.01720   0.00390  -0.1737   0.3148   1.0000  42.2092 160.0000
  10.000   1.8275   0.01946   0.00455  -0.1694   0.2967   1.0000  43.3375 160.0000
  11.000   1.8824   0.02287   0.00574  -0.1637   0.2657   1.0000  45.3960 160.0000
  12.000   1.8492   0.03308   0.01116  -0.1499   0.1680   1.0000  52.6722 160.0000
  13.000   1.8646   0.04085   0.01554  -0.1434   0.1524   1.0000  53.7131 160.0000
  14.000   1.8867   0.04872   0.02000  -0.1388   0.1426   1.0000  54.3678 160.0000
  15.000   1.8857   0.05963   0.02675  -0.1345   0.1258   1.0000  55.5537 160.0000
