  
       XFOIL         Version 6.99
  
 Calculated polar for: GOE 269 AIRFOIL                                 
  
 1 1 Reynolds number fixed          Mach number fixed         
  
 xtrf =   1.000 (top)        1.000 (bottom)  
 Mach =   0.000     Re =     0.500 e 6     Ncrit =   9.000  9.000
  
   alpha    CL        CD       CDp       CM     Top_Xtr  Bot_Xtr  Top_Itr  Bot_Itr
  ------ -------- --------- --------- -------- -------- -------- -------- --------
  -6.000  -0.1964   0.06538   0.05766  -0.0576   0.9829   0.0322   2.9947  93.9981
  -4.000   0.0220   0.03835   0.03382  -0.0839   0.8678   0.0426  11.1085  95.2814
  -3.000   0.1514   0.02727   0.02123  -0.0929   0.8054   0.0502  15.2960  96.1221
  -2.000   0.2702   0.02274   0.01396  -0.0947   0.7462   0.0587  19.1617  96.9851
  -1.000   0.3950   0.01195   0.00412  -0.0981   0.7054   0.0484  21.7954  95.9308
   0.000   0.5092   0.01047   0.00261  -0.0981   0.6683   0.0557  24.1762  96.6740
   1.000   0.6228   0.00991   0.00197  -0.0980   0.6294   0.0732  26.6715  98.2968
   2.000   0.7351   0.00972   0.00157  -0.0979   0.5753   0.0934  30.1541  99.8761
   3.000   0.8460   0.00987   0.00130  -0.0975   0.4815   0.1089  36.3502 100.9126
   4.000   0.9498   0.00897   0.00159  -0.0963   0.4182   1.0000  40.5124 160.0000
   5.000   1.0587   0.00984   0.00190  -0.0957   0.3756   1.0000  43.2695 160.0000
   6.000   1.1660   0.01075   0.00222  -0.0951   0.3223   1.0000  46.7478 160.0000
   7.000   1.2657   0.01258   0.00286  -0.0937   0.2020   1.0000  54.9096 160.0000
   8.000   1.3597   0.01494   0.00407  -0.0917   0.1282   1.0000  60.0705 160.0000
   9.000   1.4513   0.01713   0.00506  -0.0892   0.0712   1.0000  64.3668 160.0000
  10.000   1.5151   0.02189   0.00774  -0.0830   0.0171   1.0000  70.7768 160.0000
  11.000   1.5629   0.02647   0.01060  -0.0744   0.0140   1.0000  71.4690 160.0000
  12.000   1.5599   0.03409   0.01592  -0.0629   0.0121   1.0000  71.9208 160.0000
  13.000   1.5539   0.04503   0.02417  -0.0581   0.0112   1.0000  72.1589 160.0000
  14.000   1.5429   0.05843   0.03488  -0.0572   0.0105   1.0000  72.3787 160.0000
  15.000   1.5195   0.07452   0.04835  -0.0586   0.0100   1.0000  72.5459 160.0000
