  
       XFOIL         Version 6.99
  
 Calculated polar for: GOE 242 (MVA PR.2) AIRFOIL                      
  
 1 1 Reynolds number fixed          Mach number fixed         
  
 xtrf =   1.000 (top)        1.000 (bottom)  
 Mach =   0.000     Re =     0.500 e 6     Ncrit =   9.000  9.000
  
   alpha    CL        CD       CDp       CM     Top_Xtr  Bot_Xtr  Top_Itr  Bot_Itr
  ------ -------- --------- --------- -------- -------- -------- -------- --------
  -6.000   0.2644   0.01752   0.00752  -0.1983   0.6395   0.0360  24.6276  96.3292
  -5.000   0.3919   0.01516   0.00505  -0.2025   0.6165   0.0402  26.0235  96.8832
  -4.000   0.5229   0.01318   0.00366  -0.2075   0.5995   0.0435  27.0432  97.2719
  -3.000   0.6565   0.01223   0.00289  -0.2130   0.5866   0.0479  27.8146  97.7641
  -2.000   0.7847   0.01186   0.00253  -0.2170   0.5758   0.0593  28.4528  98.8902
  -1.000   0.9148   0.01141   0.00286  -0.2221   0.5657   0.4368  29.0523 123.0102
   0.000   1.0286   0.01204   0.00326  -0.2223   0.5498   0.4676  30.0038 124.8625
   1.000   1.1426   0.01245   0.00351  -0.2229   0.5377   0.4867  30.7275 126.0034
   2.000   1.2563   0.01283   0.00371  -0.2237   0.5266   0.4977  31.3928 126.6616
   3.000   1.3690   0.01327   0.00378  -0.2244   0.5153   0.5085  32.0771 127.3130
   4.000   1.4792   0.01366   0.00378  -0.2247   0.5025   0.5198  32.8551 127.9932
   5.000   1.5858   0.01404   0.00379  -0.2245   0.4863   0.5302  33.8591 128.6222
   6.000   1.6865   0.01448   0.00366  -0.2233   0.4590   0.5414  35.5774 129.3007
   7.000   1.7662   0.01579   0.00366  -0.2185   0.3870   0.5536  40.3069 130.0415
   8.000   1.7908   0.01955   0.00519  -0.2049   0.3039   0.5652  45.7098 130.7547
   9.000   1.8238   0.02396   0.00739  -0.1952   0.2575   0.5775  48.6358 131.5147
  10.000   1.8447   0.03020   0.01079  -0.1863   0.2133   0.5919  51.4976 132.4075
  11.000   1.7937   0.04414   0.01986  -0.1744   0.1144   0.6032  59.0241 133.1153
  13.000   1.6929   0.07957   0.04654  -0.1630   0.0161   0.6289  70.8301 134.7313
  14.000   1.6773   0.09473   0.05888  -0.1613   0.0138   0.6495  71.5053 136.0355
  15.000   1.6415   0.11357   0.07645  -0.1616   0.0125   0.6739  71.9212 137.5872
