  
       XFOIL         Version 6.99
  
 Calculated polar for: GOE 281 (DAIMLER XII) AIRFOIL                   
  
 1 1 Reynolds number fixed          Mach number fixed         
  
 xtrf =   1.000 (top)        1.000 (bottom)  
 Mach =   0.000     Re =     1.000 e 6     Ncrit =   9.000  9.000
  
   alpha    CL        CD       CDp       CM     Top_Xtr  Bot_Xtr  Top_Itr  Bot_Itr
  ------ -------- --------- --------- -------- -------- -------- -------- --------
  -2.000   0.2640   0.01323   0.00688  -0.0926   0.7146   0.0290  22.1270  92.2605
  -1.000   0.3767   0.01173   0.00441  -0.0929   0.6606   0.0343  25.8067  92.8818
   0.000   0.4895   0.00964   0.00262  -0.0933   0.6191   0.0419  28.6049  93.5933
   1.000   0.5929   0.00294   0.00012  -0.0911   0.5591   0.0413  32.6387  93.5387
   2.000   0.7009   0.00297  -0.00046  -0.0908   0.4507   0.0364  40.0983  93.0998
   3.000   0.8094   0.00304  -0.00070  -0.0907   0.3997   0.0350  43.5198  92.9636
   4.000   0.9136   0.00246  -0.00047  -0.0904   0.3405   1.0000  47.5250 160.0000
   5.000   1.0120   0.00312  -0.00038  -0.0891   0.2126   1.0000  56.3154 160.0000
   6.000   1.0941   0.00485   0.00048  -0.0854   0.0191   1.0000  72.2867 160.0000
   7.000   1.1870   0.00593   0.00084  -0.0828   0.0106   1.0000  73.5378 160.0000
   8.000   1.2638   0.00812   0.00181  -0.0777   0.0079   1.0000  74.2049 160.0000
   9.000   1.3316   0.01050   0.00289  -0.0717   0.0062   1.0000  74.8013 160.0000
  10.000   1.3266   0.01600   0.00559  -0.0554   0.0056   1.0000  75.0424 160.0000
  11.000   1.3356   0.02239   0.00879  -0.0452   0.0051   1.0000  75.2591 160.0000
  12.000   1.3325   0.03338   0.01389  -0.0367   0.0048   1.0000  75.4187 160.0000
  13.000   1.3193   0.04717   0.02059  -0.0309   0.0045   1.0000  75.5955 160.0000
  14.000   1.2742   0.06731   0.03117  -0.0267   0.0049   1.0000  75.3955 160.0000
