  
       XFOIL         Version 6.99
  
 Calculated polar for: GOE 229 (MVA H.39) AIRFOIL                      
  
 1 1 Reynolds number fixed          Mach number fixed         
  
 xtrf =   1.000 (top)        1.000 (bottom)  
 Mach =   0.000     Re =     0.500 e 6     Ncrit =   9.000  9.000
  
   alpha    CL        CD       CDp       CM     Top_Xtr  Bot_Xtr  Top_Itr  Bot_Itr
  ------ -------- --------- --------- -------- -------- -------- -------- --------
  -6.000   0.0846   0.01368   0.00400  -0.1575   0.7179   0.0438  18.8629 101.8583
  -5.000   0.1982   0.01205   0.00267  -0.1596   0.6821   0.0506  20.9478 102.4752
  -4.000   0.3108   0.01101   0.00181  -0.1609   0.6345   0.1069  23.7405 106.7281
  -2.000   0.5212   0.01108   0.00198  -0.1605   0.4906   0.4097  32.1490 124.8997
  -1.000   0.5860   0.01427   0.00327  -0.1533   0.1953   0.4283  49.8062 125.9540
   0.000   0.6722   0.01587   0.00415  -0.1496   0.0997   0.4466  57.1107 126.9868
   1.000   0.7609   0.01669   0.00468  -0.1463   0.0895   0.4614  58.0704 127.8176
   2.000   0.8504   0.01767   0.00530  -0.1436   0.0800   0.4733  59.3645 128.4909
   3.000   0.9312   0.01930   0.00626  -0.1400   0.0583   0.4862  65.1403 129.2201
   4.000   1.0080   0.02126   0.00748  -0.1363   0.0570   0.4998  65.5317 129.9875
   5.000   1.0777   0.02378   0.00912  -0.1323   0.0563   0.5163  65.7411 130.9165
   6.000   1.1412   0.02697   0.01122  -0.1283   0.0561   0.5348  65.8131 131.9522
   7.000   1.1955   0.03113   0.01403  -0.1242   0.0558   0.5582  65.8829 133.2480
   8.000   1.2364   0.03678   0.01801  -0.1198   0.0533   0.5905  66.5746 135.0283
   9.000   1.2565   0.04494   0.02399  -0.1152   0.0510   0.6350  67.1943 137.5239
  10.000   1.2721   0.05439   0.03117  -0.1118   0.0471   0.6959  68.1412 141.1179
  11.000   1.3120   0.06088   0.03603  -0.1097   0.0409   1.0000  69.6344 160.0000
  12.000   1.3904   0.06396   0.03660  -0.1097   0.0290   1.0000  72.6396 160.0000
  13.000   1.4121   0.07365   0.04316  -0.1084   0.0139   1.0000  77.6817 160.0000
  14.000   1.4193   0.08545   0.05203  -0.1074   0.0125   1.0000  78.2141 160.0000
  15.000   1.4140   0.09927   0.06353  -0.1074   0.0116   1.0000  78.5879 160.0000
