  
       XFOIL         Version 6.99
  
 Calculated polar for: GOE 278 (DAIMLER IX) AIRFOIL                    
  
 1 1 Reynolds number fixed          Mach number fixed         
  
 xtrf =   1.000 (top)        1.000 (bottom)  
 Mach =   0.000     Re =     1.000 e 6     Ncrit =   9.000  9.000
  
   alpha    CL        CD       CDp       CM     Top_Xtr  Bot_Xtr  Top_Itr  Bot_Itr
  ------ -------- --------- --------- -------- -------- -------- -------- --------
   1.000   0.5752   0.00855   0.00123  -0.0870   0.5069   0.0354  35.2763  94.6466
   2.000   0.6796   0.00888   0.00088  -0.0857   0.3761   0.0372  43.9696  94.8526
   3.000   0.7875   0.00920   0.00088  -0.0852   0.3290   0.0413  47.0268  95.2472
   4.000   0.8927   0.00790   0.00122  -0.0846   0.2976   1.0000  49.0708 160.0000
   5.000   0.9970   0.00881   0.00146  -0.0836   0.2225   1.0000  54.2994 160.0000
   6.000   1.0851   0.01172   0.00287  -0.0804   0.0414   1.0000  68.1500 160.0000
   7.000   1.1849   0.01301   0.00364  -0.0787   0.0374   1.0000  68.5225 160.0000
   8.000   1.2781   0.01485   0.00481  -0.0762   0.0319   1.0000  69.0551 160.0000
   9.000   1.3717   0.01627   0.00570  -0.0740   0.0274   1.0000  69.5928 160.0000
  10.000   1.4601   0.01790   0.00656  -0.0712   0.0214   1.0000  70.3933 160.0000
  11.000   1.5431   0.01964   0.00719  -0.0678   0.0132   1.0000  71.9638 160.0000
  12.000   1.5952   0.02282   0.00901  -0.0596   0.0094   1.0000  73.0725 160.0000
  13.000   1.6287   0.02699   0.01166  -0.0506   0.0078   1.0000  73.7063 160.0000
  14.000   1.6293   0.03488   0.01719  -0.0421   0.0067   1.0000  74.1268 160.0000
  15.000   1.6235   0.04572   0.02544  -0.0389   0.0061   1.0000  74.4300 160.0000
