  
       XFOIL         Version 6.99
  
 Calculated polar for: GOE 238 (HANSA-BRANDENBURG) AIRFOIL             
  
 1 1 Reynolds number fixed          Mach number fixed         
  
 xtrf =   1.000 (top)        1.000 (bottom)  
 Mach =   0.000     Re =     1.000 e 6     Ncrit =   9.000  9.000
  
   alpha    CL        CD       CDp       CM     Top_Xtr  Bot_Xtr  Top_Itr  Bot_Itr
  ------ -------- --------- --------- -------- -------- -------- -------- --------
  -6.000  -0.1110   0.05494   0.04732  -0.0697   0.5892   0.0247  27.1520  94.9993
  -5.000  -0.0465   0.04507   0.04024  -0.0723   0.5693   0.0257  28.3526  95.2283
  -4.000   0.0511   0.03336   0.02540  -0.0763   0.5505   0.0290  29.4924  95.9943
  -3.000   0.1388   0.02540   0.01956  -0.0762   0.5317   0.0304  30.6401  96.2742
  -2.000   0.2395   0.01780   0.01082  -0.0740   0.5137   0.0348  31.7384  97.1291
   0.000   0.4521   0.01057   0.00273  -0.0705   0.4804   0.0334  33.7925  96.8717
   1.000   0.5596   0.00923   0.00148  -0.0691   0.4656   0.0353  34.7041  97.2091
   2.000   0.6684   0.00889   0.00109  -0.0682   0.4538   0.0395  35.4296  97.9162
   3.000   0.7769   0.00868   0.00086  -0.0672   0.4398   0.0482  36.2923  99.1600
   4.000   0.8840   0.00843   0.00088  -0.0663   0.4239   0.2692  37.2823 115.2420
