  
       XFOIL         Version 6.99
  
 Calculated polar for: GOE 243 (MVA PR.3) AIRFOIL                      
  
 1 1 Reynolds number fixed          Mach number fixed         
  
 xtrf =   1.000 (top)        1.000 (bottom)  
 Mach =   0.000     Re =     1.000 e 6     Ncrit =   9.000  9.000
  
   alpha    CL        CD       CDp       CM     Top_Xtr  Bot_Xtr  Top_Itr  Bot_Itr
  ------ -------- --------- --------- -------- -------- -------- -------- --------
  -6.000   0.3649   0.01346   0.00492  -0.2173   0.6795   0.0319  18.6736  98.4497
  -5.000   0.4986   0.01212   0.00385  -0.2229   0.6566   0.0331  19.7991  98.7505
  -4.000   0.6340   0.01096   0.00289  -0.2287   0.6297   0.0347  21.1260  99.1447
  -3.000   0.7636   0.01030   0.00228  -0.2327   0.6001   0.0379  22.5968  99.8616
  -2.000   0.8880   0.01001   0.00186  -0.2353   0.5643   0.0428  24.3912 100.9422
  -1.000   1.0145   0.00936   0.00148  -0.2391   0.5222   0.2446  26.5239 119.2283
   0.000   1.1255   0.00996   0.00173  -0.2389   0.4741   0.3171  28.9878 122.9917
   2.000   1.3394   0.01138   0.00228  -0.2370   0.4073   0.3767  32.4077 125.7059
   3.000   1.4412   0.01216   0.00252  -0.2352   0.3841   0.3994  33.6000 126.7054
   4.000   1.5344   0.01310   0.00280  -0.2320   0.3610   0.4265  34.8073 127.8853
   5.000   1.6151   0.01429   0.00318  -0.2268   0.3379   0.4603  36.0336 129.3661
   6.000   1.6931   0.01593   0.00377  -0.2217   0.3098   0.4951  37.5893 130.9195
   7.000   1.7513   0.01875   0.00491  -0.2142   0.2650   0.5222  40.2401 132.1813
   8.000   1.7633   0.02486   0.00800  -0.2019   0.1838   0.5413  45.7009 133.1003
   9.000   1.8059   0.02965   0.01051  -0.1949   0.1692   0.5579  46.7174 133.9255
  10.000   1.8511   0.03464   0.01317  -0.1892   0.1638   0.5733  47.0954 134.7091
  11.000   1.8940   0.04022   0.01618  -0.1841   0.1612   0.5859  47.2845 135.3633
  12.000   1.9265   0.04706   0.02001  -0.1791   0.1587   0.5977  47.4639 135.9780
  13.000   1.9483   0.05534   0.02493  -0.1743   0.1562   0.6095  47.6368 136.6076
  14.000   1.9580   0.06529   0.03111  -0.1699   0.1538   0.6194  47.8114 137.1308
  15.000   1.9583   0.07650   0.03842  -0.1659   0.1511   0.6293  48.0028 137.6592
