  
       XFOIL         Version 6.99
  
 Calculated polar for: GOE 257 AIRFOIL                                 
  
 1 1 Reynolds number fixed          Mach number fixed         
  
 xtrf =   1.000 (top)        1.000 (bottom)  
 Mach =   0.000     Re =     0.500 e 6     Ncrit =   9.000  9.000
  
   alpha    CL        CD       CDp       CM     Top_Xtr  Bot_Xtr  Top_Itr  Bot_Itr
  ------ -------- --------- --------- -------- -------- -------- -------- --------
   0.000   0.4062   0.01134   0.00297  -0.0748   0.6407   0.0464  26.9991  94.1420
   1.000   0.5218   0.01051   0.00213  -0.0757   0.6052   0.0437  29.3894  93.9139
   2.000   0.6369   0.01023   0.00169  -0.0765   0.5595   0.0485  32.4908  94.3046
   3.000   0.7452   0.00844   0.00160  -0.0766   0.4942   1.0000  36.9883 160.0000
   4.000   0.8573   0.00915   0.00174  -0.0773   0.4445   1.0000  40.3788 160.0000
   5.000   0.9675   0.01007   0.00196  -0.0779   0.3754   1.0000  45.0365 160.0000
   6.000   1.0695   0.01229   0.00272  -0.0778   0.2052   1.0000  56.8479 160.0000
   7.000   1.1598   0.01601   0.00433  -0.0759   0.0198   1.0000  72.1293 160.0000
   8.000   1.2431   0.01984   0.00626  -0.0720   0.0132   1.0000  73.0214 160.0000
   9.000   1.3072   0.02432   0.00886  -0.0654   0.0117   1.0000  73.3487 160.0000
  10.000   1.3413   0.02980   0.01229  -0.0549   0.0101   1.0000  73.7002 160.0000
  11.000   1.3652   0.03745   0.01707  -0.0451   0.0095   1.0000  73.8198 160.0000
