  
       XFOIL         Version 6.99
  
 Calculated polar for: GOE 285 AIRFOIL                                 
  
 1 1 Reynolds number fixed          Mach number fixed         
  
 xtrf =   1.000 (top)        1.000 (bottom)  
 Mach =   0.000     Re =     0.500 e 6     Ncrit =   9.000  9.000
  
   alpha    CL        CD       CDp       CM     Top_Xtr  Bot_Xtr  Top_Itr  Bot_Itr
  ------ -------- --------- --------- -------- -------- -------- -------- --------
  -6.000  -0.2697   0.01549   0.00668  -0.0796   0.9373   0.0386   6.2976 100.0399
  -5.000  -0.1603   0.01258   0.00419  -0.0786   0.8901   0.0404   9.2278 100.3587
  -4.000  -0.0543   0.01122   0.00281  -0.0765   0.8351   0.0435  12.4562 100.8945
  -3.000   0.0524   0.01017   0.00189  -0.0747   0.7834   0.0488  15.4243 101.7381
  -2.000   0.1609   0.00956   0.00147  -0.0732   0.7259   0.0834  18.7884 105.6801
  -1.000   0.2695   0.00941   0.00125  -0.0719   0.6620   0.1186  22.5859 108.3480
   0.000   0.3780   0.00917   0.00109  -0.0709   0.6084   0.1973  25.6911 113.1840
   1.000   0.5087   0.00746   0.00135  -0.0746   0.5422   0.9926  29.5497 159.1357
   2.000   0.6258   0.00811   0.00135  -0.0757   0.4608   1.0000  34.4734 160.0000
   3.000   0.7227   0.00883   0.00152  -0.0726   0.4077   1.0000  37.6004 160.0000
   4.000   0.8192   0.00964   0.00173  -0.0694   0.3474   1.0000  41.1668 160.0000
   5.000   0.9157   0.01064   0.00204  -0.0666   0.2897   1.0000  44.7719 160.0000
   6.000   1.0145   0.01159   0.00246  -0.0643   0.2650   1.0000  46.3444 160.0000
   7.000   1.1132   0.01256   0.00290  -0.0621   0.2464   1.0000  47.5267 160.0000
   8.000   1.2100   0.01359   0.00332  -0.0598   0.2262   1.0000  48.7942 160.0000
   9.000   1.3044   0.01468   0.00366  -0.0573   0.1942   1.0000  50.8534 160.0000
  10.000   1.3551   0.01866   0.00554  -0.0488   0.0588   1.0000  62.1941 160.0000
  11.000   1.4024   0.02193   0.00738  -0.0400   0.0431   1.0000  64.3949 160.0000
  12.000   1.4336   0.02672   0.01040  -0.0317   0.0387   1.0000  65.0923 160.0000
  13.000   1.4548   0.03348   0.01510  -0.0263   0.0359   1.0000  65.5939 160.0000
  14.000   1.4351   0.04596   0.02440  -0.0237   0.0336   1.0000  65.9950 160.0000
  15.000   1.4318   0.05830   0.03411  -0.0243   0.0319   1.0000  66.3154 160.0000
