  
       XFOIL         Version 6.99
  
 Calculated polar for: GOE 395 AIRFOIL                                 
  
 1 1 Reynolds number fixed          Mach number fixed         
  
 xtrf =   1.000 (top)        1.000 (bottom)  
 Mach =   0.000     Re =     1.000 e 6     Ncrit =   9.000  9.000
  
   alpha    CL        CD       CDp       CM     Top_Xtr  Bot_Xtr  Top_Itr  Bot_Itr
  ------ -------- --------- --------- -------- -------- -------- -------- --------
  -4.000   0.2453   0.01386   0.00772  -0.1484   0.7305   0.0324  20.4387  92.5075
  -3.000   0.3636   0.01016   0.00364  -0.1506   0.7232   0.0343  20.9233  92.7220
  -2.000   0.4796   0.00859   0.00199  -0.1513   0.7158   0.0358  21.4065  92.8857
  -1.000   0.5948   0.00778   0.00113  -0.1515   0.7076   0.0407  21.9504  93.3657
   0.000   0.7092   0.00743   0.00097  -0.1516   0.6988   0.0700  22.5306  95.9771
   1.000   0.8224   0.00735   0.00095  -0.1515   0.6860   0.0896  23.3733  97.3512
   2.000   0.9354   0.00720   0.00076  -0.1514   0.6685   0.0991  24.5490  97.9961
   3.000   1.0480   0.00702   0.00057  -0.1513   0.6384   0.1252  26.6165  99.8089
   4.000   1.1503   0.00783   0.00108  -0.1502   0.4709   0.5869  38.0302 130.6296
   5.000   1.2502   0.00823   0.00153  -0.1483   0.3882   1.0000  43.4706 160.0000
   6.000   1.3449   0.01025   0.00229  -0.1460   0.2480   1.0000  52.8782 160.0000
   7.000   1.4280   0.01318   0.00367  -0.1422   0.1024   1.0000  63.0162 160.0000
   8.000   1.5038   0.01633   0.00521  -0.1371   0.0164   1.0000  71.4152 160.0000
   9.000   1.5779   0.01896   0.00658  -0.1315   0.0102   1.0000  72.7320 160.0000
  10.000   1.6272   0.02235   0.00847  -0.1225   0.0081   1.0000  73.3806 160.0000
  11.000   1.6619   0.02722   0.01147  -0.1137   0.0068   1.0000  73.8561 160.0000
  12.000   1.6810   0.03429   0.01618  -0.1056   0.0060   1.0000  74.2061 160.0000
  13.000   1.6979   0.04215   0.02172  -0.0993   0.0053   1.0000  74.5303 160.0000
  14.000   1.6995   0.05207   0.02911  -0.0938   0.0048   1.0000  74.7578 160.0000
  15.000   1.6699   0.06687   0.04088  -0.0896   0.0045   1.0000  74.9311 160.0000
