  
       XFOIL         Version 6.99
  
 Calculated polar for: GOE 394 AIRFOIL                                 
  
 1 1 Reynolds number fixed          Mach number fixed         
  
 xtrf =   1.000 (top)        1.000 (bottom)  
 Mach =   0.000     Re =     1.000 e 6     Ncrit =   9.000  9.000
  
   alpha    CL        CD       CDp       CM     Top_Xtr  Bot_Xtr  Top_Itr  Bot_Itr
  ------ -------- --------- --------- -------- -------- -------- -------- --------
  -5.000  -0.0735   0.04964   0.04503  -0.0733   0.7333   0.0239  20.2230  91.3403
  -4.000   0.1034   0.01346   0.00687  -0.1123   0.7256   0.0304  20.7305  92.1317
  -3.000   0.2173   0.01005   0.00346  -0.1130   0.7164   0.0333  21.3359  92.4087
  -2.000   0.3310   0.00860   0.00189  -0.1129   0.7056   0.0345  22.0566  92.5209
  -1.000   0.4449   0.00774   0.00106  -0.1127   0.6943   0.0360  22.8103  92.6691
   0.000   0.5587   0.00726   0.00060  -0.1124   0.6799   0.0419  23.7841  93.2156
   1.000   0.6719   0.00717   0.00068  -0.1121   0.6588   0.0913  25.2227  97.5803
   2.000   0.7827   0.00735   0.00052  -0.1116   0.5598   0.1026  32.0920  98.4866
   3.000   0.8903   0.00817   0.00075  -0.1109   0.4579   0.1121  38.8649  99.2271
   4.000   0.9994   0.00861   0.00090  -0.1105   0.4112   0.1186  41.9250  99.7160
   5.000   1.1076   0.00911   0.00109  -0.1100   0.3668   0.1336  44.8640 100.7937
   6.000   1.2094   0.00904   0.00174  -0.1090   0.2751   1.0000  51.0567 160.0000
   7.000   1.2998   0.01189   0.00306  -0.1065   0.1075   1.0000  62.7947 160.0000
   8.000   1.3877   0.01462   0.00445  -0.1035   0.0217   1.0000  70.5399 160.0000
   9.000   1.4737   0.01711   0.00583  -0.0999   0.0114   1.0000  72.3796 160.0000
  10.000   1.5466   0.02027   0.00769  -0.0948   0.0084   1.0000  73.2015 160.0000
  11.000   1.6012   0.02368   0.00978  -0.0874   0.0070   1.0000  73.7250 160.0000
  12.000   1.6080   0.03082   0.01457  -0.0772   0.0062   1.0000  74.0607 160.0000
  13.000   1.6321   0.03801   0.01982  -0.0723   0.0055   1.0000  74.3803 160.0000
  14.000   1.6344   0.04824   0.02766  -0.0686   0.0050   1.0000  74.6212 160.0000
  15.000   1.6175   0.06172   0.03856  -0.0670   0.0047   1.0000  74.7851 160.0000
