  
       XFOIL         Version 6.99
  
 Calculated polar for: GOE 371 AIRFOIL                                 
  
 1 1 Reynolds number fixed          Mach number fixed         
  
 xtrf =   1.000 (top)        1.000 (bottom)  
 Mach =   0.000     Re =     0.500 e 6     Ncrit =   9.000  9.000
  
   alpha    CL        CD       CDp       CM     Top_Xtr  Bot_Xtr  Top_Itr  Bot_Itr
  ------ -------- --------- --------- -------- -------- -------- -------- --------
  -1.000   0.3936   0.00992   0.00253  -0.1018   0.7855   0.0460  17.4618  93.5951
   0.000   0.4994   0.00876   0.00134  -0.0999   0.7525   0.0453  19.7072  93.5351
   1.000   0.6041   0.00835   0.00073  -0.0978   0.7030   0.0478  23.0753  93.7424
   2.000   0.7178   0.00659   0.00065  -0.0986   0.5985   1.0000  30.2884 160.0000
   3.000   0.8139   0.00764   0.00082  -0.0954   0.5021   1.0000  36.9239 160.0000
   4.000   0.9150   0.00843   0.00109  -0.0933   0.4556   1.0000  40.0559 160.0000
   5.000   1.0157   0.00916   0.00133  -0.0912   0.4054   1.0000  43.4464 160.0000
   6.000   1.1060   0.01068   0.00169  -0.0877   0.2636   1.0000  53.2945 160.0000
   7.000   1.1901   0.01286   0.00260  -0.0835   0.1581   1.0000  60.6705 160.0000
   8.000   1.2545   0.01674   0.00423  -0.0763   0.0178   1.0000  72.5992 160.0000
   9.000   1.3182   0.02014   0.00590  -0.0685   0.0121   1.0000  73.4642 160.0000
  10.000   1.3368   0.02536   0.00883  -0.0548   0.0098   1.0000  73.9180 160.0000
  11.000   1.3499   0.03249   0.01313  -0.0436   0.0090   1.0000  74.1212 160.0000
  12.000   1.3700   0.04016   0.01848  -0.0364   0.0081   1.0000  74.4074 160.0000
  13.000   1.3683   0.05119   0.02697  -0.0315   0.0076   1.0000  74.5675 160.0000
  14.000   1.3301   0.06849   0.04179  -0.0316   0.0077   1.0000  74.5336 160.0000
  15.000   1.2632   0.09454   0.06684  -0.0421   0.0081   1.0000  74.4146 160.0000
