  
       XFOIL         Version 6.99
  
 Calculated polar for: GOE 321 (HANSA-BRANDENBURG III.1) AIRFOIL       
  
 1 1 Reynolds number fixed          Mach number fixed         
  
 xtrf =   1.000 (top)        1.000 (bottom)  
 Mach =   0.000     Re =     0.500 e 6     Ncrit =   9.000  9.000
  
   alpha    CL        CD       CDp       CM     Top_Xtr  Bot_Xtr  Top_Itr  Bot_Itr
  ------ -------- --------- --------- -------- -------- -------- -------- --------
  -6.000  -0.1778   0.05401   0.04690  -0.0601   0.6985   0.0350  20.6063  99.0533
  -5.000  -0.0959   0.04469   0.03905  -0.0639   0.6705   0.0370  22.3249  99.3805
  -4.000   0.0086   0.03279   0.02624  -0.0693   0.6426   0.0423  24.0698 100.2204
  -3.000   0.1179   0.02479   0.01732  -0.0708   0.6166   0.0492  25.7108 101.1637
  -2.000   0.2297   0.01990   0.01189  -0.0713   0.5888   0.0580  27.4554 102.1784
  -1.000   0.3464   0.01416   0.00541  -0.0707   0.5668   0.0455  28.8189 100.6716
   0.000   0.4608   0.01192   0.00297  -0.0704   0.5469   0.0456  30.0228 100.6860
   1.000   0.5749   0.01098   0.00210  -0.0706   0.5284   0.0512  31.1272 101.4010
   2.000   0.6898   0.01055   0.00170  -0.0710   0.5074   0.0760  32.3722 103.8536
   3.000   0.8003   0.00862   0.00172  -0.0710   0.4845   1.0000  33.7316 160.0000
   4.000   0.9130   0.00898   0.00170  -0.0712   0.4507   1.0000  35.8062 160.0000
   5.000   1.0215   0.00978   0.00179  -0.0711   0.3682   1.0000  41.1876 160.0000
   6.000   1.1212   0.01161   0.00258  -0.0701   0.2765   1.0000  46.9509 160.0000
   7.000   1.2179   0.01346   0.00350  -0.0688   0.2154   1.0000  51.0236 160.0000
   8.000   1.3135   0.01506   0.00440  -0.0672   0.1987   1.0000  52.1718 160.0000
   9.000   1.4013   0.01694   0.00543  -0.0646   0.1872   1.0000  52.9510 160.0000
  10.000   1.4861   0.01863   0.00636  -0.0618   0.1790   1.0000  53.4934 160.0000
  11.000   1.5481   0.02109   0.00760  -0.0561   0.1691   1.0000  54.1524 160.0000
  12.000   1.6005   0.02458   0.00942  -0.0513   0.1561   1.0000  55.0044 160.0000
  13.000   1.6647   0.02806   0.01117  -0.0499   0.1352   1.0000  56.4797 160.0000
  14.000   1.6236   0.04230   0.02065  -0.0464   0.0422   1.0000  65.7571 160.0000
  15.000   1.5816   0.05814   0.03248  -0.0453   0.0230   1.0000  69.2855 160.0000
