  
       XFOIL         Version 6.99
  
 Calculated polar for: GOE 365 AIRFOIL                                 
  
 1 1 Reynolds number fixed          Mach number fixed         
  
 xtrf =   1.000 (top)        1.000 (bottom)  
 Mach =   0.000     Re =     0.500 e 6     Ncrit =   9.000  9.000
  
   alpha    CL        CD       CDp       CM     Top_Xtr  Bot_Xtr  Top_Itr  Bot_Itr
  ------ -------- --------- --------- -------- -------- -------- -------- --------
  -6.000   0.0126   0.02576   0.02558  -0.1129   0.7956   0.0314  15.7219  98.0730
  -5.000   0.0797   0.01861   0.01992  -0.1107   0.7735   0.0360  17.1280  98.7205
  -4.000   0.1583   0.01214   0.01303  -0.1078   0.7560   0.0433  18.2290  99.5960
  -3.000   0.2622   0.01962   0.01043  -0.1091   0.7444   0.0566  18.9502 100.9325
  -2.000   0.3584   0.01534   0.00729  -0.1068   0.7264   0.0754  20.0642 102.3998
  -1.000   0.4659   0.01212   0.00332  -0.1033   0.7030   0.0462  21.5062  99.9320
   0.000   0.5643   0.01056   0.00195  -0.0999   0.6728   0.0462  23.3813  99.9256
   1.000   0.6616   0.00973   0.00120  -0.0966   0.6396   0.0501  25.4915 100.3131
   2.000   0.7616   0.00761   0.00101  -0.0944   0.5831   0.9386  29.1949 154.7814
   5.000   1.0549   0.01053   0.00152  -0.0877   0.3692   1.0000  42.9631 160.0000
   6.000   1.1192   0.01185   0.00181  -0.0790   0.2963   1.0000  47.6917 160.0000
   7.000   1.1726   0.01339   0.00216  -0.0686   0.2422   1.0000  51.3319 160.0000
   8.000   1.2336   0.01501   0.00266  -0.0605   0.2154   1.0000  53.1706 160.0000
   9.000   1.2972   0.01676   0.00328  -0.0537   0.1999   1.0000  54.2267 160.0000
  10.000   1.3597   0.01881   0.00402  -0.0478   0.1821   1.0000  55.4282 160.0000
  11.000   1.4182   0.02136   0.00501  -0.0424   0.1630   1.0000  56.7111 160.0000
  12.000   1.4721   0.02454   0.00633  -0.0375   0.1363   1.0000  58.6407 160.0000
  13.000   1.4826   0.03142   0.01009  -0.0307   0.0786   1.0000  63.6877 160.0000
  14.000   1.4528   0.04299   0.01788  -0.0241   0.0222   1.0000  71.0702 160.0000
  15.000   1.4406   0.05472   0.02649  -0.0218   0.0175   1.0000  72.1025 160.0000
