  
       XFOIL         Version 6.99
  
 Calculated polar for: GOE 301 (FRIEDRICHSHAFEN G 13) AIRFOIL          
  
 1 1 Reynolds number fixed          Mach number fixed         
  
 xtrf =   1.000 (top)        1.000 (bottom)  
 Mach =   0.000     Re =     0.500 e 6     Ncrit =   9.000  9.000
  
   alpha    CL        CD       CDp       CM     Top_Xtr  Bot_Xtr  Top_Itr  Bot_Itr
  ------ -------- --------- --------- -------- -------- -------- -------- --------
   0.000   0.7242   0.01173   0.00280  -0.1386   0.5965   0.0513  27.7755  99.9883
   1.000   0.8318   0.01080   0.00188  -0.1376   0.5538   0.0599  30.4119 100.8960
   2.000   0.9380   0.01062   0.00146  -0.1364   0.5036   0.0828  33.5796 102.9201
   3.000   1.0393   0.00942   0.00165  -0.1348   0.4625   1.0000  36.1706 160.0000
   4.000   1.1433   0.01021   0.00184  -0.1334   0.4297   1.0000  38.2124 160.0000
   5.000   1.2453   0.01108   0.00210  -0.1318   0.4011   1.0000  39.9779 160.0000
   6.000   1.3458   0.01191   0.00237  -0.1301   0.3712   1.0000  41.8371 160.0000
   7.000   1.4422   0.01289   0.00268  -0.1278   0.3394   1.0000  43.8705 160.0000
   8.000   1.5329   0.01407   0.00306  -0.1246   0.3036   1.0000  46.2224 160.0000
   9.000   1.6112   0.01573   0.00361  -0.1195   0.2595   1.0000  49.1342 160.0000
  10.000   1.6709   0.01796   0.00446  -0.1115   0.2143   1.0000  52.0733 160.0000
  11.000   1.7204   0.02092   0.00574  -0.1030   0.1671   1.0000  55.3699 160.0000
  12.000   1.7516   0.02543   0.00806  -0.0937   0.1305   1.0000  58.1215 160.0000
  13.000   1.7718   0.03162   0.01163  -0.0859   0.1021   1.0000  60.1727 160.0000
  14.000   1.7181   0.04673   0.02207  -0.0783   0.0312   1.0000  67.7397 160.0000
  15.000   1.6765   0.06334   0.03461  -0.0763   0.0195   1.0000  70.1376 160.0000
