  
       XFOIL         Version 6.99
  
 Calculated polar for: GOE 300 (FRIEDRICHSHAFEN G20) AIRFOIL           
  
 1 1 Reynolds number fixed          Mach number fixed         
  
 xtrf =   1.000 (top)        1.000 (bottom)  
 Mach =   0.000     Re =     0.500 e 6     Ncrit =   9.000  9.000
  
   alpha    CL        CD       CDp       CM     Top_Xtr  Bot_Xtr  Top_Itr  Bot_Itr
  ------ -------- --------- --------- -------- -------- -------- -------- --------
  -6.000  -0.0407   0.06387   0.05993  -0.0748   0.8563   0.0276  12.3615  96.3507
  -4.000   0.1929   0.02615   0.01952  -0.1122   0.7536   0.0326  18.6858  97.1219
  -3.000   0.3018   0.02218   0.01536  -0.1131   0.6966   0.0435  22.1894  98.3793
  -2.000   0.4149   0.01626   0.00842  -0.1138   0.6530   0.0619  24.8422 100.1139
  -1.000   0.5251   0.01477   0.00624  -0.1134   0.6156   0.0716  27.1177 100.9227
   0.000   0.6356   0.01206   0.00368  -0.1131   0.5827   0.0754  29.1206 101.2249
   1.000   0.7453   0.01130   0.00264  -0.1125   0.5513   0.0815  31.0272 101.6818
   2.000   0.8541   0.01089   0.00194  -0.1117   0.5173   0.0853  33.0835 101.9775
   3.000   0.9621   0.01071   0.00169  -0.1110   0.4796   0.0992  35.3780 102.9415
   4.000   1.0680   0.01096   0.00165  -0.1102   0.4287   0.1353  38.5616 105.3321
   5.000   1.1683   0.01039   0.00203  -0.1087   0.3822   1.0000  41.5088 160.0000
   6.000   1.2695   0.01141   0.00240  -0.1073   0.3518   1.0000  43.3925 160.0000
   7.000   1.3677   0.01254   0.00285  -0.1056   0.3250   1.0000  45.0202 160.0000
   8.000   1.4636   0.01366   0.00327  -0.1036   0.2937   1.0000  46.9289 160.0000
   9.000   1.5432   0.01574   0.00395  -0.0995   0.2019   1.0000  53.1364 160.0000
  10.000   1.5985   0.01877   0.00548  -0.0917   0.1615   1.0000  55.8712 160.0000
  11.000   1.6551   0.02151   0.00685  -0.0850   0.1410   1.0000  57.1799 160.0000
  12.000   1.6952   0.02578   0.00889  -0.0782   0.0916   1.0000  60.6950 160.0000
  13.000   1.6507   0.03858   0.01755  -0.0684   0.0218   1.0000  68.2735 160.0000
  14.000   1.6328   0.05147   0.02701  -0.0653   0.0167   1.0000  69.4332 160.0000
  15.000   1.5953   0.06866   0.04064  -0.0655   0.0144   1.0000  70.0856 160.0000
