  
       XFOIL         Version 6.99
  
 Calculated polar for: GOE 329 (PFALZ 58) AIRFOIL                      
  
 1 1 Reynolds number fixed          Mach number fixed         
  
 xtrf =   1.000 (top)        1.000 (bottom)  
 Mach =   0.000     Re =     1.000 e 6     Ncrit =   9.000  9.000
  
   alpha    CL        CD       CDp       CM     Top_Xtr  Bot_Xtr  Top_Itr  Bot_Itr
  ------ -------- --------- --------- -------- -------- -------- -------- --------
   2.000   0.8048   0.00397  -0.00015  -0.1112   0.4066   0.0343  40.0769  96.5808
   3.000   0.9158   0.00387  -0.00060  -0.1117   0.3824   0.0354  41.6112  96.7641
   4.000   1.0243   0.00399  -0.00084  -0.1118   0.3608   0.0432  42.9918  97.8473
   5.000   1.1269   0.00336  -0.00055  -0.1112   0.3430   1.0000  44.1346 160.0000
   6.000   1.2322   0.00364  -0.00073  -0.1110   0.3199   1.0000  45.6295 160.0000
   7.000   1.3344   0.00399  -0.00095  -0.1104   0.2926   1.0000  47.4264 160.0000
   8.000   1.4204   0.00502  -0.00099  -0.1073   0.1995   1.0000  53.9013 160.0000
   9.000   1.4409   0.00903   0.00089  -0.0940   0.0182   1.0000  70.2916 160.0000
  10.000   1.4786   0.01132   0.00155  -0.0838   0.0142   1.0000  71.2285 160.0000
  11.000   1.4986   0.01550   0.00313  -0.0742   0.0120   1.0000  71.8401 160.0000
  12.000   1.6104   0.03072   0.01348  -0.0780   0.0104   1.0000  72.3334 160.0000
  13.000   1.6237   0.03903   0.01929  -0.0730   0.0093   1.0000  72.7096 160.0000
  14.000   1.5868   0.05473   0.03137  -0.0703   0.0086   1.0000  72.9543 160.0000
  15.000   1.5547   0.07238   0.04572  -0.0715   0.0082   1.0000  73.0855 160.0000
