  
       XFOIL         Version 6.99
  
 Calculated polar for: GOE 387 AIRFOIL                                 
  
 1 1 Reynolds number fixed          Mach number fixed         
  
 xtrf =   1.000 (top)        1.000 (bottom)  
 Mach =   0.000     Re =     1.000 e 6     Ncrit =   9.000  9.000
  
   alpha    CL        CD       CDp       CM     Top_Xtr  Bot_Xtr  Top_Itr  Bot_Itr
  ------ -------- --------- --------- -------- -------- -------- -------- --------
  -6.000  -0.0319   0.02392   0.01412  -0.1167   0.6735   0.0340  20.5715 100.9879
  -5.000   0.0460   0.01788   0.00983  -0.1123   0.6496   0.0364  21.8874 101.4905
  -4.000   0.1378   0.01343   0.00473  -0.1072   0.6312   0.0300  22.9060 100.0848
  -3.000   0.2410   0.01184   0.00314  -0.1049   0.6132   0.0298  23.8999 100.0359
  -2.000   0.3406   0.01027   0.00199  -0.1020   0.5942   0.0309  24.9531 100.2904
  -1.000   0.4423   0.00955   0.00130  -0.0994   0.5750   0.0324  26.0348 100.6384
   0.000   0.5450   0.00913   0.00081  -0.0970   0.5499   0.0341  27.4667 101.0127
   1.000   0.6448   0.00891   0.00048  -0.0941   0.5192   0.0388  29.2469 101.9815
   2.000   0.7318   0.00831   0.00036  -0.0891   0.4761   0.3528  31.7997 123.9570
   4.000   1.0429   0.00860   0.00126  -0.1094   0.3879   1.0000  37.0314 160.0000
   5.000   1.1254   0.00926   0.00143  -0.1036   0.3616   1.0000  38.5662 160.0000
   6.000   1.2037   0.00997   0.00157  -0.0972   0.3421   1.0000  39.6982 160.0000
   7.000   1.2706   0.01067   0.00159  -0.0885   0.3260   1.0000  40.6383 160.0000
   8.000   1.3385   0.01159   0.00164  -0.0807   0.3065   1.0000  41.7962 160.0000
   9.000   1.4093   0.01271   0.00177  -0.0743   0.2885   1.0000  42.8992 160.0000
  10.000   1.4774   0.01418   0.00203  -0.0682   0.2631   1.0000  44.5417 160.0000
  11.000   1.5200   0.01720   0.00297  -0.0599   0.2103   1.0000  48.2601 160.0000
  13.000   1.5875   0.02624   0.00708  -0.0466   0.1583   1.0000  51.9406 160.0000
  14.000   1.6263   0.03120   0.00952  -0.0425   0.1465   1.0000  52.7663 160.0000
  15.000   1.6567   0.03728   0.01269  -0.0390   0.1320   1.0000  53.8472 160.0000
