  
       XFOIL         Version 6.99
  
 Calculated polar for: GOE 390 AIRFOIL                                 
  
 1 1 Reynolds number fixed          Mach number fixed         
  
 xtrf =   1.000 (top)        1.000 (bottom)  
 Mach =   0.000     Re =     0.500 e 6     Ncrit =   9.000  9.000
  
   alpha    CL        CD       CDp       CM     Top_Xtr  Bot_Xtr  Top_Itr  Bot_Itr
  ------ -------- --------- --------- -------- -------- -------- -------- --------
  -6.000   0.0842   0.01443   0.00441  -0.1405   0.6638   0.0622  19.2190 109.0219
  -5.000   0.1927   0.01379   0.00385  -0.1397   0.6449   0.0728  20.1515 110.8297
  -4.000   0.3000   0.01299   0.00313  -0.1387   0.6266   0.0844  21.0497 112.5614
  -3.000   0.4072   0.01237   0.00252  -0.1377   0.6071   0.0967  22.0052 114.2106
  -2.000   0.5147   0.01203   0.00223  -0.1367   0.5867   0.1199  23.0030 116.8773
  -1.000   0.6207   0.01190   0.00212  -0.1354   0.5636   0.1682  24.1583 120.9022
   0.000   0.7230   0.01185   0.00190  -0.1335   0.5351   0.2014  25.6232 122.9580
   1.000   0.8199   0.01194   0.00179  -0.1309   0.5037   0.2716  27.2846 126.5590
   2.000   0.9089   0.01178   0.00195  -0.1273   0.4745   0.5863  28.8618 140.1083
   3.000   1.0045   0.01189   0.00231  -0.1244   0.4514   1.0000  30.1040 160.0000
   4.000   1.0890   0.01292   0.00245  -0.1201   0.4322   1.0000  31.1256 160.0000
   5.000   1.1747   0.01416   0.00268  -0.1166   0.4154   1.0000  32.0132 160.0000
   6.000   1.2593   0.01543   0.00298  -0.1132   0.4017   1.0000  32.7395 160.0000
   7.000   1.3409   0.01699   0.00337  -0.1100   0.3882   1.0000  33.4628 160.0000
   8.000   1.4165   0.01893   0.00385  -0.1064   0.3745   1.0000  34.1986 160.0000
   9.000   1.4866   0.02126   0.00444  -0.1026   0.3602   1.0000  34.9853 160.0000
  10.000   1.5493   0.02415   0.00541  -0.0988   0.3463   1.0000  35.7662 160.0000
  11.000   1.6051   0.02775   0.00669  -0.0950   0.3310   1.0000  36.6500 160.0000
  12.000   1.6523   0.03225   0.00845  -0.0911   0.3145   1.0000  37.6344 160.0000
  13.000   1.6898   0.03784   0.01084  -0.0874   0.2971   1.0000  38.6963 160.0000
  14.000   1.7163   0.04471   0.01405  -0.0837   0.2792   1.0000  39.8191 160.0000
  15.000   1.7369   0.05243   0.01787  -0.0805   0.2629   1.0000  40.8689 160.0000
