  
       XFOIL         Version 6.99
  
 Calculated polar for: GOE 301 (FRIEDRICHSHAFEN G 13) AIRFOIL          
  
 1 1 Reynolds number fixed          Mach number fixed         
  
 xtrf =   1.000 (top)        1.000 (bottom)  
 Mach =   0.000     Re =     1.000 e 6     Ncrit =   9.000  9.000
  
   alpha    CL        CD       CDp       CM     Top_Xtr  Bot_Xtr  Top_Itr  Bot_Itr
  ------ -------- --------- --------- -------- -------- -------- -------- --------
  -1.000   0.6194   0.00923   0.00180  -0.1403   0.5851   0.0372  28.4766  98.1191
   0.000   0.7296   0.00886   0.00126  -0.1397   0.5424   0.0416  31.1284  98.7585
   1.000   0.8380   0.00886   0.00094  -0.1389   0.4823   0.0493  34.9233  99.7446
   2.000   0.9464   0.00912   0.00094  -0.1382   0.4414   0.0693  37.4847 101.7774
   3.000   1.0544   0.00940   0.00101  -0.1375   0.4116   0.1090  39.3272 104.7302
   4.000   1.1576   0.00852   0.00143  -0.1365   0.3852   1.0000  40.9643 160.0000
   5.000   1.2637   0.00912   0.00160  -0.1357   0.3593   1.0000  42.5961 160.0000
   6.000   1.3665   0.00988   0.00181  -0.1344   0.3270   1.0000  44.6817 160.0000
   7.000   1.4648   0.01086   0.00212  -0.1325   0.2881   1.0000  47.2486 160.0000
   8.000   1.5560   0.01218   0.00258  -0.1295   0.2438   1.0000  50.1584 160.0000
   9.000   1.6381   0.01384   0.00321  -0.1251   0.1955   1.0000  53.3303 160.0000
  11.000   1.7533   0.01863   0.00523  -0.1086   0.1137   1.0000  59.3210 160.0000
  12.000   1.7976   0.02193   0.00674  -0.1000   0.0836   1.0000  61.7257 160.0000
  13.000   1.7615   0.03208   0.01308  -0.0859   0.0182   1.0000  70.4588 160.0000
  14.000   1.7599   0.04198   0.01967  -0.0804   0.0128   1.0000  72.0092 160.0000
  15.000   1.7558   0.05358   0.02786  -0.0779   0.0110   1.0000  72.6176 160.0000
