  
       XFOIL         Version 6.99
  
 Calculated polar for: GOE 310 (MVA H.42) AIRFOIL                      
  
 1 1 Reynolds number fixed          Mach number fixed         
  
 xtrf =   1.000 (top)        1.000 (bottom)  
 Mach =   0.000     Re =     1.000 e 6     Ncrit =   9.000  9.000
  
   alpha    CL        CD       CDp       CM     Top_Xtr  Bot_Xtr  Top_Itr  Bot_Itr
  ------ -------- --------- --------- -------- -------- -------- -------- --------
  -6.000  -0.1816   0.01607   0.00912  -0.0938   0.9087   0.0176   8.5617  90.6413
  -5.000  -0.0870   0.01379   0.00687  -0.0907   0.8775   0.0218  10.6524  91.4151
  -4.000   0.0091   0.01156   0.00451  -0.0874   0.8356   0.0275  13.5206  92.2859
  -3.000   0.1057   0.00993   0.00265  -0.0838   0.7600   0.0311  18.6134  92.7518
  -2.000   0.2028   0.00904   0.00146  -0.0802   0.6854   0.0327  23.5483  92.9652
  -1.000   0.3012   0.00836   0.00081  -0.0771   0.6300   0.0334  27.1988  93.0484
   0.000   0.4018   0.00802   0.00046  -0.0745   0.5877   0.0342  29.9805  93.1436
   1.000   0.5033   0.00795   0.00024  -0.0721   0.5450   0.0399  32.7924  93.7546
   2.000   0.6001   0.00789   0.00024  -0.0691   0.4857   0.1776  36.7038 104.0481
   3.000   0.6863   0.00900   0.00050  -0.0643   0.3160   0.2274  48.1352 107.4673
   4.000   0.7524   0.01117   0.00145  -0.0562   0.0632   0.3819  66.3528 117.6407
   6.000   1.0542   0.01251   0.00330  -0.0765   0.0472   1.0000  67.9312 160.0000
   7.000   1.1344   0.01341   0.00379  -0.0708   0.0429   1.0000  68.4195 160.0000
   8.000   1.2166   0.01407   0.00373  -0.0656   0.0302   1.0000  70.0376 160.0000
   9.000   1.2692   0.01607   0.00445  -0.0549   0.0112   1.0000  73.1664 160.0000
  10.000   1.3020   0.01849   0.00553  -0.0414   0.0087   1.0000  73.8477 160.0000
  11.000   1.3339   0.02192   0.00739  -0.0304   0.0073   1.0000  74.3376 160.0000
  12.000   1.3609   0.02652   0.01022  -0.0217   0.0063   1.0000  74.7284 160.0000
  13.000   1.3444   0.03609   0.01680  -0.0131   0.0056   1.0000  75.0086 160.0000
  14.000   1.3564   0.04472   0.02323  -0.0100   0.0053   1.0000  75.1722 160.0000
  15.000   1.3528   0.05615   0.03221  -0.0089   0.0049   1.0000  75.3721 160.0000
