  
       XFOIL         Version 6.99
  
 Calculated polar for: GOE 336 (MVA H.44) AIRFOIL                      
  
 1 1 Reynolds number fixed          Mach number fixed         
  
 xtrf =   1.000 (top)        1.000 (bottom)  
 Mach =   0.000     Re =     0.500 e 6     Ncrit =   9.000  9.000
  
   alpha    CL        CD       CDp       CM     Top_Xtr  Bot_Xtr  Top_Itr  Bot_Itr
  ------ -------- --------- --------- -------- -------- -------- -------- --------
  -4.000   0.0192   0.03516   0.02900  -0.0756   0.7043   0.0427  21.7723  95.6428
  -2.000   0.2184   0.01462   0.00634  -0.0723   0.6271   0.0439  26.8103  95.7638
  -1.000   0.3258   0.01152   0.00286  -0.0706   0.5829   0.0432  29.7146  95.6943
   0.000   0.4326   0.01061   0.00176  -0.0692   0.5479   0.0453  32.0192  95.8962
   1.000   0.5394   0.01022   0.00129  -0.0679   0.5167   0.0539  34.0584  96.7018
   2.000   0.6476   0.01023   0.00137  -0.0672   0.4917   0.1253  35.6828 101.8679
   3.000   0.8197   0.00889   0.00180  -0.0815   0.4670   1.0000  37.2868 160.0000
   4.000   0.9211   0.00930   0.00184  -0.0795   0.4429   1.0000  38.8442 160.0000
   5.000   1.0209   0.00976   0.00189  -0.0774   0.4116   1.0000  40.8759 160.0000
   6.000   1.1139   0.01066   0.00196  -0.0742   0.3188   1.0000  47.1846 160.0000
   7.000   1.1780   0.01398   0.00344  -0.0670   0.1297   1.0000  60.1068 160.0000
   8.000   1.2418   0.01668   0.00483  -0.0596   0.0506   1.0000  66.3980 160.0000
   9.000   1.2980   0.01941   0.00605  -0.0511   0.0161   1.0000  72.1095 160.0000
  10.000   1.3289   0.02299   0.00799  -0.0396   0.0133   1.0000  72.8286 160.0000
  11.000   1.3442   0.02928   0.01195  -0.0311   0.0120   1.0000  73.1691 160.0000
  12.000   1.3492   0.03877   0.01872  -0.0273   0.0112   1.0000  73.4114 160.0000
  13.000   1.3406   0.05063   0.02771  -0.0253   0.0103   1.0000  73.6803 160.0000
  14.000   1.3295   0.06274   0.03665  -0.0231   0.0096   1.0000  73.8969 160.0000
  15.000   1.3718   0.06746   0.03693  -0.0152   0.0092   1.0000  74.0213 160.0000
