  
       XFOIL         Version 6.99
  
 Calculated polar for: GOE 316 (HANSA-BRANDENBURG IV.5) AIRFOIL        
  
 1 1 Reynolds number fixed          Mach number fixed         
  
 xtrf =   1.000 (top)        1.000 (bottom)  
 Mach =   0.000     Re =     1.000 e 6     Ncrit =   9.000  9.000
  
   alpha    CL        CD       CDp       CM     Top_Xtr  Bot_Xtr  Top_Itr  Bot_Itr
  ------ -------- --------- --------- -------- -------- -------- -------- --------
   0.000   0.3713   0.01051   0.00246  -0.0558   0.3749   0.0352  43.2020  95.5876
   1.000   0.4847   0.00988   0.00160  -0.0561   0.3386   0.0376  45.5456  95.8920
   2.000   0.5988   0.00953   0.00127  -0.0567   0.3242   0.0413  46.4625  96.3008
   3.000   0.7125   0.00962   0.00126  -0.0571   0.3142   0.0631  47.0948  98.3564
   5.000   0.9333   0.00848   0.00174  -0.0575   0.2923   1.0000  48.4932 160.0000
   6.000   1.0448   0.00900   0.00196  -0.0579   0.2814   1.0000  49.2097 160.0000
   7.000   1.1560   0.00945   0.00206  -0.0584   0.2619   1.0000  50.5251 160.0000
   8.000   1.2590   0.01097   0.00257  -0.0581   0.1649   1.0000  57.6964 160.0000
   9.000   1.3475   0.01422   0.00445  -0.0562   0.0544   1.0000  66.2962 160.0000
  10.000   1.4345   0.01691   0.00596  -0.0540   0.0169   1.0000  71.3090 160.0000
  11.000   1.5115   0.01994   0.00779  -0.0504   0.0111   1.0000  72.7650 160.0000
  12.000   1.5657   0.02356   0.01004  -0.0442   0.0090   1.0000  73.4791 160.0000
  13.000   1.5723   0.03103   0.01520  -0.0376   0.0077   1.0000  73.9297 160.0000
  14.000   1.5655   0.04345   0.02471  -0.0381   0.0072   1.0000  74.1603 160.0000
  15.000   1.5354   0.06044   0.03849  -0.0416   0.0068   1.0000  74.3464 160.0000
