  
       XFOIL         Version 6.99
  
 Calculated polar for: GOE 332 (PFALZ 61) AIRFOIL                      
  
 1 1 Reynolds number fixed          Mach number fixed         
  
 xtrf =   1.000 (top)        1.000 (bottom)  
 Mach =   0.000     Re =     0.500 e 6     Ncrit =   9.000  9.000
  
   alpha    CL        CD       CDp       CM     Top_Xtr  Bot_Xtr  Top_Itr  Bot_Itr
  ------ -------- --------- --------- -------- -------- -------- -------- --------
  -6.000   0.0847   0.04707   0.04093  -0.1316   0.7825   0.0397  16.3153  99.1275
  -5.000   0.1823   0.03301   0.02580  -0.1436   0.7504   0.0470  18.2454 100.0923
  -3.000   0.3869   0.01610   0.00817  -0.1473   0.6958   0.0491  21.5893 100.3339
  -2.000   0.4977   0.01238   0.00368  -0.1465   0.6705   0.0430  23.1494  99.5665
  -1.000   0.6082   0.01122   0.00234  -0.1461   0.6479   0.0455  24.5374  99.9045
   0.000   0.7188   0.01047   0.00163  -0.1458   0.6268   0.0509  25.8257 100.5406
   1.000   0.8294   0.01017   0.00147  -0.1457   0.6057   0.1557  27.1105 108.4658
   2.000   0.9325   0.00865   0.00165  -0.1444   0.5828   1.0000  28.5006 160.0000
   3.000   1.0392   0.00911   0.00161  -0.1434   0.5573   1.0000  30.0674 160.0000
   4.000   1.1428   0.00959   0.00160  -0.1421   0.5244   1.0000  32.1084 160.0000
   5.000   1.2414   0.01027   0.00165  -0.1398   0.4807   1.0000  34.8769 160.0000
   6.000   1.3352   0.01124   0.00185  -0.1370   0.4356   1.0000  37.7459 160.0000
   7.000   1.4236   0.01242   0.00219  -0.1333   0.3953   1.0000  40.2988 160.0000
   8.000   1.5011   0.01382   0.00258  -0.1277   0.3548   1.0000  42.8453 160.0000
   9.000   1.5698   0.01549   0.00309  -0.1209   0.3151   1.0000  45.3413 160.0000
  10.000   1.6274   0.01783   0.00390  -0.1131   0.2676   1.0000  48.4128 160.0000
  11.000   1.6535   0.02240   0.00596  -0.1026   0.1894   1.0000  53.8314 160.0000
  12.000   1.6268   0.03233   0.01184  -0.0903   0.0860   1.0000  61.7179 160.0000
  14.000   1.5714   0.05852   0.03037  -0.0781   0.0214   1.0000  70.0389 160.0000
  15.000   1.5578   0.07229   0.04100  -0.0765   0.0191   1.0000  70.6186 160.0000
