  
       XFOIL         Version 6.99
  
 Calculated polar for: GOE 397 AIRFOIL                                 
  
 1 1 Reynolds number fixed          Mach number fixed         
  
 xtrf =   1.000 (top)        1.000 (bottom)  
 Mach =   0.000     Re =     0.500 e 6     Ncrit =   9.000  9.000
  
   alpha    CL        CD       CDp       CM     Top_Xtr  Bot_Xtr  Top_Itr  Bot_Itr
  ------ -------- --------- --------- -------- -------- -------- -------- --------
  -3.000   0.0579   0.00831   0.01193  -0.0781   0.8575   0.0419  12.7135  91.2220
  -2.000   0.1581   0.00594   0.00775  -0.0770   0.8116   0.0627  16.0264  92.7274
  -1.000   0.2723   0.01072   0.00320  -0.0774   0.7770   0.0503  18.4566  91.8491
   0.000   0.3778   0.00923   0.00164  -0.0757   0.7356   0.0512  21.3572  91.9127
   1.000   0.4833   0.00837   0.00085  -0.0741   0.7013   0.0484  23.7755  91.7081
   2.000   0.5902   0.00825   0.00055  -0.0728   0.6704   0.0492  25.9630  91.7638
   3.000   0.7130   0.00663   0.00062  -0.0759   0.6155   1.0000  29.8116 160.0000
   4.000   0.8132   0.00717   0.00060  -0.0733   0.5171   1.0000  36.7174 160.0000
   5.000   0.8863   0.01101   0.00181  -0.0674   0.0938   1.0000  66.8231 160.0000
   6.000   0.9773   0.01307   0.00273  -0.0641   0.0254   1.0000  72.5079 160.0000
   7.000   1.0537   0.01699   0.00487  -0.0578   0.0124   1.0000  73.8637 160.0000
   8.000   1.1241   0.02393   0.00939  -0.0508   0.0098   1.0000  74.3212 160.0000
   9.000   1.1601   0.04703   0.02758  -0.0386   0.0188   1.0000  73.1862 160.0000
  10.000   1.1453   0.06136   0.04143  -0.0275   0.0161   1.0000  73.4649 160.0000
  11.000   1.0657   0.07677   0.05679  -0.0223   0.0161   1.0000  73.4695 160.0000
  12.000   0.9763   0.10922   0.09082  -0.0430   0.0184   1.0000  73.2266 160.0000
  13.000   0.9467   0.14251   0.12801  -0.0616   0.0183   1.0000  73.2406 160.0000
  14.000   0.9456   0.16582   0.15729  -0.0733   0.0160   1.0000  73.4821 160.0000
  15.000   0.9604   0.18335   0.18176  -0.0820   0.0133   1.0000  73.7682 160.0000
