  
       XFOIL         Version 6.99
  
 Calculated polar for: GOE 368 AIRFOIL                                 
  
 1 1 Reynolds number fixed          Mach number fixed         
  
 xtrf =   1.000 (top)        1.000 (bottom)  
 Mach =   0.000     Re =     0.500 e 6     Ncrit =   9.000  9.000
  
   alpha    CL        CD       CDp       CM     Top_Xtr  Bot_Xtr  Top_Itr  Bot_Itr
  ------ -------- --------- --------- -------- -------- -------- -------- --------
  -4.000  -0.1021   0.01607   0.00676  -0.0639   0.9659   0.0152   4.7958  88.7390
  -3.000   0.0378   0.01035   0.00197  -0.0676   0.8429   0.0161  13.7250  88.8441
  -2.000   0.1402   0.00846   0.00065  -0.0641   0.7223   0.1176  22.1646  97.0497
  -1.000   0.2470   0.00915   0.00106  -0.0623   0.6259   0.1589  28.8859  99.9740
   0.000   0.3544   0.00901   0.00081  -0.0608   0.5524   0.1723  34.0023 100.9385
   1.000   0.4601   0.00932   0.00072  -0.0593   0.4332   0.1998  42.3227 102.9117
   2.000   0.5670   0.00964   0.00084  -0.0582   0.3700   0.2372  46.6841 105.5310
   3.000   0.6767   0.00843   0.00106  -0.0581   0.3113   1.0000  50.7455 160.0000
   4.000   0.7812   0.00936   0.00133  -0.0566   0.2486   1.0000  55.1305 160.0000
   5.000   0.8845   0.01040   0.00163  -0.0552   0.1923   1.0000  59.1031 160.0000
   6.000   0.9752   0.01349   0.00278  -0.0521   0.0145   1.0000  74.2340 160.0000
   7.000   1.0636   0.01700   0.00447  -0.0482   0.0099   1.0000  74.8684 160.0000
