  
       XFOIL         Version 6.99
  
 Calculated polar for: GOE 382 AIRFOIL                                 
  
 1 1 Reynolds number fixed          Mach number fixed         
  
 xtrf =   1.000 (top)        1.000 (bottom)  
 Mach =   0.000     Re =     0.500 e 6     Ncrit =   9.000  9.000
  
   alpha    CL        CD       CDp       CM     Top_Xtr  Bot_Xtr  Top_Itr  Bot_Itr
  ------ -------- --------- --------- -------- -------- -------- -------- --------
  -6.000  -0.0354   0.01664   0.00560  -0.1055   0.6296   0.0407  22.1988 101.9918
  -5.000   0.0670   0.01477   0.00420  -0.1041   0.6132   0.0421  23.0264 102.3071
  -4.000   0.1721   0.01368   0.00332  -0.1030   0.5977   0.0447  23.8085 102.8702
  -3.000   0.2784   0.01286   0.00271  -0.1021   0.5816   0.0484  24.6346 103.6554
  -2.000   0.3872   0.01245   0.00246  -0.1016   0.5643   0.0630  25.5318 106.4438
  -1.000   0.4931   0.01186   0.00214  -0.1009   0.5455   0.1545  26.5240 116.8947
   0.000   0.5973   0.01134   0.00198  -0.1001   0.5253   0.3105  27.6267 125.5697
   1.000   0.6944   0.01059   0.00198  -0.0981   0.5033   0.6501  28.8494 141.9156
   2.000   0.7863   0.01045   0.00221  -0.0939   0.4807   0.8933  30.1349 153.3483
   3.000   0.9354   0.01123   0.00261  -0.1023   0.4573   0.9915  31.4727 159.1748
   4.000   1.0357   0.01195   0.00265  -0.1016   0.4374   1.0000  32.6079 160.0000
   5.000   1.1036   0.01272   0.00262  -0.0943   0.4211   1.0000  33.5378 160.0000
   6.000   1.1831   0.01377   0.00277  -0.0899   0.4058   1.0000  34.4083 160.0000
   7.000   1.2654   0.01507   0.00303  -0.0867   0.3918   1.0000  35.2043 160.0000
   8.000   1.3466   0.01661   0.00334  -0.0838   0.3778   1.0000  36.0008 160.0000
   9.000   1.4223   0.01833   0.00384  -0.0807   0.3663   1.0000  36.6618 160.0000
  10.000   1.4939   0.02050   0.00443  -0.0776   0.3541   1.0000  37.3705 160.0000
  11.000   1.5547   0.02333   0.00525  -0.0740   0.3397   1.0000  38.2087 160.0000
  12.000   1.6059   0.02700   0.00647  -0.0702   0.3247   1.0000  39.1017 160.0000
  13.000   1.6474   0.03181   0.00836  -0.0668   0.3091   1.0000  40.0519 160.0000
  14.000   1.6821   0.03768   0.01090  -0.0639   0.2938   1.0000  40.9965 160.0000
  15.000   1.7058   0.04504   0.01443  -0.0615   0.2779   1.0000  42.0006 160.0000
