  
       XFOIL         Version 6.99
  
 Calculated polar for: GOE 384 AIRFOIL                                 
  
 1 1 Reynolds number fixed          Mach number fixed         
  
 xtrf =   1.000 (top)        1.000 (bottom)  
 Mach =   0.000     Re =     1.000 e 6     Ncrit =   9.000  9.000
  
   alpha    CL        CD       CDp       CM     Top_Xtr  Bot_Xtr  Top_Itr  Bot_Itr
  ------ -------- --------- --------- -------- -------- -------- -------- --------
  -6.000   0.0196   0.01301   0.00422  -0.1195   0.5918   0.0447  24.7442 105.6720
  -5.000   0.1322   0.01209   0.00340  -0.1199   0.5844   0.0476  25.1330 106.2190
  -4.000   0.2472   0.01144   0.00284  -0.1206   0.5759   0.0510  25.5877 106.8492
  -3.000   0.3609   0.01086   0.00232  -0.1212   0.5661   0.0555  26.1163 107.6225
  -2.000   0.4758   0.01034   0.00186  -0.1220   0.5542   0.0614  26.7788 108.5549
  -1.000   0.5906   0.01001   0.00151  -0.1228   0.5383   0.0706  27.6887 109.8788
   0.000   0.7030   0.00984   0.00130  -0.1234   0.5121   0.1007  29.2568 113.2802
   2.000   0.8948   0.00921   0.00160  -0.1197   0.4218   0.8181  34.7080 149.6313
   3.000   1.0155   0.00983   0.00200  -0.1224   0.4024   1.0000  35.8052 160.0000
   4.000   1.0986   0.01048   0.00204  -0.1178   0.3907   1.0000  36.4574 160.0000
   5.000   1.1825   0.01149   0.00224  -0.1141   0.3790   1.0000  37.1172 160.0000
   6.000   1.2724   0.01254   0.00246  -0.1120   0.3694   1.0000  37.6566 160.0000
   7.000   1.3580   0.01390   0.00280  -0.1096   0.3602   1.0000  38.1805 160.0000
   8.000   1.4418   0.01545   0.00318  -0.1075   0.3511   1.0000  38.7059 160.0000
   9.000   1.5203   0.01735   0.00371  -0.1051   0.3424   1.0000  39.2090 160.0000
  10.000   1.5888   0.01992   0.00445  -0.1020   0.3288   1.0000  40.0228 160.0000
  11.000   1.6602   0.02248   0.00518  -0.0998   0.3183   1.0000  40.6655 160.0000
  12.000   1.7207   0.02589   0.00630  -0.0969   0.3070   1.0000  41.3697 160.0000
  13.000   1.7699   0.03043   0.00801  -0.0937   0.2931   1.0000  42.2590 160.0000
  14.000   1.8090   0.03612   0.01033  -0.0906   0.2790   1.0000  43.1884 160.0000
  15.000   1.8371   0.04307   0.01336  -0.0877   0.2612   1.0000  44.3842 160.0000
