  
       XFOIL         Version 6.99
  
 Calculated polar for: GOE 395 AIRFOIL                                 
  
 1 1 Reynolds number fixed          Mach number fixed         
  
 xtrf =   1.000 (top)        1.000 (bottom)  
 Mach =   0.000     Re =     0.500 e 6     Ncrit =   9.000  9.000
  
   alpha    CL        CD       CDp       CM     Top_Xtr  Bot_Xtr  Top_Itr  Bot_Itr
  ------ -------- --------- --------- -------- -------- -------- -------- --------
  -6.000  -0.0660   0.06949   0.06061  -0.0757   0.7847   0.0277  16.8526  91.9929
  -5.000   0.0427   0.05615   0.04766  -0.0957   0.7792   0.0366  17.2117  92.9686
  -4.000   0.1581   0.03028   0.03294  -0.1046   0.7684   0.0448  17.9264  93.7579
  -2.000   0.4807   0.01166   0.00421  -0.1526   0.7561   0.0459  18.7419  93.8627
  -1.000   0.5957   0.01016   0.00271  -0.1529   0.7452   0.0531  19.4626  94.5320
   0.000   0.7090   0.01013   0.00260  -0.1526   0.7347   0.0845  20.1597  97.0079
   1.000   0.8215   0.00993   0.00250  -0.1524   0.7227   0.1067  20.9553  98.5228
   2.000   0.9332   0.00964   0.00219  -0.1520   0.7053   0.1249  22.0980  99.7891
   3.000   1.0444   0.00918   0.00180  -0.1515   0.6808   0.1658  23.7218 102.5665
   4.000   1.1503   0.00778   0.00164  -0.1501   0.6390   1.0000  26.5749 160.0000
   5.000   1.2468   0.00917   0.00162  -0.1472   0.4812   1.0000  37.3557 160.0000
   6.000   1.3424   0.01091   0.00228  -0.1448   0.3789   1.0000  44.0858 160.0000
   7.000   1.4235   0.01383   0.00342  -0.1407   0.2061   1.0000  55.7651 160.0000
   8.000   1.4932   0.01737   0.00512  -0.1349   0.0875   1.0000  64.1294 160.0000
   9.000   1.5390   0.02187   0.00727  -0.1254   0.0174   1.0000  71.2564 160.0000
  10.000   1.5603   0.02787   0.01080  -0.1141   0.0131   1.0000  72.0013 160.0000
  11.000   1.5885   0.03420   0.01502  -0.1064   0.0113   1.0000  72.4449 160.0000
  12.000   1.5976   0.04296   0.02114  -0.0988   0.0101   1.0000  72.7618 160.0000
  13.000   1.5849   0.05487   0.02906  -0.0895   0.0092   1.0000  72.9963 160.0000
  14.000   1.5878   0.06552   0.03778  -0.0855   0.0085   1.0000  73.2442 160.0000
  15.000   1.5699   0.08026   0.05026  -0.0830   0.0080   1.0000  73.3966 160.0000
