  
       XFOIL         Version 6.99
  
 Calculated polar for: GOE 384 AIRFOIL                                 
  
 1 1 Reynolds number fixed          Mach number fixed         
  
 xtrf =   1.000 (top)        1.000 (bottom)  
 Mach =   0.000     Re =     0.500 e 6     Ncrit =   9.000  9.000
  
   alpha    CL        CD       CDp       CM     Top_Xtr  Bot_Xtr  Top_Itr  Bot_Itr
  ------ -------- --------- --------- -------- -------- -------- -------- --------
  -6.000   0.0306   0.01797   0.00768  -0.1215   0.6266   0.0530  22.9439 107.1977
  -5.000   0.1411   0.01636   0.00612  -0.1216   0.6170   0.0565  23.4401 107.7918
  -4.000   0.2524   0.01504   0.00486  -0.1219   0.6060   0.0609  24.0080 108.4788
  -3.000   0.3631   0.01389   0.00392  -0.1220   0.5947   0.0664  24.5958 109.2909
  -2.000   0.4746   0.01328   0.00335  -0.1223   0.5822   0.0743  25.2518 110.3636
  -1.000   0.5861   0.01286   0.00287  -0.1225   0.5668   0.0870  26.0754 111.8928
   0.000   0.6945   0.01229   0.00237  -0.1223   0.5482   0.1213  27.1193 115.0266
   1.000   0.7903   0.01054   0.00216  -0.1206   0.5207   0.6755  28.7344 142.8781
   2.000   0.9277   0.01069   0.00240  -0.1260   0.4749   1.0000  31.5524 160.0000
   3.000   0.9962   0.01160   0.00238  -0.1187   0.4442   1.0000  33.4028 160.0000
   4.000   1.0709   0.01267   0.00254  -0.1129   0.4242   1.0000  34.5665 160.0000
   5.000   1.1538   0.01389   0.00285  -0.1092   0.4098   1.0000  35.3852 160.0000
   6.000   1.2383   0.01534   0.00322  -0.1064   0.3970   1.0000  36.1099 160.0000
   7.000   1.3219   0.01683   0.00365  -0.1038   0.3862   1.0000  36.7096 160.0000
   8.000   1.4045   0.01855   0.00412  -0.1016   0.3764   1.0000  37.2638 160.0000
   9.000   1.4819   0.02050   0.00462  -0.0990   0.3666   1.0000  37.8146 160.0000
  10.000   1.5563   0.02271   0.00526  -0.0964   0.3577   1.0000  38.3237 160.0000
  11.000   1.6189   0.02553   0.00594  -0.0930   0.3451   1.0000  39.0512 160.0000
  12.000   1.6672   0.02941   0.00738  -0.0891   0.3334   1.0000  39.7489 160.0000
  13.000   1.7167   0.03372   0.00899  -0.0861   0.3223   1.0000  40.4199 160.0000
  14.000   1.7533   0.03945   0.01134  -0.0831   0.3087   1.0000  41.2639 160.0000
  15.000   1.7823   0.04631   0.01439  -0.0806   0.2948   1.0000  42.1517 160.0000
