  
       XFOIL         Version 6.99
  
 Calculated polar for: GOE 346 (FRIEDRICHSHAFEN-STAAKEN) AIRFOIL       
  
 1 1 Reynolds number fixed          Mach number fixed         
  
 xtrf =   1.000 (top)        1.000 (bottom)  
 Mach =   0.000     Re =     1.000 e 6     Ncrit =   9.000  9.000
  
   alpha    CL        CD       CDp       CM     Top_Xtr  Bot_Xtr  Top_Itr  Bot_Itr
  ------ -------- --------- --------- -------- -------- -------- -------- --------
   1.000   0.5060   0.00319   0.00114  -0.0754   0.6711   0.0371  24.7196  93.7271
   2.000   0.6119   0.00293   0.00011  -0.0745   0.5259   0.0370  34.5147  93.7208
   3.000   0.7147   0.00322  -0.00028  -0.0735   0.3287   0.0376  47.7838  93.7797
   5.000   0.9170   0.00332   0.00010  -0.0713   0.1261   1.0000  61.7096 160.0000
   6.000   1.0122   0.00437   0.00071  -0.0692   0.0351   1.0000  69.2364 160.0000
   7.000   1.1083   0.00537   0.00136  -0.0671   0.0274   1.0000  70.0607 160.0000
   8.000   1.2015   0.00654   0.00198  -0.0648   0.0196   1.0000  71.0539 160.0000
   9.000   1.2925   0.00777   0.00240  -0.0623   0.0135   1.0000  72.1478 160.0000
  10.000   1.3710   0.00999   0.00347  -0.0581   0.0098   1.0000  73.0913 160.0000
  11.000   1.4396   0.01261   0.00477  -0.0527   0.0080   1.0000  73.6916 160.0000
  12.000   1.5350   0.02650   0.01257  -0.0507   0.0068   1.0000  74.1687 160.0000
  13.000   1.5604   0.03140   0.01613  -0.0408   0.0060   1.0000  74.5121 160.0000
  14.000   1.5671   0.03922   0.02212  -0.0339   0.0055   1.0000  74.7504 160.0000
  15.000   1.5285   0.05499   0.03517  -0.0329   0.0052   1.0000  74.9050 160.0000
