  
       XFOIL         Version 6.99
  
 Calculated polar for: GOE 379 AIRFOIL                                 
  
 1 1 Reynolds number fixed          Mach number fixed         
  
 xtrf =   1.000 (top)        1.000 (bottom)  
 Mach =   0.000     Re =     1.000 e 6     Ncrit =   9.000  9.000
  
   alpha    CL        CD       CDp       CM     Top_Xtr  Bot_Xtr  Top_Itr  Bot_Itr
  ------ -------- --------- --------- -------- -------- -------- -------- --------
  -2.000   0.2649   0.01035   0.00328  -0.0874   0.7163   0.0087  22.8009  87.7796
  -1.000   0.3650   0.00736   0.00033  -0.0838   0.6654   0.0171  26.3695  88.8201
   0.000   0.4690   0.00733   0.00030  -0.0821   0.6032   0.0570  30.7278  92.5688
   1.000   0.5719   0.00747   0.00020  -0.0803   0.5398   0.0759  35.1483  93.9927
   2.000   0.7469   0.00601   0.00047  -0.0961   0.4831   1.0000  39.0865 160.0000
   3.000   0.8464   0.00653   0.00058  -0.0938   0.4296   1.0000  42.8181 160.0000
   4.000   0.9443   0.00716   0.00077  -0.0914   0.3768   1.0000  46.5085 160.0000
   5.000   1.0379   0.00810   0.00103  -0.0884   0.3070   1.0000  51.3591 160.0000
   6.000   1.0956   0.01220   0.00268  -0.0793   0.0100   1.0000  75.0108 160.0000
   7.000   1.1729   0.01446   0.00359  -0.0732   0.0054   1.0000  76.3555 160.0000
   9.000   1.2484   0.02306   0.00753  -0.0488   0.0034   1.0000  77.3138 160.0000
  11.000   1.3544   0.04950   0.02085  -0.0361   0.0039   1.0000  77.0003 160.0000
  12.000   1.3020   0.05888   0.02812  -0.0205   0.0039   1.0000  77.0081 160.0000
  13.000   1.2364   0.07286   0.04070  -0.0161   0.0039   1.0000  77.0143 160.0000
  14.000   1.1673   0.09284   0.06060  -0.0221   0.0039   1.0000  77.0160 160.0000
  15.000   1.1040   0.11857   0.08919  -0.0360   0.0039   1.0000  77.0124 160.0000
