  
       XFOIL         Version 6.99
  
 Calculated polar for: GOE 367 AIRFOIL                                 
  
 1 1 Reynolds number fixed          Mach number fixed         
  
 xtrf =   1.000 (top)        1.000 (bottom)  
 Mach =   0.000     Re =     0.500 e 6     Ncrit =   9.000  9.000
  
   alpha    CL        CD       CDp       CM     Top_Xtr  Bot_Xtr  Top_Itr  Bot_Itr
  ------ -------- --------- --------- -------- -------- -------- -------- --------
  -6.000  -0.1686   0.01451   0.00499  -0.0956   0.7836   0.0544  14.5849 104.6470
  -5.000  -0.0634   0.01300   0.00375  -0.0946   0.7643   0.0597  15.6530 105.4191
  -4.000   0.0426   0.01189   0.00287  -0.0936   0.7439   0.0678  16.7805 106.4716
  -3.000   0.1495   0.01113   0.00228  -0.0926   0.7185   0.0844  18.1789 108.3541
  -2.000   0.2589   0.01075   0.00213  -0.0921   0.6939   0.1284  19.5419 111.8969
  -1.000   0.3672   0.01045   0.00185  -0.0916   0.6664   0.1575  21.0884 113.7116
   0.000   0.4728   0.01010   0.00154  -0.0905   0.6333   0.2059  22.9824 116.4311
   1.000   0.5434   0.00843   0.00189  -0.0815   0.5961   0.9215  25.1466 154.2827
   2.000   0.6889   0.00948   0.00247  -0.0876   0.5508   0.9751  27.7674 157.7602
   3.000   0.8686   0.01027   0.00275  -0.1028   0.5045   0.9929  30.3999 159.2634
   4.000   0.9958   0.01085   0.00280  -0.1075   0.4678   1.0000  32.4755 160.0000
   5.000   1.0680   0.01151   0.00281  -0.1006   0.4354   1.0000  34.3431 160.0000
   6.000   1.1195   0.01226   0.00275  -0.0895   0.4073   1.0000  35.9875 160.0000
   7.000   1.1442   0.01285   0.00244  -0.0731   0.3862   1.0000  37.2295 160.0000
   8.000   1.2155   0.01397   0.00261  -0.0671   0.3660   1.0000  38.4158 160.0000
   9.000   1.2931   0.01540   0.00297  -0.0630   0.3476   1.0000  39.4933 160.0000
  10.000   1.3644   0.01733   0.00351  -0.0586   0.3245   1.0000  40.8416 160.0000
  11.000   1.4291   0.01983   0.00434  -0.0541   0.2935   1.0000  42.6969 160.0000
  13.000   1.4452   0.03406   0.01186  -0.0383   0.1408   1.0000  53.2694 160.0000
  14.000   1.4363   0.04434   0.01845  -0.0329   0.0927   1.0000  57.4536 160.0000
  15.000   1.4289   0.05582   0.02653  -0.0299   0.0826   1.0000  58.5410 160.0000
