  
       XFOIL         Version 6.99
  
 Calculated polar for: GOE 394 AIRFOIL                                 
  
 1 1 Reynolds number fixed          Mach number fixed         
  
 xtrf =   1.000 (top)        1.000 (bottom)  
 Mach =   0.000     Re =     0.500 e 6     Ncrit =   9.000  9.000
  
   alpha    CL        CD       CDp       CM     Top_Xtr  Bot_Xtr  Top_Itr  Bot_Itr
  ------ -------- --------- --------- -------- -------- -------- -------- --------
  -5.000  -0.0790   0.05466   0.04969  -0.0686   0.7863   0.0330  16.7320  92.3791
  -4.000   0.0566   0.04037   0.03490  -0.0907   0.7727   0.0431  17.6287  93.3226
  -3.000   0.2206   0.01317   0.00582  -0.1145   0.7616   0.0419  18.3618  93.2180
  -2.000   0.3344   0.01054   0.00290  -0.1146   0.7483   0.0433  19.2366  93.3382
  -1.000   0.4476   0.00950   0.00183  -0.1142   0.7344   0.0473  20.1455  93.7059
   0.000   0.5606   0.00931   0.00177  -0.1136   0.7178   0.0866  21.2440  97.2007
   1.000   0.6726   0.00964   0.00192  -0.1129   0.6964   0.1089  22.6708  98.9822
   2.000   0.7836   0.00913   0.00152  -0.1123   0.6660   0.1211  24.7323  99.9014
   3.000   0.8925   0.00884   0.00097  -0.1113   0.5687   0.1344  31.4832 100.8500
   4.000   0.9964   0.00982   0.00119  -0.1100   0.4695   0.1470  38.1076 101.7013
   5.000   1.1012   0.00934   0.00173  -0.1091   0.4192   1.0000  41.3962 160.0000
   6.000   1.2057   0.01030   0.00208  -0.1079   0.3685   1.0000  44.7516 160.0000
   7.000   1.2998   0.01237   0.00274  -0.1057   0.2215   1.0000  54.7296 160.0000
   8.000   1.3811   0.01581   0.00443  -0.1021   0.0868   1.0000  64.2903 160.0000
   9.000   1.4463   0.02040   0.00683  -0.0959   0.0178   1.0000  71.1131 160.0000
  10.000   1.4940   0.02499   0.00957  -0.0875   0.0136   1.0000  71.8632 160.0000
  11.000   1.5121   0.03143   0.01386  -0.0777   0.0116   1.0000  72.3133 160.0000
  12.000   1.5278   0.03951   0.01962  -0.0712   0.0103   1.0000  72.6547 160.0000
  13.000   1.5283   0.05006   0.02732  -0.0656   0.0094   1.0000  72.8898 160.0000
  14.000   1.5092   0.06418   0.03815  -0.0606   0.0088   1.0000  73.0591 160.0000
  15.000   1.4806   0.08070   0.05301  -0.0621   0.0084   1.0000  73.2236 160.0000
