  
       XFOIL         Version 6.99
  
 Calculated polar for: GOE 323 (HANSA-BRANDENBURG V.1) AIRFOIL         
  
 1 1 Reynolds number fixed          Mach number fixed         
  
 xtrf =   1.000 (top)        1.000 (bottom)  
 Mach =   0.000     Re =     0.500 e 6     Ncrit =   9.000  9.000
  
   alpha    CL        CD       CDp       CM     Top_Xtr  Bot_Xtr  Top_Itr  Bot_Itr
  ------ -------- --------- --------- -------- -------- -------- -------- --------
  -6.000  -0.2113   0.05859   0.05164  -0.0442   0.6117   0.0336  25.8562  99.0567
  -5.000  -0.1299   0.04854   0.04289  -0.0494   0.5995   0.0353  26.5759  99.3764
  -4.000  -0.0245   0.03557   0.02892  -0.0567   0.5894   0.0398  27.1695 100.1807
  -3.000   0.0834   0.02652   0.01877  -0.0584   0.5777   0.0456  27.8580 101.1186
  -2.000   0.1924   0.02115   0.01283  -0.0583   0.5629   0.0529  28.7310 102.1162
  -1.000   0.3035   0.01743   0.00915  -0.0582   0.5505   0.0623  29.4624 103.2128
   0.000   0.4197   0.01342   0.00426  -0.0566   0.5380   0.0451  30.2042 101.0478
   1.000   0.5320   0.01177   0.00293  -0.0560   0.5231   0.0483  31.0913 101.4933
   2.000   0.6445   0.01084   0.00208  -0.0556   0.5043   0.0543  32.2265 102.2900
   3.000   0.7617   0.00837   0.00181  -0.0567   0.4828   1.0000  33.5473 160.0000
   4.000   0.8729   0.00863   0.00167  -0.0563   0.4534   1.0000  35.3894 160.0000
   5.000   0.9820   0.00917   0.00166  -0.0558   0.3981   1.0000  38.9710 160.0000
   6.000   1.0863   0.01041   0.00212  -0.0551   0.3325   1.0000  43.1754 160.0000
   7.000   1.1898   0.01169   0.00278  -0.0545   0.2940   1.0000  45.5760 160.0000
   8.000   1.2912   0.01304   0.00348  -0.0537   0.2620   1.0000  47.5845 160.0000
   9.000   1.3892   0.01453   0.00424  -0.0528   0.2322   1.0000  49.5088 160.0000
  10.000   1.4817   0.01628   0.00510  -0.0515   0.2057   1.0000  51.2753 160.0000
  11.000   1.5644   0.01849   0.00618  -0.0493   0.1796   1.0000  53.0552 160.0000
  12.000   1.6247   0.02168   0.00781  -0.0454   0.1511   1.0000  55.0644 160.0000
  13.000   1.6477   0.02959   0.01273  -0.0445   0.1078   1.0000  58.5058 160.0000
  14.000   1.6286   0.04218   0.02135  -0.0437   0.0744   1.0000  61.5119 160.0000
  15.000   1.5576   0.06094   0.03555  -0.0437   0.0264   1.0000  68.3485 160.0000
