  
       XFOIL         Version 6.99
  
 Calculated polar for: GOE 330 (PFALZ 59) AIRFOIL                      
  
 1 1 Reynolds number fixed          Mach number fixed         
  
 xtrf =   1.000 (top)        1.000 (bottom)  
 Mach =   0.000     Re =     0.500 e 6     Ncrit =   9.000  9.000
  
   alpha    CL        CD       CDp       CM     Top_Xtr  Bot_Xtr  Top_Itr  Bot_Itr
  ------ -------- --------- --------- -------- -------- -------- -------- --------
  -6.000   0.0103   0.05009   0.04508  -0.1124   0.8837   0.0305  10.0783  94.1541
  -5.000   0.1142   0.03469   0.02795  -0.1264   0.8562   0.0382  11.9247  95.0706
  -4.000   0.2146   0.02859   0.01972  -0.1279   0.8275   0.0468  13.8125  95.9921
  -3.000   0.3141   0.02275   0.01358  -0.1277   0.7962   0.0564  15.8264  96.9941
  -2.000   0.4158   0.01414   0.00630  -0.1262   0.7613   0.0460  18.0629  95.9049
  -1.000   0.5210   0.01080   0.00289  -0.1244   0.7126   0.0440  21.2804  95.6875
   0.000   0.6237   0.00979   0.00151  -0.1222   0.6534   0.0463  25.2185  95.9396
   1.000   0.7275   0.00964   0.00112  -0.1205   0.6030   0.0565  28.4423  96.9983
   2.000   0.8397   0.00807   0.00130  -0.1215   0.5333   1.0000  32.8977 160.0000
   3.000   0.9319   0.00910   0.00144  -0.1178   0.4498   1.0000  38.4143 160.0000
   4.000   1.0283   0.01006   0.00176  -0.1152   0.4129   1.0000  40.8026 160.0000
   5.000   1.1266   0.01091   0.00207  -0.1132   0.3878   1.0000  42.4011 160.0000
   6.000   1.2236   0.01178   0.00237  -0.1110   0.3655   1.0000  43.8072 160.0000
   7.000   1.3164   0.01270   0.00256  -0.1083   0.3292   1.0000  46.1224 160.0000
   8.000   1.4000   0.01400   0.00280  -0.1042   0.2689   1.0000  50.1571 160.0000
   9.000   1.4220   0.01885   0.00479  -0.0911   0.0858   1.0000  63.8041 160.0000
  10.000   1.4379   0.02468   0.00806  -0.0791   0.0193   1.0000  70.9229 160.0000
  11.000   1.4669   0.03028   0.01153  -0.0713   0.0160   1.0000  71.5639 160.0000
  12.000   1.4470   0.04123   0.01928  -0.0630   0.0138   1.0000  72.0035 160.0000
  13.000   1.4435   0.05259   0.02794  -0.0597   0.0128   1.0000  72.2521 160.0000
  14.000   1.4264   0.06702   0.03949  -0.0588   0.0119   1.0000  72.5011 160.0000
  15.000   1.4126   0.08178   0.05173  -0.0594   0.0108   1.0000  72.7811 160.0000
