  
       XFOIL         Version 6.99
  
 Calculated polar for: GOE 385 AIRFOIL                                 
  
 1 1 Reynolds number fixed          Mach number fixed         
  
 xtrf =   1.000 (top)        1.000 (bottom)  
 Mach =   0.000     Re =     0.500 e 6     Ncrit =   9.000  9.000
  
   alpha    CL        CD       CDp       CM     Top_Xtr  Bot_Xtr  Top_Itr  Bot_Itr
  ------ -------- --------- --------- -------- -------- -------- -------- --------
  -2.000   0.1912   0.01572   0.00709  -0.0734   0.6782   0.0732  24.5021  97.8808
   0.000   0.4184   0.01042   0.00183  -0.0721   0.6120   0.0463  28.9552  95.9346
   1.000   0.5316   0.00979   0.00126  -0.0724   0.5797   0.0516  31.0921  96.3362
   2.000   0.6407   0.00752   0.00119  -0.0723   0.5456   1.0000  33.3642 160.0000
   3.000   0.7520   0.00792   0.00115  -0.0724   0.4953   1.0000  36.7708 160.0000
   4.000   0.8595   0.00878   0.00128  -0.0721   0.4081   1.0000  42.7083 160.0000
   5.000   0.9651   0.00988   0.00168  -0.0717   0.3448   1.0000  47.0229 160.0000
   6.000   1.0706   0.01089   0.00211  -0.0714   0.3057   1.0000  49.6787 160.0000
   7.000   1.1736   0.01200   0.00251  -0.0708   0.2593   1.0000  52.7862 160.0000
   8.000   1.2687   0.01374   0.00310  -0.0693   0.1717   1.0000  58.9140 160.0000
   9.000   1.3273   0.01867   0.00555  -0.0629   0.0201   1.0000  72.2990 160.0000
  10.000   1.3860   0.02232   0.00750  -0.0559   0.0138   1.0000  73.4349 160.0000
  11.000   1.3943   0.02873   0.01160  -0.0448   0.0117   1.0000  73.8994 160.0000
  12.000   1.3930   0.03847   0.01862  -0.0396   0.0106   1.0000  74.1902 160.0000
  13.000   1.3881   0.05048   0.02780  -0.0382   0.0098   1.0000  74.4199 160.0000
  14.000   1.3778   0.06366   0.03813  -0.0377   0.0092   1.0000  74.5983 160.0000
  15.000   1.3691   0.07738   0.04921  -0.0383   0.0086   1.0000  74.7741 160.0000
