  
       XFOIL         Version 6.99
  
 Calculated polar for: GOE 326 (PFALZ 55) AIRFOIL                      
  
 1 1 Reynolds number fixed          Mach number fixed         
  
 xtrf =   1.000 (top)        1.000 (bottom)  
 Mach =   0.000     Re =     0.500 e 6     Ncrit =   9.000  9.000
  
   alpha    CL        CD       CDp       CM     Top_Xtr  Bot_Xtr  Top_Itr  Bot_Itr
  ------ -------- --------- --------- -------- -------- -------- -------- --------
  -1.000   0.3645   0.01162   0.00391  -0.0875   0.7194   0.0483  21.5391  95.4140
   0.000   0.4753   0.01005   0.00216  -0.0867   0.6707   0.0495  24.7924  95.5118
   1.000   0.5846   0.00942   0.00121  -0.0859   0.5845   0.0543  30.6810  95.8945
   2.000   0.6903   0.00750   0.00106  -0.0852   0.5188   1.0000  35.1047 160.0000
   3.000   0.7990   0.00817   0.00120  -0.0846   0.4739   1.0000  38.0608 160.0000
   4.000   0.9073   0.00881   0.00138  -0.0841   0.4296   1.0000  41.0016 160.0000
   5.000   1.0142   0.00955   0.00162  -0.0835   0.3815   1.0000  44.2579 160.0000
   6.000   1.1175   0.01059   0.00194  -0.0825   0.3180   1.0000  48.5995 160.0000
   7.000   1.2144   0.01225   0.00250  -0.0809   0.2183   1.0000  55.3712 160.0000
   8.000   1.2935   0.01571   0.00405  -0.0770   0.0706   1.0000  66.2047 160.0000
   9.000   1.3599   0.01990   0.00622  -0.0708   0.0147   1.0000  72.8387 160.0000
  10.000   1.4087   0.02411   0.00864  -0.0624   0.0120   1.0000  73.4048 160.0000
  11.000   1.4221   0.03046   0.01283  -0.0522   0.0107   1.0000  73.7224 160.0000
  12.000   1.4041   0.04183   0.02063  -0.0448   0.0097   1.0000  73.9808 160.0000
  13.000   1.4157   0.05162   0.02797  -0.0419   0.0090   1.0000  74.1978 160.0000
  14.000   1.4158   0.06343   0.03688  -0.0397   0.0086   1.0000  74.3338 160.0000
  15.000   1.4004   0.07851   0.04911  -0.0401   0.0085   1.0000  74.3704 160.0000
