  
       XFOIL         Version 6.99
  
 Calculated polar for: GOE 344 (PFALZ 71) AIRFOIL                      
  
 1 1 Reynolds number fixed          Mach number fixed         
  
 xtrf =   1.000 (top)        1.000 (bottom)  
 Mach =   0.000     Re =     0.500 e 6     Ncrit =   9.000  9.000
  
   alpha    CL        CD       CDp       CM     Top_Xtr  Bot_Xtr  Top_Itr  Bot_Itr
  ------ -------- --------- --------- -------- -------- -------- -------- --------
  -6.000  -0.4917   0.02034   0.01231  -0.0321   1.0000   0.0345   1.0000  93.5844
  -5.000  -0.4031   0.01586   0.00742  -0.0280   1.0000   0.0391   1.0000  94.0969
  -4.000  -0.3050   0.01319   0.00513  -0.0254   1.0000   0.0437   1.0000  94.5501
  -3.000  -0.1610   0.01135   0.00342  -0.0321   0.9932   0.0477   1.9321  94.9484
  -2.000  -0.0077   0.00960   0.00220  -0.0406   0.9789   0.0664   3.4423  96.5410
  -1.000   0.1394   0.00861   0.00170  -0.0478   0.9580   0.1419   5.2634 102.0067
   0.000   0.2774   0.00766   0.00111  -0.0526   0.9023   0.2042   9.1176 106.1909
   2.000   0.5192   0.00745   0.00124  -0.0551   0.5193   1.0000  34.3662 160.0000
   3.000   0.6139   0.00855   0.00135  -0.0515   0.3587   1.0000  44.9340 160.0000
   4.000   0.7109   0.00944   0.00160  -0.0484   0.2861   1.0000  49.6877 160.0000
   5.000   0.8097   0.01020   0.00185  -0.0456   0.2389   1.0000  52.7934 160.0000
   6.000   0.9094   0.01114   0.00216  -0.0433   0.1792   1.0000  56.8496 160.0000
   7.000   1.0021   0.01331   0.00316  -0.0401   0.0780   1.0000  64.2270 160.0000
   8.000   1.0952   0.01538   0.00443  -0.0371   0.0555   1.0000  66.0266 160.0000
   9.000   1.1899   0.01703   0.00542  -0.0346   0.0406   1.0000  67.4315 160.0000
  10.000   1.2750   0.01964   0.00677  -0.0308   0.0219   1.0000  69.9268 160.0000
  11.000   1.3412   0.02368   0.00935  -0.0242   0.0158   1.0000  71.0714 160.0000
  12.000   1.3933   0.02791   0.01229  -0.0163   0.0130   1.0000  71.7333 160.0000
  13.000   1.3831   0.03570   0.01797  -0.0026   0.0116   1.0000  72.0709 160.0000
  14.000   1.3707   0.04672   0.02694   0.0015   0.0109   1.0000  72.2893 160.0000
  15.000   1.3308   0.06690   0.04465  -0.0068   0.0105   1.0000  72.4143 160.0000
