  
       XFOIL         Version 6.99
  
 Calculated polar for: GOE 385 AIRFOIL                                 
  
 1 1 Reynolds number fixed          Mach number fixed         
  
 xtrf =   1.000 (top)        1.000 (bottom)  
 Mach =   0.000     Re =     1.000 e 6     Ncrit =   9.000  9.000
  
   alpha    CL        CD       CDp       CM     Top_Xtr  Bot_Xtr  Top_Itr  Bot_Itr
  ------ -------- --------- --------- -------- -------- -------- -------- --------
   0.000   0.4192   0.00899   0.00137  -0.0720   0.5629   0.0351  32.2072  95.0239
   1.000   0.5338   0.00823   0.00078  -0.0726   0.5307   0.0391  34.3650  95.3501
   2.000   0.6477   0.00827   0.00062  -0.0732   0.4817   0.0459  37.6937  95.9043
   4.000   0.8625   0.00771   0.00116  -0.0732   0.3284   1.0000  48.1388 160.0000
   5.000   0.9723   0.00843   0.00144  -0.0734   0.2911   1.0000  50.6614 160.0000
   6.000   1.0800   0.00929   0.00175  -0.0735   0.2477   1.0000  53.5621 160.0000
   7.000   1.1825   0.01062   0.00226  -0.0730   0.1764   1.0000  58.5550 160.0000
   8.000   1.2664   0.01374   0.00386  -0.0699   0.0466   1.0000  68.7599 160.0000
   9.000   1.3480   0.01659   0.00533  -0.0661   0.0110   1.0000  74.0574 160.0000
  10.000   1.4226   0.01933   0.00687  -0.0615   0.0083   1.0000  74.8775 160.0000
  11.000   1.4673   0.02292   0.00898  -0.0528   0.0070   1.0000  75.3509 160.0000
  12.000   1.4947   0.02824   0.01246  -0.0452   0.0062   1.0000  75.7224 160.0000
  13.000   1.4709   0.04059   0.02151  -0.0406   0.0055   1.0000  75.9890 160.0000
  14.000   1.4742   0.05225   0.03067  -0.0409   0.0052   1.0000  76.1949 160.0000
  15.000   1.4512   0.06799   0.04358  -0.0428   0.0049   1.0000  76.3675 160.0000
