  
       XFOIL         Version 6.99
  
 Calculated polar for: GOE 322 (HANSA-BRANDENBURG IV.1) AIRFOIL        
  
 1 1 Reynolds number fixed          Mach number fixed         
  
 xtrf =   1.000 (top)        1.000 (bottom)  
 Mach =   0.000     Re =     1.000 e 6     Ncrit =   9.000  9.000
  
   alpha    CL        CD       CDp       CM     Top_Xtr  Bot_Xtr  Top_Itr  Bot_Itr
  ------ -------- --------- --------- -------- -------- -------- -------- --------
  -6.000  -0.0711   0.03394   0.03324  -0.0794   0.6458   0.0277  23.8576  97.1053
  -5.000   0.0081   0.03479   0.02920  -0.0861   0.6334   0.0294  24.6268  97.4311
  -3.000   0.2234   0.01322   0.00542  -0.0893   0.5904   0.0314  27.3296  97.8241
  -2.000   0.3391   0.01107   0.00311  -0.0898   0.5673   0.0317  28.7844  97.8851
  -1.000   0.4550   0.01003   0.00201  -0.0904   0.5442   0.0324  30.2255  98.0176
   0.000   0.5708   0.00918   0.00135  -0.0912   0.5207   0.0346  31.6845  98.3741
   1.000   0.6870   0.00901   0.00108  -0.0921   0.4943   0.0383  33.3174  98.9812
   2.000   0.8025   0.00892   0.00109  -0.0931   0.4656   0.1270  35.1018 107.2370
   4.000   1.0235   0.00832   0.00160  -0.0941   0.3708   1.0000  41.1412 160.0000
   5.000   1.1322   0.00919   0.00194  -0.0944   0.3321   1.0000  43.5717 160.0000
   6.000   1.2393   0.01008   0.00231  -0.0946   0.3038   1.0000  45.3394 160.0000
   7.000   1.3427   0.01111   0.00272  -0.0943   0.2705   1.0000  47.4613 160.0000
   8.000   1.4368   0.01266   0.00332  -0.0928   0.2200   1.0000  50.8942 160.0000
   9.000   1.5156   0.01486   0.00430  -0.0891   0.1687   1.0000  54.4876 160.0000
  10.000   1.5432   0.01902   0.00628  -0.0783   0.0943   1.0000  60.4851 160.0000
  11.000   1.5235   0.02916   0.01269  -0.0696   0.0149   1.0000  71.8988 160.0000
  12.000   1.5506   0.03651   0.01740  -0.0667   0.0125   1.0000  72.6939 160.0000
  13.000   1.5566   0.04616   0.02394  -0.0636   0.0111   1.0000  73.1835 160.0000
  14.000   1.5570   0.05743   0.03203  -0.0622   0.0101   1.0000  73.5881 160.0000
  15.000   1.5311   0.07317   0.04424  -0.0624   0.0092   1.0000  73.9235 160.0000
