  
       XFOIL         Version 6.99
  
 Calculated polar for: GOE 367 AIRFOIL                                 
  
 1 1 Reynolds number fixed          Mach number fixed         
  
 xtrf =   1.000 (top)        1.000 (bottom)  
 Mach =   0.000     Re =     1.000 e 6     Ncrit =   9.000  9.000
  
   alpha    CL        CD       CDp       CM     Top_Xtr  Bot_Xtr  Top_Itr  Bot_Itr
  ------ -------- --------- --------- -------- -------- -------- -------- --------
  -6.000  -0.1845   0.01124   0.00303  -0.0918   0.7413   0.0447  16.9196 103.0853
  -5.000  -0.0754   0.01041   0.00240  -0.0915   0.7232   0.0491  17.9179 103.8293
  -4.000   0.0339   0.00966   0.00180  -0.0911   0.7000   0.0549  19.2031 104.7213
  -3.000   0.1446   0.00911   0.00136  -0.0910   0.6785   0.0639  20.4075 105.9847
  -2.000   0.2545   0.00866   0.00114  -0.0908   0.6530   0.1067  21.8510 110.3437
  -1.000   0.3656   0.00858   0.00104  -0.0908   0.6195   0.1309  23.7844 112.0650
   0.000   0.4737   0.00858   0.00093  -0.0903   0.5782   0.1558  26.1889 113.6126
   1.000   0.5720   0.00794   0.00089  -0.0884   0.5323   0.4643  28.8243 129.8477
   2.000   0.6519   0.00734   0.00127  -0.0815   0.4929   0.9285  31.0520 154.6883
   3.000   0.7411   0.00789   0.00144  -0.0763   0.4610   0.9649  32.8636 157.0009
   4.000   0.8594   0.00857   0.00167  -0.0782   0.4274   0.9825  34.8103 158.3516
   5.000   0.9984   0.00948   0.00200  -0.0853   0.3874   0.9913  37.1623 159.0931
   6.000   1.1268   0.01035   0.00228  -0.0906   0.3560   0.9967  39.0045 159.6526
   7.000   1.1956   0.01097   0.00220  -0.0833   0.3362   1.0000  40.1574 160.0000
   8.000   1.2435   0.01173   0.00205  -0.0720   0.3190   1.0000  41.1626 160.0000
   9.000   1.3229   0.01310   0.00235  -0.0681   0.2919   1.0000  42.7918 160.0000
  10.000   1.3831   0.01567   0.00315  -0.0622   0.2291   1.0000  47.0159 160.0000
  11.000   1.4009   0.02113   0.00573  -0.0522   0.1377   1.0000  53.4944 160.0000
  12.000   1.4210   0.02730   0.00899  -0.0449   0.0846   1.0000  58.3247 160.0000
  13.000   1.4586   0.03287   0.01211  -0.0406   0.0772   1.0000  59.1378 160.0000
  14.000   1.4866   0.03978   0.01624  -0.0369   0.0712   1.0000  59.8303 160.0000
  15.000   1.5181   0.04685   0.02048  -0.0346   0.0655   1.0000  60.5408 160.0000
