  
       XFOIL         Version 6.99
  
 Calculated polar for: GOE 398 AIRFOIL                                 
  
 1 1 Reynolds number fixed          Mach number fixed         
  
 xtrf =   1.000 (top)        1.000 (bottom)  
 Mach =   0.000     Re =     0.500 e 6     Ncrit =   9.000  9.000
  
   alpha    CL        CD       CDp       CM     Top_Xtr  Bot_Xtr  Top_Itr  Bot_Itr
  ------ -------- --------- --------- -------- -------- -------- -------- --------
  -6.000  -0.0927   0.01303   0.00382  -0.1077   0.8082   0.0469  13.6721 102.3598
  -5.000   0.0037   0.01174   0.00268  -0.1039   0.7759   0.0522  15.4712 103.1824
  -4.000   0.1027   0.01080   0.00191  -0.1007   0.7480   0.0620  17.0326 104.4990
  -3.000   0.2013   0.00998   0.00136  -0.0973   0.7202   0.0955  18.6137 107.7477
  -2.000   0.3012   0.00939   0.00111  -0.0943   0.6927   0.1948  20.1817 114.2147
  -1.000   0.3988   0.00887   0.00094  -0.0909   0.6628   0.3275  21.8838 121.4761
   0.000   0.4766   0.00770   0.00093  -0.0833   0.6295   0.7426  23.7719 143.6703
   1.000   0.7379   0.00806   0.00110  -0.1149   0.5678   1.0000  27.2999 160.0000
   2.000   0.8154   0.00863   0.00115  -0.1077   0.4997   1.0000  31.3328 160.0000
   3.000   0.8943   0.00942   0.00135  -0.1009   0.4517   1.0000  34.1713 160.0000
   4.000   0.9753   0.01023   0.00160  -0.0946   0.4192   1.0000  36.0338 160.0000
   5.000   1.0579   0.01097   0.00183  -0.0888   0.3927   1.0000  37.5366 160.0000
   6.000   1.1341   0.01183   0.00201  -0.0819   0.3652   1.0000  39.1184 160.0000
   7.000   1.1972   0.01271   0.00203  -0.0726   0.3302   1.0000  41.1936 160.0000
   8.000   1.2593   0.01396   0.00220  -0.0640   0.2904   1.0000  43.6679 160.0000
   9.000   1.3176   0.01575   0.00266  -0.0558   0.2554   1.0000  45.8958 160.0000
  10.000   1.3764   0.01787   0.00337  -0.0488   0.2280   1.0000  47.6672 160.0000
  11.000   1.4307   0.02056   0.00442  -0.0423   0.2060   1.0000  49.1081 160.0000
  12.000   1.4828   0.02372   0.00576  -0.0368   0.1831   1.0000  50.6499 160.0000
  13.000   1.5175   0.02849   0.00805  -0.0311   0.1443   1.0000  53.4205 160.0000
  14.000   1.4854   0.03964   0.01511  -0.0238   0.0730   1.0000  59.8618 160.0000
  15.000   1.4696   0.05130   0.02340  -0.0208   0.0628   1.0000  61.0154 160.0000
