  
       XFOIL         Version 6.99
  
 Calculated polar for: GOE 372 AIRFOIL                                 
  
 1 1 Reynolds number fixed          Mach number fixed         
  
 xtrf =   1.000 (top)        1.000 (bottom)  
 Mach =   0.000     Re =     0.500 e 6     Ncrit =   9.000  9.000
  
   alpha    CL        CD       CDp       CM     Top_Xtr  Bot_Xtr  Top_Itr  Bot_Itr
  ------ -------- --------- --------- -------- -------- -------- -------- --------
  -5.000  -0.1037   0.01208   0.00405  -0.1022   0.9551   0.0178   5.6672  88.6210
  -4.000   0.0237   0.01117   0.00375  -0.1052   0.9263   0.0402   7.7930  90.7448
  -3.000   0.1362   0.00970   0.00234  -0.1050   0.8868   0.0538  10.6536  91.8779
  -2.000   0.2428   0.00845   0.00118  -0.1035   0.8484   0.0630  13.4724  92.5441
  -1.000   0.3497   0.00799   0.00078  -0.1022   0.8136   0.1036  15.9953  95.4360
   0.000   0.4557   0.00773   0.00059  -0.1008   0.7758   0.1509  18.6744  98.7697
   1.000   0.5780   0.00588   0.00061  -0.1037   0.7312   1.0000  21.8359 160.0000
   2.000   0.6787   0.00628   0.00049  -0.1009   0.6594   1.0000  26.9109 160.0000
   3.000   0.7696   0.00744   0.00051  -0.0965   0.5004   1.0000  38.1455 160.0000
   4.000   0.8352   0.01187   0.00188  -0.0887   0.0176   1.0000  74.1647 160.0000
   5.000   0.9206   0.01459   0.00321  -0.0833   0.0127   1.0000  74.7222 160.0000
