  
       XFOIL         Version 6.99
  
 Calculated polar for: GOE 393 AIRFOIL                                 
  
 1 1 Reynolds number fixed          Mach number fixed         
  
 xtrf =   1.000 (top)        1.000 (bottom)  
 Mach =   0.000     Re =     0.500 e 6     Ncrit =   9.000  9.000
  
   alpha    CL        CD       CDp       CM     Top_Xtr  Bot_Xtr  Top_Itr  Bot_Itr
  ------ -------- --------- --------- -------- -------- -------- -------- --------
  -3.000  -0.0168   0.01609   0.00831  -0.0526   0.6689   0.0423  24.4561  93.8653
  -2.000   0.0938   0.01153   0.00319  -0.0519   0.6273   0.0431  27.2152  93.9473
  -1.000   0.2046   0.00977   0.00148  -0.0509   0.5922   0.0467  29.5303  94.2811
   0.000   0.3162   0.00923   0.00098  -0.0501   0.5592   0.0616  31.7020  95.6517
   1.000   0.4285   0.00952   0.00121  -0.0494   0.5270   0.1045  33.8243  98.9285
   2.000   0.5397   0.00945   0.00109  -0.0489   0.4890   0.1214  36.3491 100.1377
   3.000   0.6505   0.00946   0.00100  -0.0484   0.4466   0.1459  39.2010 101.8566
   4.000   0.7607   0.00808   0.00110  -0.0481   0.3983   1.0000  42.4787 160.0000
   5.000   0.8697   0.00877   0.00131  -0.0474   0.3611   1.0000  45.0001 160.0000
   6.000   0.9778   0.00954   0.00161  -0.0467   0.3156   1.0000  48.0501 160.0000
   7.000   1.0769   0.01199   0.00263  -0.0457   0.1359   1.0000  60.7050 160.0000
   8.000   1.1765   0.01403   0.00380  -0.0446   0.0824   1.0000  64.6275 160.0000
   9.000   1.2645   0.01771   0.00588  -0.0423   0.0211   1.0000  70.6751 160.0000
  10.000   1.3431   0.02186   0.00860  -0.0390   0.0150   1.0000  71.7009 160.0000
  11.000   1.3944   0.02794   0.01275  -0.0335   0.0122   1.0000  72.2929 160.0000
  12.000   1.4157   0.03510   0.01804  -0.0276   0.0109   1.0000  72.6385 160.0000
  13.000   1.4167   0.04688   0.02731  -0.0280   0.0100   1.0000  72.8554 160.0000
  15.000   1.3369   0.08518   0.06083  -0.0379   0.0093   1.0000  73.0686 160.0000
