  
       XFOIL         Version 6.99
  
 Calculated polar for: GOE 361 AIRFOIL                                 
  
 1 1 Reynolds number fixed          Mach number fixed         
  
 xtrf =   1.000 (top)        1.000 (bottom)  
 Mach =   0.000     Re =     1.000 e 6     Ncrit =   9.000  9.000
  
   alpha    CL        CD       CDp       CM     Top_Xtr  Bot_Xtr  Top_Itr  Bot_Itr
  ------ -------- --------- --------- -------- -------- -------- -------- --------
   2.000   0.7766   0.00307  -0.00036  -0.1070   0.3934   0.0353  43.6164  92.9797
   3.000   0.8813   0.00308  -0.00067  -0.1057   0.3440   0.0353  46.9790  92.9755
   4.000   0.9866   0.00262  -0.00035  -0.1054   0.2930   1.0000  50.4898 160.0000
   5.000   1.0873   0.00297  -0.00037  -0.1037   0.2496   1.0000  53.4251 160.0000
   6.000   1.1863   0.00339  -0.00041  -0.1019   0.2101   1.0000  56.0706 160.0000
   7.000   1.2572   0.00569   0.00090  -0.0961   0.0159   1.0000  72.1054 160.0000
   8.000   1.3394   0.00737   0.00165  -0.0918   0.0103   1.0000  73.1393 160.0000
   9.000   1.4105   0.00954   0.00265  -0.0863   0.0077   1.0000  73.8722 160.0000
  10.000   1.4337   0.01325   0.00459  -0.0736   0.0067   1.0000  74.2384 160.0000
  11.000   1.4394   0.01758   0.00691  -0.0622   0.0058   1.0000  74.6257 160.0000
  12.000   1.4189   0.02795   0.01260  -0.0555   0.0053   1.0000  74.8364 160.0000
  13.000   1.3681   0.04960   0.02408  -0.0541   0.0050   1.0000  74.9746 160.0000
  14.000   1.3478   0.07005   0.03559  -0.0560   0.0048   1.0000  75.0771 160.0000
  15.000   1.3216   0.09211   0.04991  -0.0613   0.0046   1.0000  75.1866 160.0000
