  
       XFOIL         Version 6.99
  
 Calculated polar for: GOE 398 AIRFOIL                                 
  
 1 1 Reynolds number fixed          Mach number fixed         
  
 xtrf =   1.000 (top)        1.000 (bottom)  
 Mach =   0.000     Re =     1.000 e 6     Ncrit =   9.000  9.000
  
   alpha    CL        CD       CDp       CM     Top_Xtr  Bot_Xtr  Top_Itr  Bot_Itr
  ------ -------- --------- --------- -------- -------- -------- -------- --------
  -6.000  -0.1099   0.01015   0.00217  -0.1038   0.7560   0.0374  16.5833 100.6532
  -5.000  -0.0107   0.00935   0.00147  -0.1005   0.7261   0.0412  18.2767 101.3873
  -4.000   0.0909   0.00879   0.00099  -0.0976   0.6978   0.0482  19.8909 102.5671
  -3.000   0.1933   0.00829   0.00065  -0.0950   0.6708   0.0741  21.4281 105.8492
  -2.000   0.2944   0.00789   0.00043  -0.0922   0.6434   0.1343  22.9840 110.4978
  -1.000   0.3967   0.00763   0.00035  -0.0897   0.6141   0.2183  24.6482 115.5275
   0.000   0.4893   0.00712   0.00028  -0.0854   0.5732   0.4413  26.9818 127.5568
   1.000   0.5600   0.00646   0.00025  -0.0763   0.5059   0.8247  30.9660 148.1341
   2.000   0.8265   0.00748   0.00090  -0.1104   0.4295   0.9996  35.4508 159.9492
   3.000   0.9172   0.00800   0.00109  -0.1060   0.4012   1.0000  37.0584 160.0000
   4.000   1.0058   0.00847   0.00123  -0.1011   0.3786   1.0000  38.3419 160.0000
   5.000   1.0910   0.00907   0.00137  -0.0957   0.3529   1.0000  39.8379 160.0000
   6.000   1.1701   0.00983   0.00150  -0.0893   0.3167   1.0000  42.0186 160.0000
   7.000   1.2343   0.01075   0.00160  -0.0800   0.2756   1.0000  44.6073 160.0000
   9.000   1.3595   0.01334   0.00210  -0.0630   0.2104   1.0000  48.8187 160.0000
  10.000   1.4257   0.01492   0.00253  -0.0564   0.1898   1.0000  50.1934 160.0000
  11.000   1.4863   0.01700   0.00318  -0.0500   0.1671   1.0000  51.7529 160.0000
  12.000   1.5236   0.02073   0.00468  -0.0420   0.1160   1.0000  55.7059 160.0000
  13.000   1.5166   0.02822   0.00887  -0.0322   0.0592   1.0000  61.4602 160.0000
  14.000   1.5409   0.03449   0.01256  -0.0274   0.0518   1.0000  62.4246 160.0000
  15.000   1.5548   0.04250   0.01764  -0.0239   0.0467   1.0000  63.1401 160.0000
