  
       XFOIL         Version 6.99
  
 Calculated polar for: GOE 310 (MVA H.42) AIRFOIL                      
  
 1 1 Reynolds number fixed          Mach number fixed         
  
 xtrf =   1.000 (top)        1.000 (bottom)  
 Mach =   0.000     Re =     0.500 e 6     Ncrit =   9.000  9.000
  
   alpha    CL        CD       CDp       CM     Top_Xtr  Bot_Xtr  Top_Itr  Bot_Itr
  ------ -------- --------- --------- -------- -------- -------- -------- --------
  -6.000  -0.1310   0.02875   0.03042  -0.0897   0.9461   0.0280   6.0559  92.3532
  -5.000  -0.0769   0.01103   0.01196  -0.0918   0.9112   0.0398   8.3921  93.7462
  -4.000   0.0103   0.01443   0.00623  -0.0896   0.8887   0.0405   9.8934  93.8263
  -3.000   0.1110   0.01124   0.00311  -0.0861   0.8430   0.0406  13.0153  93.8377
  -2.000   0.2099   0.00976   0.00159  -0.0825   0.7720   0.0418  17.8175  93.9705
  -1.000   0.3077   0.00921   0.00093  -0.0790   0.7032   0.0435  22.3752  94.1334
   0.000   0.4070   0.00917   0.00066  -0.0759   0.6502   0.0486  25.8710  94.6076
   1.000   0.5047   0.00898   0.00073  -0.0729   0.6080   0.1871  28.6455 104.7044
   2.000   0.6028   0.00917   0.00075  -0.0700   0.5607   0.2344  31.7576 107.9388
   3.000   0.6956   0.00913   0.00079  -0.0662   0.5075   0.3908  35.2607 118.2447
   6.000   1.0354   0.01368   0.00301  -0.0725   0.0653   1.0000  66.1463 160.0000
   7.000   1.1027   0.01540   0.00401  -0.0644   0.0558   1.0000  67.0787 160.0000
   8.000   1.1484   0.01787   0.00538  -0.0528   0.0466   1.0000  67.9917 160.0000
   9.000   1.2256   0.01836   0.00483  -0.0469   0.0219   1.0000  71.2792 160.0000
  10.000   1.2544   0.02173   0.00641  -0.0341   0.0147   1.0000  72.4574 160.0000
  11.000   1.2568   0.02787   0.01008  -0.0215   0.0121   1.0000  72.9395 160.0000
  12.000   1.2667   0.03515   0.01499  -0.0136   0.0109   1.0000  73.2385 160.0000
  13.000   1.2802   0.04330   0.02086  -0.0086   0.0096   1.0000  73.5993 160.0000
  14.000   1.2833   0.05346   0.02849  -0.0052   0.0088   1.0000  73.8081 160.0000
  15.000   1.2644   0.06760   0.03977  -0.0035   0.0084   1.0000  73.9277 160.0000
