  
       XFOIL         Version 6.99
  
 Calculated polar for: GOE 328 AIRFOIL                                 
  
 1 1 Reynolds number fixed          Mach number fixed         
  
 xtrf =   1.000 (top)        1.000 (bottom)  
 Mach =   0.000     Re =     1.000 e 6     Ncrit =   9.000  9.000
  
   alpha    CL        CD       CDp       CM     Top_Xtr  Bot_Xtr  Top_Itr  Bot_Itr
  ------ -------- --------- --------- -------- -------- -------- -------- --------
  -2.000   0.1779   0.01583   0.00964  -0.0793   0.6944   0.0332  22.3181  95.1789
  -1.000   0.2918   0.01329   0.00674  -0.0802   0.6493   0.0371  25.2697  95.6116
   0.000   0.4089   0.00958   0.00254  -0.0804   0.6104   0.0331  27.8121  95.1659
   1.000   0.5231   0.00857   0.00142  -0.0808   0.5553   0.0337  31.4364  95.2378
   2.000   0.6362   0.00851   0.00094  -0.0813   0.4619   0.0372  37.6665  95.6188
   3.000   0.7492   0.00874   0.00086  -0.0817   0.4129   0.0452  40.8619  96.4124
   4.000   0.8554   0.00729   0.00115  -0.0813   0.3768   1.0000  43.2158 160.0000
   5.000   0.9663   0.00801   0.00136  -0.0815   0.3221   1.0000  46.8826 160.0000
   6.000   1.0743   0.00903   0.00172  -0.0815   0.2549   1.0000  51.4129 160.0000
   7.000   1.1744   0.01099   0.00255  -0.0806   0.1304   1.0000  60.3255 160.0000
   8.000   1.2640   0.01408   0.00424  -0.0781   0.0220   1.0000  70.0458 160.0000
   9.000   1.3577   0.01607   0.00541  -0.0760   0.0149   1.0000  71.4618 160.0000
  10.000   1.4391   0.01883   0.00713  -0.0722   0.0119   1.0000  72.2271 160.0000
  11.000   1.5076   0.02185   0.00904  -0.0669   0.0100   1.0000  72.8027 160.0000
  12.000   1.5266   0.02709   0.01253  -0.0558   0.0090   1.0000  73.1354 160.0000
  13.000   1.5479   0.03396   0.01750  -0.0501   0.0082   1.0000  73.4268 160.0000
  14.000   1.5560   0.04378   0.02497  -0.0476   0.0076   1.0000  73.6607 160.0000
  15.000   1.5430   0.05727   0.03569  -0.0476   0.0072   1.0000  73.8267 160.0000
