  
       XFOIL         Version 6.99
  
 Calculated polar for: GOE 323 (HANSA-BRANDENBURG V.1) AIRFOIL         
  
 1 1 Reynolds number fixed          Mach number fixed         
  
 xtrf =   1.000 (top)        1.000 (bottom)  
 Mach =   0.000     Re =     1.000 e 6     Ncrit =   9.000  9.000
  
   alpha    CL        CD       CDp       CM     Top_Xtr  Bot_Xtr  Top_Itr  Bot_Itr
  ------ -------- --------- --------- -------- -------- -------- -------- --------
  -4.000  -0.0249   0.03127   0.02569  -0.0569   0.5543   0.0301  29.2393  98.2923
  -3.000   0.0829   0.02083   0.01405  -0.0577   0.5411   0.0341  30.0156  99.1481
  -2.000   0.1954   0.01819   0.00960  -0.0572   0.5292   0.0386  30.7285  99.9865
  -1.000   0.3064   0.01147   0.00366  -0.0563   0.5185   0.0329  31.3700  98.9033
   0.000   0.4192   0.00975   0.00211  -0.0558   0.5059   0.0347  32.1282  99.2476
   1.000   0.5331   0.00906   0.00141  -0.0556   0.4897   0.0374  33.1153  99.7569
   2.000   0.6473   0.00862   0.00101  -0.0556   0.4720   0.0427  34.2161 100.6540
   3.000   0.7616   0.00845   0.00078  -0.0557   0.4463   0.0594  35.8427 102.9011
   5.000   0.9831   0.00796   0.00138  -0.0563   0.3232   1.0000  43.7591 160.0000
   6.000   1.0911   0.00887   0.00182  -0.0560   0.2859   1.0000  46.0788 160.0000
   7.000   1.1982   0.00980   0.00227  -0.0558   0.2543   1.0000  48.0714 160.0000
   8.000   1.3032   0.01087   0.00279  -0.0555   0.2238   1.0000  50.0620 160.0000
   9.000   1.4051   0.01213   0.00341  -0.0550   0.1944   1.0000  52.0454 160.0000
  10.000   1.5032   0.01356   0.00410  -0.0542   0.1687   1.0000  53.8146 160.0000
  11.000   1.5927   0.01550   0.00505  -0.0527   0.1349   1.0000  56.2737 160.0000
  12.000   1.6446   0.01973   0.00736  -0.0477   0.0793   1.0000  61.0437 160.0000
  13.000   1.6252   0.03162   0.01531  -0.0456   0.0223   1.0000  69.3341 160.0000
  14.000   1.6192   0.04299   0.02329  -0.0448   0.0156   1.0000  71.2067 160.0000
  15.000   1.6007   0.05590   0.03274  -0.0445   0.0136   1.0000  71.8739 160.0000
