  
       XFOIL         Version 6.99
  
 Calculated polar for: GOE 413 AIRFOIL                                 
  
 1 1 Reynolds number fixed          Mach number fixed         
  
 xtrf =   1.000 (top)        1.000 (bottom)  
 Mach =   0.000     Re =     1.000 e 6     Ncrit =   9.000  9.000
  
   alpha    CL        CD       CDp       CM     Top_Xtr  Bot_Xtr  Top_Itr  Bot_Itr
  ------ -------- --------- --------- -------- -------- -------- -------- --------
  -6.000  -0.1690   0.01277   0.00443  -0.1101   0.6449   0.0466  20.6643 103.1320
  -5.000  -0.0536   0.01164   0.00346  -0.1108   0.6161   0.0483  22.1193 103.4662
  -4.000   0.0640   0.01086   0.00271  -0.1115   0.5951   0.0502  23.1658 103.8515
  -3.000   0.1823   0.01005   0.00203  -0.1125   0.5750   0.0528  24.1604 104.3248
  -2.000   0.3012   0.00960   0.00157  -0.1133   0.5571   0.0560  25.0599 104.8939
  -1.000   0.4204   0.00920   0.00122  -0.1141   0.5406   0.0614  25.8955 105.8181
   0.000   0.5400   0.00857   0.00098  -0.1154   0.5248   0.1703  26.7082 116.7106
   1.000   0.6588   0.00832   0.00099  -0.1164   0.5066   0.2756  27.6621 122.4864
   2.000   0.7764   0.00829   0.00107  -0.1171   0.4832   0.3862  28.9144 127.9396
   3.000   0.8937   0.00826   0.00122  -0.1179   0.4593   0.5298  30.2173 134.8300
   4.000   1.0083   0.00844   0.00142  -0.1183   0.4236   0.6736  32.2081 141.9927
   5.000   1.1096   0.00855   0.00170  -0.1157   0.3792   1.0000  34.7200 160.0000
   6.000   1.2175   0.00962   0.00209  -0.1152   0.3288   1.0000  37.5955 160.0000
   7.000   1.3196   0.01099   0.00263  -0.1140   0.2747   1.0000  40.7409 160.0000
   8.000   1.3917   0.01422   0.00411  -0.1088   0.1504   1.0000  48.9586 160.0000
   9.000   1.4264   0.01860   0.00648  -0.0990   0.0674   1.0000  57.0354 160.0000
  10.000   1.4881   0.02189   0.00834  -0.0945   0.0632   1.0000  57.6118 160.0000
  11.000   1.5364   0.02662   0.01121  -0.0900   0.0600   1.0000  58.0447 160.0000
  12.000   1.5791   0.03218   0.01472  -0.0862   0.0586   1.0000  58.2628 160.0000
  13.000   1.6053   0.03970   0.01968  -0.0827   0.0573   1.0000  58.4578 160.0000
  14.000   1.6175   0.04945   0.02640  -0.0803   0.0562   1.0000  58.6215 160.0000
  15.000   1.6152   0.06145   0.03506  -0.0788   0.0552   1.0000  58.7711 160.0000
