  
       XFOIL         Version 6.99
  
 Calculated polar for: GOE 484 AIRFOIL                                 
  
 1 1 Reynolds number fixed          Mach number fixed         
  
 xtrf =   1.000 (top)        1.000 (bottom)  
 Mach =   0.000     Re =     0.500 e 6     Ncrit =   9.000  9.000
  
   alpha    CL        CD       CDp       CM     Top_Xtr  Bot_Xtr  Top_Itr  Bot_Itr
  ------ -------- --------- --------- -------- -------- -------- -------- --------
  -6.000  -0.1240   0.05798   0.05307  -0.0927   0.9648   0.0303   4.9881  93.3056
  -4.000   0.1537   0.02455   0.01906  -0.1412   0.9366   0.0478   7.4739  95.1866
  -2.000   0.3867   0.01150   0.00452  -0.1454   0.9038   0.0447   9.9190  94.8986
  -1.000   0.4957   0.00910   0.00227  -0.1441   0.8813   0.0419  11.4244  94.6112
   0.000   0.6061   0.00818   0.00132  -0.1431   0.8552   0.0444  13.1270  94.8626
   1.000   0.7099   0.00781   0.00072  -0.1402   0.7981   0.0553  16.8494  95.8761
   2.000   0.8087   0.00632   0.00072  -0.1373   0.6868   1.0000  24.2808 160.0000
   3.000   0.8965   0.00764   0.00088  -0.1318   0.5521   1.0000  33.0478 160.0000
   4.000   0.9496   0.01222   0.00236  -0.1213   0.0613   1.0000  66.0164 160.0000
   5.000   1.0381   0.01408   0.00345  -0.1167   0.0486   1.0000  66.9914 160.0000
   6.000   1.1234   0.01595   0.00474  -0.1116   0.0443   1.0000  67.3699 160.0000
   7.000   1.1925   0.01967   0.00698  -0.1043   0.0372   1.0000  67.9893 160.0000
   8.000   1.2729   0.02144   0.00839  -0.0990   0.0313   1.0000  68.6317 160.0000
   9.000   1.3425   0.02484   0.01056  -0.0924   0.0248   1.0000  69.4401 160.0000
  10.000   1.4027   0.02826   0.01262  -0.0849   0.0201   1.0000  70.1575 160.0000
  11.000   1.4515   0.03087   0.01422  -0.0764   0.0167   1.0000  70.7910 160.0000
  12.000   1.4877   0.03796   0.01952  -0.0681   0.0142   1.0000  71.3352 160.0000
  13.000   1.5025   0.04520   0.02518  -0.0597   0.0127   1.0000  71.7128 160.0000
  14.000   1.4714   0.05902   0.03663  -0.0535   0.0116   1.0000  71.9833 160.0000
  15.000   1.3977   0.08221   0.05863  -0.0564   0.0114   1.0000  72.0648 160.0000
