  
       XFOIL         Version 6.99
  
 Calculated polar for: GOE 446 AIRFOIL                                 
  
 1 1 Reynolds number fixed          Mach number fixed         
  
 xtrf =   1.000 (top)        1.000 (bottom)  
 Mach =   0.000     Re =     0.500 e 6     Ncrit =   9.000  9.000
  
   alpha    CL        CD       CDp       CM     Top_Xtr  Bot_Xtr  Top_Itr  Bot_Itr
  ------ -------- --------- --------- -------- -------- -------- -------- --------
  -6.000   0.0726   0.01970   0.01106  -0.1577   0.7962   0.0392  15.2567 100.0268
  -5.000   0.1768   0.01521   0.00630  -0.1580   0.7737   0.0391  16.5998 100.0175
  -4.000   0.2858   0.01253   0.00385  -0.1581   0.7532   0.0410  17.8102 100.3335
  -3.000   0.3980   0.01132   0.00266  -0.1583   0.7364   0.0437  18.8011 100.7668
  -2.000   0.5108   0.01053   0.00196  -0.1586   0.7195   0.0499  19.7966 101.7227
  -1.000   0.6238   0.01026   0.00189  -0.1589   0.7020   0.0993  20.8344 106.6792
   0.000   0.7361   0.01024   0.00181  -0.1591   0.6832   0.1261  21.9552 108.4154
   1.000   0.8463   0.01010   0.00163  -0.1590   0.6620   0.1571  23.2343 110.2813
   4.000   1.1519   0.00946   0.00155  -0.1540   0.5598   1.0000  29.5488 160.0000
   5.000   1.2433   0.01042   0.00166  -0.1505   0.5103   1.0000  32.6435 160.0000
   6.000   1.3283   0.01158   0.00188  -0.1460   0.4664   1.0000  35.3501 160.0000
   7.000   1.4093   0.01279   0.00216  -0.1409   0.4398   1.0000  36.9683 160.0000
   8.000   1.4828   0.01425   0.00252  -0.1349   0.4047   1.0000  39.0755 160.0000
   9.000   1.5529   0.01597   0.00301  -0.1289   0.3668   1.0000  41.3850 160.0000
  10.000   1.5892   0.01969   0.00439  -0.1188   0.2759   1.0000  47.2870 160.0000
  11.000   1.5819   0.02722   0.00840  -0.1056   0.1652   1.0000  54.6836 160.0000
  12.000   1.5901   0.03493   0.01292  -0.0970   0.1098   1.0000  58.6869 160.0000
  13.000   1.5566   0.04766   0.02146  -0.0880   0.0331   1.0000  67.2322 160.0000
  14.000   1.5547   0.05867   0.02932  -0.0832   0.0263   1.0000  68.5675 160.0000
  15.000   1.5429   0.07182   0.03932  -0.0801   0.0232   1.0000  69.2403 160.0000
