  
       XFOIL         Version 6.99
  
 Calculated polar for: GOE 450 AIRFOIL                                 
  
 1 1 Reynolds number fixed          Mach number fixed         
  
 xtrf =   1.000 (top)        1.000 (bottom)  
 Mach =   0.000     Re =     0.500 e 6     Ncrit =   9.000  9.000
  
   alpha    CL        CD       CDp       CM     Top_Xtr  Bot_Xtr  Top_Itr  Bot_Itr
  ------ -------- --------- --------- -------- -------- -------- -------- --------
  -6.000  -0.0516   0.04967   0.04511  -0.1104   0.9398   0.0302   6.4010  94.4447
  -5.000   0.0542   0.03268   0.02757  -0.1260   0.9146   0.0370   8.0492  95.2960
  -4.000   0.1573   0.02296   0.01730  -0.1294   0.8877   0.0477   9.8294  96.3814
  -3.000   0.2647   0.01784   0.01102  -0.1297   0.8568   0.0679  11.9255  98.1341
  -2.000   0.3768   0.01184   0.00408  -0.1282   0.8183   0.0441  14.5307  96.0473
  -1.000   0.4858   0.00981   0.00211  -0.1271   0.7737   0.0433  17.4909  95.9634
   0.000   0.5949   0.00889   0.00120  -0.1264   0.7297   0.0458  20.3897  96.2046
   1.000   0.7041   0.00874   0.00088  -0.1257   0.6869   0.0706  23.1993  98.3348
   2.000   0.8079   0.00718   0.00108  -0.1246   0.6414   1.0000  26.1777 160.0000
   3.000   0.9139   0.00774   0.00113  -0.1235   0.5921   1.0000  29.3800 160.0000
   4.000   1.0180   0.00839   0.00123  -0.1222   0.5378   1.0000  32.9150 160.0000
   5.000   1.1162   0.00940   0.00144  -0.1199   0.4529   1.0000  38.5323 160.0000
   6.000   1.2090   0.01085   0.00189  -0.1170   0.3619   1.0000  44.5264 160.0000
   7.000   1.2795   0.01399   0.00307  -0.1109   0.1678   1.0000  57.8455 160.0000
   8.000   1.3367   0.01775   0.00487  -0.1026   0.0437   1.0000  67.6477 160.0000
   9.000   1.3868   0.02101   0.00675  -0.0931   0.0326   1.0000  68.8750 160.0000
  10.000   1.4273   0.02511   0.00934  -0.0839   0.0258   1.0000  69.7334 160.0000
  11.000   1.4545   0.03075   0.01303  -0.0750   0.0206   1.0000  70.5219 160.0000
  12.000   1.4716   0.03807   0.01797  -0.0675   0.0172   1.0000  71.1359 160.0000
  13.000   1.4963   0.04543   0.02321  -0.0629   0.0146   1.0000  71.7080 160.0000
  14.000   1.4938   0.05633   0.03115  -0.0579   0.0130   1.0000  72.0936 160.0000
  15.000   1.4980   0.06766   0.04016  -0.0561   0.0116   1.0000  72.4999 160.0000
