  
       XFOIL         Version 6.99
  
 Calculated polar for: GOE 447 AIRFOIL                                 
  
 1 1 Reynolds number fixed          Mach number fixed         
  
 xtrf =   1.000 (top)        1.000 (bottom)  
 Mach =   0.000     Re =     0.500 e 6     Ncrit =   9.000  9.000
  
   alpha    CL        CD       CDp       CM     Top_Xtr  Bot_Xtr  Top_Itr  Bot_Itr
  ------ -------- --------- --------- -------- -------- -------- -------- --------
  -6.000   0.2117   0.05802   0.05247  -0.1404   0.7517   0.0428  17.4484 100.4229
  -5.000   0.3058   0.04582   0.03978  -0.1585   0.7364   0.0478  18.3558 101.2687
  -4.000   0.4246   0.01491   0.00626  -0.1828   0.7238   0.0405  19.1135 100.0260
  -3.000   0.5359   0.01278   0.00413  -0.1833   0.7093   0.0438  19.9852 100.5896
  -2.000   0.6474   0.01157   0.00290  -0.1834   0.6956   0.0485  20.8200 101.3921
  -1.000   0.7598   0.01136   0.00271  -0.1836   0.6820   0.0636  21.6497 103.5700
   0.000   0.8717   0.01149   0.00262  -0.1839   0.6685   0.0871  22.4693 105.9926
   1.000   0.9810   0.01111   0.00227  -0.1839   0.6529   0.1031  23.4230 107.2103
   2.000   1.0876   0.01097   0.00191  -0.1833   0.6328   0.1145  24.6473 107.9964
   3.000   1.1929   0.01081   0.00181  -0.1826   0.6122   0.2776  25.9022 117.4602
   4.000   1.2883   0.01004   0.00190  -0.1800   0.5862   1.0000  27.4916 160.0000
   5.000   1.3796   0.01069   0.00180  -0.1766   0.5504   1.0000  29.7062 160.0000
   6.000   1.4535   0.01176   0.00181  -0.1699   0.5031   1.0000  32.6897 160.0000
   7.000   1.5150   0.01346   0.00214  -0.1616   0.4599   1.0000  35.3845 160.0000
   8.000   1.5797   0.01542   0.00270  -0.1547   0.4321   1.0000  37.0770 160.0000
   9.000   1.6365   0.01798   0.00355  -0.1474   0.4005   1.0000  38.9616 160.0000
  10.000   1.6876   0.02124   0.00479  -0.1405   0.3644   1.0000  41.1269 160.0000
  11.000   1.7084   0.02706   0.00746  -0.1313   0.2937   1.0000  45.6216 160.0000
  12.000   1.6858   0.03707   0.01314  -0.1196   0.2102   1.0000  51.2502 160.0000
  13.000   1.6900   0.04594   0.01844  -0.1123   0.1714   1.0000  53.8048 160.0000
  14.000   1.6535   0.05976   0.02771  -0.1044   0.0815   1.0000  61.0593 160.0000
  15.000   1.5994   0.07708   0.04100  -0.0983   0.0282   1.0000  67.8830 160.0000
