  
       XFOIL         Version 6.99
  
 Calculated polar for: GOE 493 AIRFOIL                                 
  
 1 1 Reynolds number fixed          Mach number fixed         
  
 xtrf =   1.000 (top)        1.000 (bottom)  
 Mach =   0.000     Re =     1.000 e 6     Ncrit =   9.000  9.000
  
   alpha    CL        CD       CDp       CM     Top_Xtr  Bot_Xtr  Top_Itr  Bot_Itr
  ------ -------- --------- --------- -------- -------- -------- -------- --------
  -5.000  -0.0979   0.00795   0.00092  -0.1067   0.8115   0.1605  14.3353 107.4106
  -4.000   0.0046   0.00732   0.00063  -0.1052   0.7884   0.2339  15.8068 112.0773
  -3.000   0.1069   0.00673   0.00044  -0.1036   0.7635   0.3380  17.3866 118.5297
  -2.000   0.2103   0.00644   0.00034  -0.1020   0.7338   0.4274  19.2692 124.0224
  -1.000   0.3136   0.00636   0.00029  -0.1002   0.6995   0.4909  21.4442 127.8614
   0.000   0.4151   0.00640   0.00025  -0.0981   0.6627   0.5469  23.7753 131.2225
   1.000   0.5166   0.00647   0.00024  -0.0961   0.6317   0.6026  25.7339 134.5614
   2.000   0.6151   0.00653   0.00025  -0.0934   0.6019   0.6783  27.6119 139.0864
   3.000   0.7066   0.00663   0.00025  -0.0892   0.5677   0.7835  29.7623 145.3877
   4.000   0.8036   0.00674   0.00030  -0.0861   0.5255   0.9320  32.4012 154.5417
   5.000   0.9613   0.00769   0.00068  -0.0974   0.4565   1.0000  36.7692 160.0000
   6.000   1.0064   0.00885   0.00065  -0.0842   0.3637   1.0000  42.7537 160.0000
   7.000   1.0582   0.01041   0.00084  -0.0732   0.2793   1.0000  48.0832 160.0000
   8.000   1.0771   0.01392   0.00190  -0.0583   0.1034   1.0000  60.3328 160.0000
   9.000   1.1213   0.01704   0.00316  -0.0492   0.0398   1.0000  66.2458 160.0000
  10.000   1.1802   0.01977   0.00444  -0.0431   0.0338   1.0000  67.0922 160.0000
  11.000   1.2358   0.02295   0.00610  -0.0377   0.0303   1.0000  67.6446 160.0000
  12.000   1.2784   0.02733   0.00864  -0.0320   0.0273   1.0000  68.1649 160.0000
  13.000   1.3222   0.03203   0.01146  -0.0276   0.0244   1.0000  68.7049 160.0000
  14.000   1.3521   0.03840   0.01556  -0.0236   0.0219   1.0000  69.2282 160.0000
  15.000   1.3877   0.04479   0.01966  -0.0211   0.0192   1.0000  69.8313 160.0000
