  
       XFOIL         Version 6.99
  
 Calculated polar for: GOE 442 AIRFOIL                                 
  
 1 1 Reynolds number fixed          Mach number fixed         
  
 xtrf =   1.000 (top)        1.000 (bottom)  
 Mach =   0.000     Re =     0.500 e 6     Ncrit =   9.000  9.000
  
   alpha    CL        CD       CDp       CM     Top_Xtr  Bot_Xtr  Top_Itr  Bot_Itr
  ------ -------- --------- --------- -------- -------- -------- -------- --------
  -6.000  -0.2388   0.06218   0.05316  -0.0560   0.9846   0.0228   2.9869  91.9656
  -5.000  -0.1107   0.02400   0.01624  -0.0876   0.9655   0.0167   4.7627  91.0193
  -4.000   0.0195   0.01304   0.00516  -0.0932   0.9523   0.0227   5.7714  91.9435
  -3.000   0.1531   0.01104   0.00363  -0.0968   0.9347   0.0384   6.9936  93.7942
  -2.000   0.2665   0.00954   0.00230  -0.0959   0.8945   0.0543   9.7299  95.1209
  -1.000   0.3771   0.00848   0.00115  -0.0944   0.8172   0.0664  15.1498  95.9801
   3.000   0.7906   0.00833   0.00103  -0.0863   0.4212   1.0000  41.6050 160.0000
   4.000   0.8907   0.00900   0.00121  -0.0838   0.3742   1.0000  44.7697 160.0000
   5.000   0.9892   0.00982   0.00145  -0.0811   0.3175   1.0000  48.6159 160.0000
   6.000   1.0776   0.01162   0.00203  -0.0771   0.1840   1.0000  57.8653 160.0000
   7.000   1.1665   0.01336   0.00297  -0.0732   0.1457   1.0000  60.6040 160.0000
   8.000   1.2531   0.01506   0.00388  -0.0692   0.1255   1.0000  62.0136 160.0000
   9.000   1.3434   0.01623   0.00434  -0.0659   0.1055   1.0000  63.3994 160.0000
  10.000   1.3999   0.01992   0.00582  -0.0578   0.0174   1.0000  71.9812 160.0000
  11.000   1.4282   0.02421   0.00809  -0.0451   0.0116   1.0000  73.0681 160.0000
  12.000   1.4445   0.02935   0.01135  -0.0340   0.0096   1.0000  73.6405 160.0000
  13.000   1.4129   0.04014   0.01922  -0.0252   0.0084   1.0000  73.9754 160.0000
  14.000   1.3923   0.05403   0.03036  -0.0254   0.0079   1.0000  74.1597 160.0000
  15.000   1.3633   0.07202   0.04573  -0.0307   0.0075   1.0000  74.3237 160.0000
