  
       XFOIL         Version 6.99
  
 Calculated polar for: GOE 415 AIRFOIL                                 
  
 1 1 Reynolds number fixed          Mach number fixed         
  
 xtrf =   1.000 (top)        1.000 (bottom)  
 Mach =   0.000     Re =     1.000 e 6     Ncrit =   9.000  9.000
  
   alpha    CL        CD       CDp       CM     Top_Xtr  Bot_Xtr  Top_Itr  Bot_Itr
  ------ -------- --------- --------- -------- -------- -------- -------- --------
   0.000   0.3712   0.00780   0.00030  -0.0621   0.4751   0.1064  39.4017  96.4185
   1.000   0.4845   0.00582   0.00046  -0.0631   0.4254   1.0000  42.8406 160.0000
   2.000   0.5943   0.00630   0.00055  -0.0627   0.3716   1.0000  46.5929 160.0000
   3.000   0.7034   0.00690   0.00074  -0.0623   0.3220   1.0000  50.0683 160.0000
   4.000   0.8125   0.00748   0.00095  -0.0619   0.2867   1.0000  52.5362 160.0000
   5.000   0.9206   0.00818   0.00119  -0.0616   0.2484   1.0000  55.1860 160.0000
   6.000   1.0199   0.01015   0.00193  -0.0604   0.1114   1.0000  65.0213 160.0000
   7.000   1.1122   0.01329   0.00347  -0.0579   0.0068   1.0000  75.6899 160.0000
   8.000   1.2018   0.01643   0.00501  -0.0549   0.0046   1.0000  76.5744 160.0000
   9.000   1.2194   0.01195   0.00412  -0.0434   0.0037   1.0000  77.0560 160.0000
  10.000   1.2415   0.01837   0.00679  -0.0326   0.0034   1.0000  77.2410 160.0000
