  
       XFOIL         Version 6.99
  
 Calculated polar for: GOE 424 AIRFOIL                                 
  
 1 1 Reynolds number fixed          Mach number fixed         
  
 xtrf =   1.000 (top)        1.000 (bottom)  
 Mach =   0.000     Re =     1.000 e 6     Ncrit =   9.000  9.000
  
   alpha    CL        CD       CDp       CM     Top_Xtr  Bot_Xtr  Top_Itr  Bot_Itr
  ------ -------- --------- --------- -------- -------- -------- -------- --------
  -6.000  -0.1375   0.01339   0.00401  -0.0866   0.5433   0.0408  28.5669 101.3439
  -5.000  -0.0361   0.01266   0.00334  -0.0851   0.5317   0.0436  29.2071 101.8708
  -4.000   0.0630   0.01172   0.00263  -0.0831   0.5210   0.0466  29.8004 102.3791
  -3.000   0.1688   0.01126   0.00218  -0.0823   0.5127   0.0502  30.2659 102.9784
  -2.000   0.2736   0.01073   0.00176  -0.0814   0.5041   0.0562  30.7513 103.8686
  -1.000   0.3812   0.01045   0.00151  -0.0810   0.4965   0.0678  31.1803 105.3866
   0.000   0.4750   0.00881   0.00123  -0.0789   0.4897   0.5018  31.5736 132.0252
   1.000   0.5814   0.00868   0.00133  -0.0785   0.4815   0.6467  32.0481 139.7992
   2.000   0.6887   0.00853   0.00141  -0.0782   0.4748   0.7614  32.4380 145.8499
   3.000   0.7926   0.00864   0.00149  -0.0772   0.4644   0.8650  33.0529 151.3407
   4.000   0.8947   0.00876   0.00153  -0.0756   0.4550   0.9423  33.6126 155.5820
   5.000   1.0183   0.00928   0.00169  -0.0792   0.4459   0.9832  34.1662 158.3814
   6.000   1.1660   0.00984   0.00186  -0.0886   0.4344   0.9966  34.8701 159.6410
   7.000   1.2410   0.01011   0.00151  -0.0827   0.4207   1.0000  35.7288 160.0000
   8.000   1.3217   0.01064   0.00132  -0.0782   0.4059   1.0000  36.6645 160.0000
   9.000   1.4053   0.01153   0.00125  -0.0750   0.3832   1.0000  38.1295 160.0000
  10.000   1.4792   0.01302   0.00139  -0.0708   0.3471   1.0000  40.4919 160.0000
  11.000   1.5303   0.01578   0.00212  -0.0641   0.2988   1.0000  43.6451 160.0000
  12.000   1.5678   0.01977   0.00357  -0.0573   0.2595   1.0000  46.1783 160.0000
  13.000   1.5915   0.02548   0.00612  -0.0511   0.2275   1.0000  48.2222 160.0000
  14.000   1.6003   0.03351   0.01029  -0.0463   0.2032   1.0000  49.8023 160.0000
  15.000   1.5953   0.04382   0.01614  -0.0429   0.1804   1.0000  51.3477 160.0000
