  
       XFOIL         Version 6.99
  
 Calculated polar for: GOE 401 AIRFOIL                                 
  
 1 1 Reynolds number fixed          Mach number fixed         
  
 xtrf =   1.000 (top)        1.000 (bottom)  
 Mach =   0.000     Re =     0.500 e 6     Ncrit =   9.000  9.000
  
   alpha    CL        CD       CDp       CM     Top_Xtr  Bot_Xtr  Top_Itr  Bot_Itr
  ------ -------- --------- --------- -------- -------- -------- -------- --------
  -6.000  -0.2019   0.06377   0.05590  -0.0552   0.9762   0.0279   3.6506  93.9942
  -5.000  -0.0854   0.04836   0.04442  -0.0724   0.9325   0.0310   7.0373  94.4335
  -4.000   0.0661   0.03384   0.02868  -0.0925   0.8630   0.0367  11.5492  95.1990
  -2.000   0.2548   0.02005   0.01340  -0.0892   0.7423   0.0551  19.2664  97.1473
   0.000   0.4503   0.01107   0.00261  -0.0808   0.5801   0.0432  29.6934  95.9375
   1.000   0.5461   0.01021   0.00135  -0.0769   0.4828   0.0430  36.0256  95.9128
   2.000   0.6466   0.01007   0.00100  -0.0741   0.4408   0.0482  38.7206  96.4621
   3.000   0.7485   0.01014   0.00116  -0.0718   0.4124   0.1846  40.5224 106.2304
   4.000   0.8934   0.00919   0.00152  -0.0799   0.3815   1.0000  42.4891 160.0000
   5.000   0.9925   0.00979   0.00169  -0.0771   0.3519   1.0000  44.3957 160.0000
   6.000   1.0902   0.01045   0.00189  -0.0743   0.3183   1.0000  46.6089 160.0000
   7.000   1.1844   0.01132   0.00214  -0.0710   0.2726   1.0000  49.6873 160.0000
   8.000   1.2716   0.01273   0.00263  -0.0669   0.2085   1.0000  54.0590 160.0000
   9.000   1.3303   0.01642   0.00450  -0.0589   0.0618   1.0000  65.1506 160.0000
  10.000   1.3885   0.01956   0.00610  -0.0507   0.0240   1.0000  69.3083 160.0000
  11.000   1.4208   0.02309   0.00804  -0.0389   0.0176   1.0000  70.5264 160.0000
  12.000   1.4184   0.02956   0.01223  -0.0273   0.0151   1.0000  71.0658 160.0000
  13.000   1.4164   0.03889   0.01914  -0.0230   0.0138   1.0000  71.3878 160.0000
  14.000   1.4013   0.05198   0.02957  -0.0232   0.0127   1.0000  71.6674 160.0000
  15.000   1.3734   0.06764   0.04239  -0.0251   0.0117   1.0000  71.9199 160.0000
