  
       XFOIL         Version 6.99
  
 Calculated polar for: GOE 429 AIRFOIL                                 
  
 1 1 Reynolds number fixed          Mach number fixed         
  
 xtrf =   1.000 (top)        1.000 (bottom)  
 Mach =   0.000     Re =     1.000 e 6     Ncrit =   9.000  9.000
  
   alpha    CL        CD       CDp       CM     Top_Xtr  Bot_Xtr  Top_Itr  Bot_Itr
  ------ -------- --------- --------- -------- -------- -------- -------- --------
  -6.000  -0.6844   0.00916   0.00200   0.0019   1.0000   0.0963   1.0000 101.5621
  -5.000  -0.5742   0.00838   0.00150   0.0027   0.8970   0.1333   8.8191 104.1468
  -4.000  -0.4648   0.00763   0.00107   0.0035   0.7945   0.2301  15.2346 110.6419
  -3.000  -0.3495   0.00716   0.00079   0.0032   0.7314   0.2997  19.0734 114.9823
  -2.000  -0.2329   0.00664   0.00064   0.0026   0.6897   0.3997  21.6397 121.3509
  -1.000  -0.1157   0.00639   0.00054   0.0021   0.6367   0.4746  24.9295 125.9778
   0.000   0.0019   0.00620   0.00048   0.0016   0.5701   0.5553  29.0520 130.9625
   1.000   0.1190   0.00666   0.00057   0.0008   0.4055   0.6290  39.3218 135.5889
   2.000   0.2361   0.00740   0.00080  -0.0000   0.2671   0.6751  47.9424 138.4987
   3.000   0.3526   0.00804   0.00106  -0.0007   0.1866   0.7129  53.0162 140.8742
   5.000   0.5815   0.00989   0.00205  -0.0016   0.0454   0.7846  64.1265 145.3552
   6.000   0.6892   0.01047   0.00279  -0.0002   0.0386   1.0000  64.9281 160.0000
   7.000   0.8021   0.01176   0.00373  -0.0006   0.0364   1.0000  65.2399 160.0000
   8.000   0.9120   0.01334   0.00491  -0.0006   0.0339   1.0000  65.5968 160.0000
   9.000   1.0134   0.01624   0.00699  -0.0001   0.0309   1.0000  66.0260 160.0000
  10.000   1.1173   0.01791   0.00838   0.0004   0.0290   1.0000  66.3686 160.0000
  11.000   1.2151   0.02007   0.00996   0.0013   0.0265   1.0000  66.8084 160.0000
  12.000   1.3017   0.02316   0.01228   0.0029   0.0242   1.0000  67.2398 160.0000
  13.000   1.3904   0.02515   0.01364   0.0042   0.0220   1.0000  67.7197 160.0000
  14.000   1.4427   0.02950   0.01670   0.0074   0.0201   1.0000  68.1278 160.0000
  15.000   1.4954   0.03455   0.02037   0.0070   0.0182   1.0000  68.6020 160.0000
