  
       XFOIL         Version 6.99
  
 Calculated polar for: GOE 426 AIRFOIL                                 
  
 1 1 Reynolds number fixed          Mach number fixed         
  
 xtrf =   1.000 (top)        1.000 (bottom)  
 Mach =   0.000     Re =     0.500 e 6     Ncrit =   9.000  9.000
  
   alpha    CL        CD       CDp       CM     Top_Xtr  Bot_Xtr  Top_Itr  Bot_Itr
  ------ -------- --------- --------- -------- -------- -------- -------- --------
  -6.000  -0.1280   0.02848   0.01985  -0.1061   0.7397   0.0515  18.4069 100.1280
  -5.000  -0.0329   0.02586   0.01526  -0.1045   0.6967   0.0592  20.9775 100.9773
  -4.000   0.0639   0.01666   0.00661  -0.1022   0.6566   0.0425  23.3977  99.0061
  -3.000   0.1689   0.01328   0.00385  -0.1010   0.6185   0.0431  25.7455  99.0783
  -2.000   0.2749   0.01163   0.00251  -0.1000   0.5885   0.0455  27.6166  99.3833
  -1.000   0.3834   0.01099   0.00176  -0.0993   0.5651   0.0502  29.0713  99.9891
   0.000   0.4933   0.01039   0.00128  -0.0989   0.5461   0.0691  30.2430 101.9462
   1.000   0.5927   0.00872   0.00154  -0.0973   0.5295   0.7405  31.2559 142.8796
   2.000   0.7171   0.00856   0.00165  -0.0995   0.5132   1.0000  32.2529 160.0000
   3.000   0.8257   0.00904   0.00178  -0.0990   0.4973   1.0000  33.2202 160.0000
   4.000   0.9336   0.00953   0.00194  -0.0985   0.4809   1.0000  34.2205 160.0000
   5.000   1.0401   0.01004   0.00211  -0.0978   0.4633   1.0000  35.3087 160.0000
   6.000   1.1441   0.01055   0.00223  -0.0966   0.4426   1.0000  36.6129 160.0000
   7.000   1.2441   0.01116   0.00232  -0.0949   0.4175   1.0000  38.2183 160.0000
   8.000   1.3374   0.01189   0.00237  -0.0921   0.3820   1.0000  40.5423 160.0000
   9.000   1.4177   0.01311   0.00256  -0.0873   0.3340   1.0000  43.6994 160.0000
  10.000   1.4719   0.01495   0.00295  -0.0783   0.2757   1.0000  47.5393 160.0000
  11.000   1.4552   0.02047   0.00530  -0.0617   0.1441   1.0000  56.7688 160.0000
  12.000   1.4084   0.03088   0.01170  -0.0497   0.0489   1.0000  64.7764 160.0000
  13.000   1.3888   0.04229   0.01971  -0.0453   0.0255   1.0000  68.3932 160.0000
  14.000   1.3787   0.05461   0.02902  -0.0441   0.0214   1.0000  69.3069 160.0000
  15.000   1.3632   0.06898   0.04054  -0.0451   0.0192   1.0000  69.8488 160.0000
