  
       XFOIL         Version 6.99
  
 Calculated polar for: GOE 441 AIRFOIL                                 
  
 1 1 Reynolds number fixed          Mach number fixed         
  
 xtrf =   1.000 (top)        1.000 (bottom)  
 Mach =   0.000     Re =     0.500 e 6     Ncrit =   9.000  9.000
  
   alpha    CL        CD       CDp       CM     Top_Xtr  Bot_Xtr  Top_Itr  Bot_Itr
  ------ -------- --------- --------- -------- -------- -------- -------- --------
  -6.000   0.2584   0.01478   0.00565  -0.1956   0.6955   0.0441  19.0521 101.6997
  -4.000   0.4802   0.01294   0.00306  -0.1962   0.5259   0.0528  28.4678 103.2904
  -3.000   0.5972   0.01250   0.00260  -0.1973   0.5047   0.0664  29.5538 105.3682
  -2.000   0.7118   0.01274   0.00276  -0.1976   0.4893   0.0983  30.3307 109.0536
  -1.000   0.8263   0.01289   0.00275  -0.1982   0.4748   0.1233  31.0594 111.1254
   0.000   0.9413   0.01288   0.00276  -0.1990   0.4629   0.1539  31.6637 113.3213
   2.000   1.1664   0.01332   0.00331  -0.1999   0.4398   0.4664  32.8638 129.7716
   3.000   1.2746   0.01377   0.00359  -0.1994   0.4289   0.5572  33.4542 134.5229
   4.000   1.3790   0.01419   0.00395  -0.1983   0.4172   0.7615  34.0899 145.2260
   5.000   1.4737   0.01451   0.00404  -0.1952   0.4068   1.0000  34.6754 160.0000
   6.000   1.5708   0.01546   0.00426  -0.1931   0.3957   1.0000  35.3090 160.0000
   7.000   1.6593   0.01656   0.00443  -0.1895   0.3845   1.0000  35.9621 160.0000
   8.000   1.7402   0.01769   0.00472  -0.1849   0.3735   1.0000  36.6226 160.0000
   9.000   1.8139   0.01924   0.00506  -0.1796   0.3594   1.0000  37.4771 160.0000
  10.000   1.8794   0.02128   0.00557  -0.1738   0.3427   1.0000  38.5123 160.0000
  11.000   1.9369   0.02406   0.00644  -0.1677   0.3237   1.0000  39.7086 160.0000
  12.000   1.9826   0.02799   0.00793  -0.1612   0.3023   1.0000  41.0803 160.0000
  13.000   2.0188   0.03310   0.01017  -0.1550   0.2787   1.0000  42.6156 160.0000
  14.000   2.0285   0.04113   0.01432  -0.1482   0.2482   1.0000  44.6059 160.0000
  15.000   1.9998   0.05408   0.02224  -0.1414   0.2132   1.0000  46.9493 160.0000
