  
       XFOIL         Version 6.99
  
 Calculated polar for: GOE 427 AIRFOIL                                 
  
 1 1 Reynolds number fixed          Mach number fixed         
  
 xtrf =   1.000 (top)        1.000 (bottom)  
 Mach =   0.000     Re =     1.000 e 6     Ncrit =   9.000  9.000
  
   alpha    CL        CD       CDp       CM     Top_Xtr  Bot_Xtr  Top_Itr  Bot_Itr
  ------ -------- --------- --------- -------- -------- -------- -------- --------
  -3.000   0.2853   0.00754   0.00168  -0.1263   0.8954   0.0128  10.1104  88.2507
  -2.000   0.3924   0.00746   0.00151  -0.1247   0.8378   0.0273  14.3551  89.6578
   0.000   0.5978   0.00679   0.00027  -0.1205   0.7056   0.0426  23.6741  91.0000
   1.000   0.6930   0.00728   0.00008  -0.1171   0.5504   0.0465  34.5856  91.2846
   4.000   0.9732   0.01043   0.00189  -0.1087   0.0344   1.0000  71.8959 160.0000
   5.000   1.0712   0.01142   0.00243  -0.1064   0.0319   1.0000  72.1783 160.0000
   6.000   1.1666   0.01254   0.00300  -0.1040   0.0230   1.0000  73.1264 160.0000
   7.000   1.2525   0.01457   0.00368  -0.0997   0.0063   1.0000  75.6209 160.0000
   8.000   1.3187   0.01817   0.00560  -0.0920   0.0043   1.0000  76.4562 160.0000
   9.000   1.3639   0.02412   0.00902  -0.0816   0.0033   1.0000  76.9593 160.0000
  10.000   1.4001   0.03266   0.01496  -0.0706   0.0030   1.0000  77.1727 160.0000
  11.000   1.3683   0.04635   0.02589  -0.0543   0.0030   1.0000  77.1581 160.0000
