  
       XFOIL         Version 6.99
  
 Calculated polar for: GOE 439 AIRFOIL                                 
  
 1 1 Reynolds number fixed          Mach number fixed         
  
 xtrf =   1.000 (top)        1.000 (bottom)  
 Mach =   0.000     Re =     0.500 e 6     Ncrit =   9.000  9.000
  
   alpha    CL        CD       CDp       CM     Top_Xtr  Bot_Xtr  Top_Itr  Bot_Itr
  ------ -------- --------- --------- -------- -------- -------- -------- --------
  -4.000   0.1279   0.01647   0.00914  -0.1152   0.8459   0.0157  14.5237  89.4038
  -3.000   0.2323   0.01112   0.00298  -0.1129   0.7989   0.0209  17.7608  89.9947
  -2.000   0.3373   0.00909   0.00137  -0.1111   0.7563   0.0478  20.6823  92.3674
  -1.000   0.4438   0.00851   0.00080  -0.1096   0.7137   0.0836  23.5897  94.9440
   2.000   0.7635   0.00734   0.00077  -0.1067   0.5403   1.0000  35.3715 160.0000
   3.000   0.8654   0.00805   0.00093  -0.1048   0.4874   1.0000  38.9493 160.0000
   5.000   1.0678   0.00957   0.00139  -0.1014   0.3961   1.0000  45.1277 160.0000
   6.000   1.1637   0.01065   0.00164  -0.0989   0.3272   1.0000  49.8339 160.0000
   7.000   1.2157   0.01557   0.00372  -0.0902   0.0295   1.0000  72.2969 160.0000
   8.000   1.2702   0.01966   0.00561  -0.0808   0.0125   1.0000  74.0704 160.0000
   9.000   1.3052   0.02334   0.00756  -0.0692   0.0096   1.0000  74.6827 160.0000
  10.000   1.3008   0.03086   0.01194  -0.0560   0.0084   1.0000  74.9463 160.0000
  11.000   1.3747   0.04110   0.01648  -0.0519   0.0083   1.0000  74.9647 160.0000
