  
       XFOIL         Version 6.99
  
 Calculated polar for: GOE 405 AIRFOIL                                 
  
 1 1 Reynolds number fixed          Mach number fixed         
  
 xtrf =   1.000 (top)        1.000 (bottom)  
 Mach =   0.000     Re =     0.500 e 6     Ncrit =   9.000  9.000
  
   alpha    CL        CD       CDp       CM     Top_Xtr  Bot_Xtr  Top_Itr  Bot_Itr
  ------ -------- --------- --------- -------- -------- -------- -------- --------
  -6.000   0.0741   0.01614   0.00785  -0.1518   0.8305   0.0306  14.8174  94.2054
  -5.000   0.1745   0.01460   0.00578  -0.1498   0.7961   0.0377  17.0919  94.9813
  -4.000   0.2733   0.01162   0.00316  -0.1477   0.7688   0.0450  18.9315  95.6551
  -3.000   0.3767   0.01038   0.00186  -0.1458   0.7438   0.0499  20.5993  96.0877
  -2.000   0.4810   0.00954   0.00115  -0.1442   0.7208   0.0749  22.1241  98.0841
  -1.000   0.5856   0.00939   0.00121  -0.1428   0.6967   0.1598  23.6955 103.8442
   0.000   0.6896   0.00945   0.00121  -0.1413   0.6716   0.1985  25.3277 106.3478
   1.000   0.7907   0.00948   0.00109  -0.1392   0.6430   0.2380  27.1910 108.9356
   2.000   0.8867   0.00946   0.00094  -0.1362   0.6069   0.2944  29.5603 112.6704
   3.000   1.0034   0.00864   0.00109  -0.1383   0.5586   1.0000  32.7607 160.0000
   4.000   1.0849   0.00941   0.00108  -0.1325   0.5091   1.0000  36.0456 160.0000
   5.000   1.1633   0.01032   0.00117  -0.1264   0.4668   1.0000  38.8282 160.0000
   6.000   1.2364   0.01131   0.00127  -0.1194   0.4349   1.0000  40.9142 160.0000
   7.000   1.3048   0.01245   0.00137  -0.1120   0.3953   1.0000  43.4940 160.0000
   8.000   1.3672   0.01393   0.00154  -0.1042   0.3480   1.0000  46.5990 160.0000
   9.000   1.4045   0.01683   0.00227  -0.0934   0.2582   1.0000  52.6667 160.0000
  10.000   1.3490   0.02645   0.00736  -0.0739   0.0303   1.0000  70.5870 160.0000
  11.000   1.3690   0.03281   0.01111  -0.0663   0.0170   1.0000  72.6158 160.0000
  12.000   1.3686   0.04206   0.01737  -0.0597   0.0141   1.0000  73.1407 160.0000
  13.000   1.3623   0.05330   0.02577  -0.0557   0.0126   1.0000  73.4990 160.0000
  14.000   1.3421   0.06755   0.03723  -0.0540   0.0112   1.0000  73.8226 160.0000
  15.000   1.3152   0.08316   0.04990  -0.0530   0.0104   1.0000  74.0310 160.0000
