  
       XFOIL         Version 6.99
  
 Calculated polar for: GOE 488 AIRFOIL                                 
  
 1 1 Reynolds number fixed          Mach number fixed         
  
 xtrf =   1.000 (top)        1.000 (bottom)  
 Mach =   0.000     Re =     0.500 e 6     Ncrit =   9.000  9.000
  
   alpha    CL        CD       CDp       CM     Top_Xtr  Bot_Xtr  Top_Itr  Bot_Itr
  ------ -------- --------- --------- -------- -------- -------- -------- --------
   0.000   0.3473   0.00799   0.00084  -0.0724   0.8555   0.0621  13.3530  94.3810
   1.000   0.5127   0.00561   0.00061  -0.0837   0.7917   0.9994  17.7299 159.9160
   2.000   0.5861   0.00676   0.00048  -0.0750   0.5418   1.0000  34.7507 160.0000
   3.000   0.6640   0.00825   0.00085  -0.0682   0.3605   1.0000  47.0150 160.0000
   4.000   0.7562   0.00903   0.00113  -0.0642   0.3106   1.0000  50.3398 160.0000
   5.000   0.8486   0.00989   0.00131  -0.0603   0.2337   1.0000  55.5357 160.0000
   6.000   0.9274   0.01231   0.00209  -0.0547   0.0575   1.0000  68.2788 160.0000
   7.000   1.0105   0.01474   0.00315  -0.0493   0.0161   1.0000  72.7965 160.0000
   8.000   1.0843   0.01795   0.00491  -0.0425   0.0131   1.0000  73.2706 160.0000
   9.000   1.1447   0.02246   0.00755  -0.0340   0.0118   1.0000  73.5107 160.0000
  10.000   1.1995   0.02816   0.01134  -0.0259   0.0104   1.0000  73.7832 160.0000
  11.000   1.2143   0.04015   0.01965  -0.0131   0.0129   1.0000  73.3166 160.0000
