  
       XFOIL         Version 6.99
  
 Calculated polar for: GOE 476 AIRFOIL                                 
  
 1 1 Reynolds number fixed          Mach number fixed         
  
 xtrf =   1.000 (top)        1.000 (bottom)  
 Mach =   0.000     Re =     0.500 e 6     Ncrit =   9.000  9.000
  
   alpha    CL        CD       CDp       CM     Top_Xtr  Bot_Xtr  Top_Itr  Bot_Itr
  ------ -------- --------- --------- -------- -------- -------- -------- --------
  -6.000  -0.1099   0.01519   0.00534  -0.1136   0.7256   0.0640  17.2670 105.9712
  -5.000  -0.0129   0.01355   0.00400  -0.1105   0.6969   0.0683  18.8137 106.5610
  -4.000   0.0879   0.01246   0.00292  -0.1077   0.6744   0.0734  20.0217 107.2400
  -3.000   0.1904   0.01178   0.00223  -0.1052   0.6544   0.0800  21.0908 108.0414
  -2.000   0.2924   0.01112   0.00174  -0.1027   0.6365   0.0918  22.0413 109.3287
  -1.000   0.3959   0.01083   0.00153  -0.1004   0.6183   0.1200  23.0052 111.8846
   0.000   0.4995   0.01076   0.00153  -0.0981   0.6004   0.1605  23.9475 114.6769
   1.000   0.6001   0.01068   0.00138  -0.0953   0.5800   0.1897  25.0316 116.3457
   2.000   0.6964   0.01053   0.00122  -0.0916   0.5583   0.2342  26.2099 118.6948
   3.000   0.9549   0.00952   0.00168  -0.1231   0.5308   1.0000  27.7448 160.0000
   4.000   1.0388   0.00993   0.00171  -0.1172   0.5073   1.0000  29.0904 160.0000
   5.000   1.1176   0.01040   0.00174  -0.1103   0.4807   1.0000  30.6296 160.0000
   6.000   1.1869   0.01104   0.00174  -0.1017   0.4496   1.0000  32.4214 160.0000
   7.000   1.2456   0.01179   0.00171  -0.0911   0.4232   1.0000  33.9275 160.0000
   8.000   1.2931   0.01268   0.00159  -0.0786   0.3888   1.0000  35.8822 160.0000
   9.000   1.3292   0.01446   0.00173  -0.0657   0.3206   1.0000  39.9885 160.0000
  10.000   1.3347   0.01862   0.00321  -0.0510   0.2371   1.0000  45.1752 160.0000
  11.000   1.3654   0.02277   0.00513  -0.0423   0.2089   1.0000  46.8460 160.0000
  12.000   1.4016   0.02733   0.00744  -0.0361   0.1877   1.0000  48.1347 160.0000
  13.000   1.4369   0.03253   0.01021  -0.0312   0.1668   1.0000  49.5053 160.0000
  14.000   1.4588   0.03943   0.01419  -0.0270   0.1401   1.0000  51.4266 160.0000
  15.000   1.4570   0.04918   0.02045  -0.0233   0.1047   1.0000  54.3258 160.0000
