  
       XFOIL         Version 6.99
  
 Calculated polar for: GOE 425 AIRFOIL                                 
  
 1 1 Reynolds number fixed          Mach number fixed         
  
 xtrf =   1.000 (top)        1.000 (bottom)  
 Mach =   0.000     Re =     0.500 e 6     Ncrit =   9.000  9.000
  
   alpha    CL        CD       CDp       CM     Top_Xtr  Bot_Xtr  Top_Itr  Bot_Itr
  ------ -------- --------- --------- -------- -------- -------- -------- --------
  -6.000  -0.1965   0.01936   0.00920  -0.0860   0.6392   0.0428  22.9576 100.4379
  -5.000  -0.0905   0.01613   0.00602  -0.0848   0.6148   0.0419  24.3890 100.3052
  -4.000   0.0170   0.01415   0.00426  -0.0839   0.5941   0.0428  25.6173 100.4419
  -3.000   0.1247   0.01288   0.00311  -0.0831   0.5765   0.0451  26.6580 100.8188
  -2.000   0.2328   0.01185   0.00232  -0.0825   0.5613   0.0480  27.5540 101.2506
  -1.000   0.3438   0.01133   0.00189  -0.0823   0.5477   0.0567  28.3516 102.4744
   0.000   0.4484   0.00992   0.00179  -0.0817   0.5350   0.4687  29.0990 129.0649
   1.000   0.5582   0.00977   0.00199  -0.0814   0.5227   0.6163  29.8128 137.1766
   2.000   0.6858   0.00920   0.00232  -0.0843   0.5109   0.9536  30.5040 156.0843
   3.000   0.8231   0.00970   0.00248  -0.0902   0.4990   1.0000  31.2030 160.0000
   4.000   0.9271   0.01018   0.00258  -0.0890   0.4863   1.0000  31.9482 160.0000
   5.000   1.0302   0.01057   0.00270  -0.0876   0.4726   1.0000  32.7681 160.0000
   6.000   1.1335   0.01106   0.00282  -0.0865   0.4578   1.0000  33.6590 160.0000
   7.000   1.2352   0.01155   0.00285  -0.0852   0.4403   1.0000  34.7368 160.0000
   8.000   1.3341   0.01218   0.00288  -0.0836   0.4203   1.0000  35.9900 160.0000
   9.000   1.4291   0.01287   0.00298  -0.0815   0.3952   1.0000  37.5967 160.0000
  10.000   1.5118   0.01404   0.00315  -0.0777   0.3599   1.0000  39.8769 160.0000
  11.000   1.5657   0.01622   0.00376  -0.0699   0.3108   1.0000  43.0216 160.0000
  12.000   1.5659   0.02261   0.00688  -0.0597   0.2175   1.0000  49.3094 160.0000
  13.000   1.5258   0.03533   0.01496  -0.0533   0.1539   1.0000  53.7357 160.0000
  14.000   1.5096   0.04688   0.02274  -0.0499   0.1255   1.0000  55.7157 160.0000
  15.000   1.4936   0.05957   0.03167  -0.0482   0.0995   1.0000  57.7803 160.0000
