  
       XFOIL         Version 6.99
  
 Calculated polar for: GOE 482 AIRFOIL                                 
  
 1 1 Reynolds number fixed          Mach number fixed         
  
 xtrf =   1.000 (top)        1.000 (bottom)  
 Mach =   0.000     Re =     1.000 e 6     Ncrit =   9.000  9.000
  
   alpha    CL        CD       CDp       CM     Top_Xtr  Bot_Xtr  Top_Itr  Bot_Itr
  ------ -------- --------- --------- -------- -------- -------- -------- --------
  -6.000   0.3233   0.01446   0.00668  -0.1968   0.6010   0.0492  25.5819 102.5040
  -5.000   0.4348   0.01282   0.00471  -0.1975   0.5645   0.0506  27.7084 102.7092
  -4.000   0.5473   0.01192   0.00350  -0.1978   0.5384   0.0521  29.2100 102.9299
  -3.000   0.6605   0.01083   0.00253  -0.1985   0.5196   0.0544  30.2754 103.2410
  -2.000   0.7732   0.01049   0.00208  -0.1987   0.5039   0.0573  31.1681 103.5991
  -1.000   0.8844   0.01042   0.00179  -0.1986   0.4888   0.0602  32.0314 103.9782
   0.000   0.9965   0.01024   0.00154  -0.1989   0.4762   0.0669  32.7516 104.7069
   1.000   1.1060   0.01031   0.00144  -0.1986   0.4630   0.0799  33.5199 105.9799
   2.000   1.2133   0.01015   0.00161  -0.1985   0.4498   0.3389  34.2957 121.3009
   3.000   1.3145   0.01059   0.00174  -0.1970   0.4350   0.4040  35.1723 125.0777
   4.000   1.4096   0.01103   0.00187  -0.1945   0.4200   0.4833  36.0761 129.4698
   6.000   1.5679   0.01205   0.00226  -0.1840   0.3882   1.0000  38.0276 160.0000
   7.000   1.6404   0.01334   0.00250  -0.1784   0.3724   1.0000  39.0101 160.0000
   8.000   1.7080   0.01499   0.00288  -0.1727   0.3553   1.0000  40.0711 160.0000
   9.000   1.7691   0.01719   0.00349  -0.1669   0.3373   1.0000  41.1902 160.0000
  10.000   1.8244   0.02005   0.00442  -0.1612   0.3206   1.0000  42.2269 160.0000
  11.000   1.8728   0.02367   0.00574  -0.1558   0.3028   1.0000  43.3476 160.0000
  12.000   1.9078   0.02860   0.00778  -0.1499   0.2805   1.0000  44.7765 160.0000
  13.000   1.9197   0.03598   0.01140  -0.1435   0.2476   1.0000  46.9740 160.0000
  14.000   1.8550   0.05222   0.02169  -0.1354   0.1768   1.0000  52.0703 160.0000
  15.000   1.7672   0.07487   0.03848  -0.1321   0.1179   1.0000  56.5894 160.0000
