  
       XFOIL         Version 6.99
  
 Calculated polar for: GOE 444 AIRFOIL                                 
  
 1 1 Reynolds number fixed          Mach number fixed         
  
 xtrf =   1.000 (top)        1.000 (bottom)  
 Mach =   0.000     Re =     0.500 e 6     Ncrit =   9.000  9.000
  
   alpha    CL        CD       CDp       CM     Top_Xtr  Bot_Xtr  Top_Itr  Bot_Itr
  ------ -------- --------- --------- -------- -------- -------- -------- --------
  -5.000  -0.5393   0.02966   0.01799  -0.0064   1.0000   0.0111   1.0000  86.2004
  -1.000  -0.1609   0.00523   0.00069   0.0117   1.0000   0.9700   1.0000 156.4046
   0.000   0.0000   0.00543   0.00078  -0.0000   1.0000   1.0000   1.0000 160.0000
   1.000   0.1609   0.00523   0.00069  -0.0117   0.9700   1.0000   4.5961 160.0000
   2.000   0.2893   0.00886   0.00070  -0.0158   0.0171   1.0000  74.1345 160.0000
   3.000   0.3720   0.01301   0.00307  -0.0088   0.0099   1.0000  74.9299 160.0000
   7.000   0.5705   0.05289   0.04189   0.0174   0.0091   1.0000  75.0528 160.0000
   8.000   0.5442   0.07176   0.05632   0.0107   0.0091   1.0000  75.0473 160.0000
   9.000   0.5348   0.09098   0.07099   0.0014   0.0090   1.0000  75.0721 160.0000
  10.000   0.5386   0.10848   0.08561  -0.0054   0.0084   1.0000  75.2130 160.0000
  11.000   0.5436   0.12544   0.10014  -0.0119   0.0075   1.0000  75.4573 160.0000
  12.000   0.5509   0.14057   0.11349  -0.0175   0.0059   1.0000  75.8468 160.0000
  13.000   0.6665   0.16029   0.15240  -0.0285   0.0051   1.0000  76.0885 160.0000
  14.000   0.6902   0.17541   0.17371  -0.0355   0.0045   1.0000  76.3513 160.0000
  15.000   0.7161   0.19016   0.19529  -0.0420   0.0039   1.0000  76.5939 160.0000
