  
       XFOIL         Version 6.99
  
 Calculated polar for: GOE 409 AIRFOIL                                 
  
 1 1 Reynolds number fixed          Mach number fixed         
  
 xtrf =   1.000 (top)        1.000 (bottom)  
 Mach =   0.000     Re =     0.500 e 6     Ncrit =   9.000  9.000
  
   alpha    CL        CD       CDp       CM     Top_Xtr  Bot_Xtr  Top_Itr  Bot_Itr
  ------ -------- --------- --------- -------- -------- -------- -------- --------
  -6.000  -0.6449   0.01473   0.00448  -0.0053   0.9785   0.0620   3.2247  98.3215
  -5.000  -0.5060   0.01288   0.00321  -0.0121   0.9695   0.0663   3.9938  98.6604
  -4.000  -0.3747   0.01156   0.00240  -0.0168   0.9579   0.0729   4.8905  99.1738
  -3.000  -0.2689   0.00985   0.00178  -0.0160   0.9380   0.2028   6.2978 108.2667
  -1.000  -0.0944   0.00678   0.00100  -0.0050   0.8628   0.6401  11.1843 135.8463
   0.000   0.0000   0.00626   0.00089  -0.0000   0.7851   0.7851  16.0965 144.9034
   1.000   0.0944   0.00678   0.00100   0.0050   0.6401   0.8628  25.1537 149.8157
   3.000   0.2689   0.00985   0.00178   0.0160   0.2028   0.9380  52.7345 154.7028
   4.000   0.3748   0.01156   0.00240   0.0168   0.0729   0.9579  61.8262 156.1110
   5.000   0.5061   0.01288   0.00321   0.0121   0.0663   0.9695  62.3397 157.0064
   6.000   0.6449   0.01473   0.00448   0.0053   0.0620   0.9785  62.6786 157.7784
   7.000   0.7727   0.01761   0.00636   0.0003   0.0588   0.9892  62.9266 158.7661
   8.000   0.9069   0.02040   0.00860  -0.0059   0.0563   0.9982  63.1502 159.7793
   9.000   0.9798   0.02190   0.00996  -0.0001   0.0514   1.0000  63.6023 160.0000
  10.000   1.0330   0.02564   0.01225   0.0086   0.0467   1.0000  64.0349 160.0000
  11.000   1.0588   0.02599   0.01259   0.0234   0.0434   1.0000  64.4297 160.0000
  12.000   1.0788   0.02668   0.01221   0.0377   0.0398   1.0000  64.8568 160.0000
  13.000   1.1103   0.02834   0.01271   0.0472   0.0350   1.0000  65.5388 160.0000
  14.000   1.1648   0.02942   0.01228   0.0518   0.0284   1.0000  66.6616 160.0000
  15.000   1.2065   0.03358   0.01433   0.0551   0.0211   1.0000  68.2013 160.0000
