  
       XFOIL         Version 6.99
  
 Calculated polar for: GOE 491 AIRFOIL                                 
  
 1 1 Reynolds number fixed          Mach number fixed         
  
 xtrf =   1.000 (top)        1.000 (bottom)  
 Mach =   0.000     Re =     0.500 e 6     Ncrit =   9.000  9.000
  
   alpha    CL        CD       CDp       CM     Top_Xtr  Bot_Xtr  Top_Itr  Bot_Itr
  ------ -------- --------- --------- -------- -------- -------- -------- --------
  -2.000  -0.0171   0.00901   0.00151  -0.0321   0.9660   0.0421   4.8800  90.9126
  -1.000   0.1251   0.00860   0.00155  -0.0383   0.9360   0.0720   7.1524  93.2408
   0.000   0.2632   0.00762   0.00065  -0.0435   0.8697   0.0858  11.8901  94.2419
   1.000   0.3348   0.00608   0.00026  -0.0344   0.6595   0.7723  26.7126 142.2868
   2.000   0.5276   0.00715   0.00040  -0.0529   0.4411   1.0000  41.9878 160.0000
   3.000   0.6234   0.00775   0.00057  -0.0495   0.3774   1.0000  46.4263 160.0000
   4.000   0.7170   0.00862   0.00071  -0.0459   0.2583   1.0000  54.8220 160.0000
   5.000   0.8006   0.01086   0.00153  -0.0409   0.0613   1.0000  69.0918 160.0000
   6.000   0.8896   0.01255   0.00257  -0.0365   0.0399   1.0000  70.9059 160.0000
   7.000   0.9726   0.01495   0.00392  -0.0313   0.0169   1.0000  73.1454 160.0000
   8.000   1.0382   0.01986   0.00669  -0.0229   0.0095   1.0000  74.1511 160.0000
   9.000   1.0946   0.02796   0.01239  -0.0139   0.0082   1.0000  74.5281 160.0000
  10.000   1.1276   0.03602   0.01861  -0.0046   0.0068   1.0000  74.9242 160.0000
