  
       XFOIL         Version 6.99
  
 Calculated polar for: GOE 484 AIRFOIL                                 
  
 1 1 Reynolds number fixed          Mach number fixed         
  
 xtrf =   1.000 (top)        1.000 (bottom)  
 Mach =   0.000     Re =     1.000 e 6     Ncrit =   9.000  9.000
  
   alpha    CL        CD       CDp       CM     Top_Xtr  Bot_Xtr  Top_Itr  Bot_Itr
  ------ -------- --------- --------- -------- -------- -------- -------- --------
  -6.000  -0.0513   0.04844   0.04439  -0.1151   0.9591   0.0238   5.5181  92.3247
  -5.000   0.0839   0.02751   0.02025  -0.1420   0.9318   0.0278   7.8611  92.9983
  -4.000   0.1806   0.01674   0.01183  -0.1464   0.9034   0.0318   9.9496  93.4989
  -2.000   0.3943   0.00895   0.00294  -0.1452   0.8579   0.0340  12.9489  93.7719
  -1.000   0.5018   0.00729   0.00134  -0.1439   0.8346   0.0323  14.4793  93.5589
   0.000   0.6068   0.00669   0.00056  -0.1418   0.7883   0.0345  17.4897  93.8328
   1.000   0.7043   0.00683   0.00018  -0.1382   0.6738   0.0358  25.1516  93.9954
   2.000   0.7991   0.00738   0.00028  -0.1345   0.5571   0.1394  32.7233 101.8426
   4.000   0.9638   0.01057   0.00216  -0.1241   0.0449   1.0000  67.3144 160.0000
   5.000   1.0567   0.01204   0.00300  -0.1203   0.0370   1.0000  68.0039 160.0000
   6.000   1.1504   0.01321   0.00377  -0.1169   0.0344   1.0000  68.2952 160.0000
   7.000   1.2365   0.01484   0.00474  -0.1124   0.0293   1.0000  68.8497 160.0000
   8.000   1.3216   0.01628   0.00560  -0.1078   0.0249   1.0000  69.4301 160.0000
   9.000   1.4017   0.01763   0.00617  -0.1025   0.0199   1.0000  70.1956 160.0000
  10.000   1.4737   0.01904   0.00667  -0.0959   0.0150   1.0000  71.1489 160.0000
  11.000   1.5260   0.02182   0.00819  -0.0867   0.0115   1.0000  72.0158 160.0000
  12.000   1.5766   0.02485   0.01010  -0.0783   0.0098   1.0000  72.5428 160.0000
  13.000   1.5997   0.03046   0.01390  -0.0682   0.0083   1.0000  73.0450 160.0000
  14.000   1.6255   0.03643   0.01824  -0.0607   0.0076   1.0000  73.3488 160.0000
  15.000   1.6361   0.04463   0.02446  -0.0548   0.0069   1.0000  73.6308 160.0000
