  
       XFOIL         Version 6.99
  
 Calculated polar for: GOE 481A AIRFOIL                                
  
 1 1 Reynolds number fixed          Mach number fixed         
  
 xtrf =   1.000 (top)        1.000 (bottom)  
 Mach =   0.000     Re =     1.000 e 6     Ncrit =   9.000  9.000
  
   alpha    CL        CD       CDp       CM     Top_Xtr  Bot_Xtr  Top_Itr  Bot_Itr
  ------ -------- --------- --------- -------- -------- -------- -------- --------
  -6.000  -0.1129   0.01171   0.00270  -0.1291   0.8897   0.0523   9.5033 105.4609
  -5.000   0.0048   0.01050   0.00148  -0.1294   0.8672   0.0543  10.8103 105.8264
  -4.000   0.1017   0.00956   0.00032  -0.1253   0.8145   0.0566  13.7385 106.2271
  -3.000   0.1559   0.00967  -0.00058  -0.1119   0.6970   0.0589  20.0072 106.6204
  -2.000   0.2158   0.00993  -0.00129  -0.1001   0.6178   0.0612  23.9629 107.0076
  -1.000   0.2924   0.00987  -0.00196  -0.0919   0.5712   0.0663  26.2558 107.8130
   0.000   0.3742   0.00990  -0.00256  -0.0849   0.5344   0.0743  28.0673 108.9978
   1.000   0.4580   0.00996  -0.00297  -0.0784   0.5035   0.1195  29.5977 114.1952
   2.000   0.5454   0.01036  -0.00324  -0.0728   0.4754   0.1371  31.0049 115.7378
   3.000   0.6321   0.01068  -0.00365  -0.0672   0.4452   0.1480  32.5494 116.5992
   4.000   0.7160   0.01111  -0.00411  -0.0613   0.4156   0.1581  34.0949 117.3422
   5.000   0.7989   0.01166  -0.00455  -0.0555   0.3835   0.1676  35.8031 118.0044
   6.000   0.8832   0.01225  -0.00491  -0.0502   0.3558   0.1828  37.2897 118.9700
