  
       XFOIL         Version 6.99
  
 Calculated polar for: GOE 495 AIRFOIL                                 
  
 1 1 Reynolds number fixed          Mach number fixed         
  
 xtrf =   1.000 (top)        1.000 (bottom)  
 Mach =   0.000     Re =     1.000 e 6     Ncrit =   9.000  9.000
  
   alpha    CL        CD       CDp       CM     Top_Xtr  Bot_Xtr  Top_Itr  Bot_Itr
  ------ -------- --------- --------- -------- -------- -------- -------- --------
  -6.000  -0.0462   0.00955   0.00295  -0.1458   0.9302   0.0123   7.4478  89.2442
  -5.000   0.0658   0.00859   0.00228  -0.1457   0.8974   0.0196   9.7512  90.3630
  -4.000   0.1763   0.00795   0.00172  -0.1453   0.8679   0.0294  11.8580  91.3906
  -3.000   0.2869   0.00746   0.00113  -0.1448   0.8426   0.0360  13.6733  91.9872
  -2.000   0.3979   0.00671   0.00046  -0.1444   0.8196   0.0395  15.2956  92.2660
  -1.000   0.5086   0.00613   0.00020  -0.1440   0.7957   0.1552  16.9484 100.5634
   0.000   0.6173   0.00582   0.00019  -0.1432   0.7574   0.3095  19.5731 111.0385
   1.000   0.7253   0.00558   0.00028  -0.1424   0.7165   0.5219  22.3888 125.5556
   3.000   0.9292   0.00595   0.00053  -0.1380   0.5487   1.0000  34.0318 160.0000
   4.000   1.0283   0.00706   0.00082  -0.1356   0.4291   1.0000  42.2731 160.0000
   5.000   1.1107   0.00981   0.00182  -0.1308   0.1704   1.0000  60.3843 160.0000
   6.000   1.1972   0.01216   0.00288  -0.1267   0.0418   1.0000  70.0603 160.0000
   7.000   1.2896   0.01369   0.00364  -0.1235   0.0219   1.0000  72.1156 160.0000
   8.000   1.3715   0.01609   0.00479  -0.1184   0.0090   1.0000  74.1480 160.0000
   9.000   1.4368   0.01956   0.00671  -0.1108   0.0065   1.0000  75.0089 160.0000
  10.000   1.4960   0.02227   0.00837  -0.1024   0.0053   1.0000  75.5479 160.0000
  11.000   1.5214   0.02755   0.01174  -0.0904   0.0045   1.0000  75.9461 160.0000
  12.000   1.5405   0.03442   0.01660  -0.0803   0.0041   1.0000  76.1568 160.0000
  13.000   1.5460   0.04345   0.02355  -0.0725   0.0038   1.0000  76.3713 160.0000
  14.000   1.5271   0.05672   0.03456  -0.0683   0.0035   1.0000  76.5338 160.0000
  15.000   1.4828   0.07676   0.05254  -0.0713   0.0034   1.0000  76.6234 160.0000
