  
       XFOIL         Version 6.99
  
 Calculated polar for: GOE 423 AIRFOIL                                 
  
 1 1 Reynolds number fixed          Mach number fixed         
  
 xtrf =   1.000 (top)        1.000 (bottom)  
 Mach =   0.000     Re =     0.500 e 6     Ncrit =   9.000  9.000
  
   alpha    CL        CD       CDp       CM     Top_Xtr  Bot_Xtr  Top_Itr  Bot_Itr
  ------ -------- --------- --------- -------- -------- -------- -------- --------
  -6.000  -0.1333   0.01579   0.00553  -0.1071   0.6271   0.0630  23.5279 106.1726
  -5.000  -0.0298   0.01456   0.00443  -0.1060   0.6101   0.0666  24.4224 106.6404
  -4.000   0.0745   0.01355   0.00344  -0.1048   0.5969   0.0702  25.1119 107.0985
  -3.000   0.1792   0.01274   0.00282  -0.1037   0.5859   0.0766  25.6855 107.8509
  -2.000   0.2861   0.01224   0.00239  -0.1030   0.5767   0.0871  26.1641 108.9673
  -1.000   0.3926   0.01165   0.00224  -0.1024   0.5686   0.1650  26.5834 114.7797
   0.000   0.4937   0.01075   0.00228  -0.1013   0.5605   0.5102  27.0068 133.1614
   1.000   0.6027   0.00999   0.00282  -0.1002   0.5546   0.9308  27.3193 154.8184
   2.000   0.7924   0.01075   0.00341  -0.1168   0.5477   0.9906  27.6864 159.0149
   3.000   0.9432   0.01129   0.00359  -0.1262   0.5408   1.0000  28.0596 160.0000
   4.000   1.0286   0.01136   0.00336  -0.1215   0.5282   1.0000  28.7455 160.0000
   5.000   1.1104   0.01155   0.00307  -0.1160   0.5129   1.0000  29.5958 160.0000
   6.000   1.1907   0.01181   0.00279  -0.1101   0.4980   1.0000  30.4431 160.0000
   7.000   1.2608   0.01203   0.00233  -0.1023   0.4775   1.0000  31.6489 160.0000
   8.000   1.3189   0.01251   0.00186  -0.0923   0.4447   1.0000  33.6593 160.0000
   9.000   1.3123   0.01651   0.00283  -0.0740   0.2973   1.0000  43.0812 160.0000
  10.000   1.2374   0.02781   0.00933  -0.0545   0.1062   1.0000  56.1446 160.0000
  11.000   1.2220   0.03830   0.01637  -0.0471   0.0503   1.0000  62.4344 160.0000
  12.000   1.2361   0.04740   0.02264  -0.0437   0.0458   1.0000  63.1511 160.0000
  13.000   1.2503   0.05677   0.02926  -0.0410   0.0432   1.0000  63.5941 160.0000
  14.000   1.2475   0.06821   0.03775  -0.0385   0.0409   1.0000  63.9984 160.0000
  15.000   1.2642   0.07788   0.04492  -0.0372   0.0396   1.0000  64.2512 160.0000
