  
       XFOIL         Version 6.99
  
 Calculated polar for: GOE 413 AIRFOIL                                 
  
 1 1 Reynolds number fixed          Mach number fixed         
  
 xtrf =   1.000 (top)        1.000 (bottom)  
 Mach =   0.000     Re =     0.500 e 6     Ncrit =   9.000  9.000
  
   alpha    CL        CD       CDp       CM     Top_Xtr  Bot_Xtr  Top_Itr  Bot_Itr
  ------ -------- --------- --------- -------- -------- -------- -------- --------
  -6.000  -0.1633   0.01623   0.00616  -0.1107   0.7102   0.0564  17.2316 104.9734
  -5.000  -0.0519   0.01395   0.00443  -0.1109   0.6700   0.0583  19.3638 105.2990
  -4.000   0.0628   0.01282   0.00335  -0.1113   0.6406   0.0612  20.8849 105.7772
  -3.000   0.1794   0.01185   0.00254  -0.1120   0.6175   0.0646  22.0532 106.3295
  -2.000   0.2973   0.01127   0.00201  -0.1128   0.5962   0.0704  23.1119 107.2273
  -1.000   0.4154   0.01056   0.00173  -0.1139   0.5773   0.1713  24.0454 116.7752
   0.000   0.5333   0.01033   0.00178  -0.1146   0.5595   0.2586  24.9367 121.6268
   1.000   0.6509   0.01018   0.00188  -0.1154   0.5418   0.3690  25.8347 127.1066
   2.000   0.7675   0.01007   0.00202  -0.1160   0.5219   0.5022  26.8592 133.4850
   3.000   0.8818   0.00999   0.00215  -0.1161   0.4975   0.6638  28.1464 141.5143
   4.000   0.9827   0.00966   0.00222  -0.1127   0.4706   1.0000  29.6004 160.0000
   5.000   1.0953   0.01028   0.00230  -0.1128   0.4369   1.0000  31.4613 160.0000
   6.000   1.2029   0.01117   0.00251  -0.1122   0.3951   1.0000  33.8155 160.0000
   7.000   1.3044   0.01240   0.00292  -0.1108   0.3494   1.0000  36.4165 160.0000
   8.000   1.3967   0.01404   0.00354  -0.1083   0.3021   1.0000  39.1351 160.0000
   9.000   1.4658   0.01657   0.00454  -0.1026   0.2313   1.0000  43.3886 160.0000
  10.000   1.4488   0.02495   0.00936  -0.0904   0.0883   1.0000  54.5378 160.0000
  11.000   1.4765   0.03168   0.01375  -0.0853   0.0767   1.0000  55.8692 160.0000
  12.000   1.5003   0.03945   0.01907  -0.0816   0.0731   1.0000  56.3091 160.0000
  13.000   1.5091   0.04951   0.02627  -0.0789   0.0704   1.0000  56.6492 160.0000
  14.000   1.5030   0.06200   0.03563  -0.0774   0.0684   1.0000  56.8985 160.0000
  15.000   1.5016   0.07428   0.04497  -0.0766   0.0672   1.0000  57.0594 160.0000
