  
       XFOIL         Version 6.99
  
 Calculated polar for: GOE 496 AIRFOIL                                 
  
 1 1 Reynolds number fixed          Mach number fixed         
  
 xtrf =   1.000 (top)        1.000 (bottom)  
 Mach =   0.000     Re =     1.000 e 6     Ncrit =   9.000  9.000
  
   alpha    CL        CD       CDp       CM     Top_Xtr  Bot_Xtr  Top_Itr  Bot_Itr
  ------ -------- --------- --------- -------- -------- -------- -------- --------
  -6.000  -0.0347   0.01007   0.00340  -0.1486   0.8910   0.0356  10.4097  94.7247
  -5.000   0.0752   0.00916   0.00233  -0.1479   0.8486   0.0376  13.0826  94.9911
  -4.000   0.1844   0.00786   0.00121  -0.1473   0.8103   0.0419  15.4781  95.4500
  -3.000   0.2951   0.00741   0.00071  -0.1466   0.7758   0.0480  17.6652  96.0692
  -2.000   0.4058   0.00699   0.00046  -0.1460   0.7421   0.1107  19.8183 100.9982
  -1.000   0.5159   0.00693   0.00036  -0.1451   0.7038   0.1329  22.2569 102.5845
   0.000   0.6247   0.00673   0.00031  -0.1443   0.6591   0.2440  25.0954 110.1456
   1.000   0.7326   0.00674   0.00039  -0.1433   0.6094   0.3746  28.2589 118.4156
   2.000   0.8399   0.00692   0.00053  -0.1421   0.5653   0.4929  31.0714 125.8316
   3.000   0.9436   0.00640   0.00078  -0.1402   0.5255   1.0000  33.5984 160.0000
   4.000   1.0496   0.00697   0.00092  -0.1388   0.4831   1.0000  36.2940 160.0000
   5.000   1.1503   0.00785   0.00114  -0.1366   0.4096   1.0000  40.9974 160.0000
   6.000   1.2334   0.01003   0.00192  -0.1316   0.2437   1.0000  51.7970 160.0000
   7.000   1.3252   0.01139   0.00248  -0.1281   0.1886   1.0000  55.3726 160.0000
   8.000   1.4044   0.01338   0.00329  -0.1227   0.1059   1.0000  61.1886 160.0000
   9.000   1.4564   0.01636   0.00476  -0.1126   0.0314   1.0000  67.9629 160.0000
  10.000   1.5063   0.01901   0.00608  -0.1026   0.0156   1.0000  70.8126 160.0000
  11.000   1.5544   0.02200   0.00774  -0.0936   0.0125   1.0000  71.6317 160.0000
  12.000   1.5882   0.02634   0.01037  -0.0845   0.0104   1.0000  72.2448 160.0000
  13.000   1.6171   0.03176   0.01390  -0.0771   0.0092   1.0000  72.6878 160.0000
  14.000   1.6116   0.04148   0.02085  -0.0704   0.0082   1.0000  73.0337 160.0000
  15.000   1.6197   0.05153   0.02843  -0.0677   0.0077   1.0000  73.2631 160.0000
