  
       XFOIL         Version 6.99
  
 Calculated polar for: GOE 450 AIRFOIL                                 
  
 1 1 Reynolds number fixed          Mach number fixed         
  
 xtrf =   1.000 (top)        1.000 (bottom)  
 Mach =   0.000     Re =     1.000 e 6     Ncrit =   9.000  9.000
  
   alpha    CL        CD       CDp       CM     Top_Xtr  Bot_Xtr  Top_Itr  Bot_Itr
  ------ -------- --------- --------- -------- -------- -------- -------- --------
  -3.000   0.2584   0.00531   0.00534  -0.1242   0.7927   0.0391  16.2419  95.5153
  -2.000   0.3750   0.00957   0.00282  -0.1266   0.7565   0.0332  18.6278  94.8627
  -1.000   0.4845   0.00823   0.00141  -0.1261   0.7086   0.0334  21.7756  94.8878
   0.000   0.5945   0.00769   0.00076  -0.1258   0.6637   0.0350  24.7223  95.0776
   1.000   0.7044   0.00757   0.00049  -0.1254   0.6195   0.0391  27.5980  95.5170
   2.000   0.8133   0.00699   0.00062  -0.1255   0.5748   0.4838  30.4984 125.3672
   4.000   1.0202   0.00737   0.00100  -0.1229   0.4322   1.0000  39.9076 160.0000
   5.000   1.1190   0.00862   0.00140  -0.1211   0.3363   1.0000  46.1934 160.0000
   6.000   1.2024   0.01113   0.00239  -0.1170   0.1587   1.0000  58.4509 160.0000
   7.000   1.2808   0.01380   0.00362  -0.1119   0.0390   1.0000  68.1486 160.0000
   8.000   1.3660   0.01552   0.00453  -0.1080   0.0304   1.0000  69.1403 160.0000
   9.000   1.4353   0.01770   0.00570  -0.1014   0.0235   1.0000  70.0437 160.0000
  10.000   1.4989   0.01992   0.00680  -0.0944   0.0177   1.0000  71.0187 160.0000
  11.000   1.5548   0.02279   0.00828  -0.0874   0.0132   1.0000  72.0247 160.0000
  12.000   1.6007   0.02663   0.01051  -0.0803   0.0108   1.0000  72.7282 160.0000
  13.000   1.6250   0.03270   0.01445  -0.0726   0.0091   1.0000  73.3080 160.0000
  14.000   1.6425   0.04023   0.01962  -0.0669   0.0079   1.0000  73.7465 160.0000
  15.000   1.6248   0.05277   0.02898  -0.0624   0.0072   1.0000  74.0574 160.0000
