  
       XFOIL         Version 6.99
  
 Calculated polar for: GOE 434 AIRFOIL                                 
  
 1 1 Reynolds number fixed          Mach number fixed         
  
 xtrf =   1.000 (top)        1.000 (bottom)  
 Mach =   0.000     Re =     1.000 e 6     Ncrit =   9.000  9.000
  
   alpha    CL        CD       CDp       CM     Top_Xtr  Bot_Xtr  Top_Itr  Bot_Itr
  ------ -------- --------- --------- -------- -------- -------- -------- --------
  -6.000  -0.0467   0.01102   0.00247  -0.1395   0.5993   0.1037  19.4811 113.5412
  -5.000   0.0723   0.01019   0.00201  -0.1408   0.5877   0.1633  19.9611 119.3981
  -4.000   0.1937   0.00954   0.00168  -0.1422   0.5816   0.2047  20.2235 122.3869
  -3.000   0.3151   0.00914   0.00159  -0.1434   0.5726   0.2677  20.6174 126.4932
  -2.000   0.4363   0.00916   0.00159  -0.1442   0.5605   0.2919  21.1521 127.8245
  -1.000   0.5575   0.00911   0.00155  -0.1450   0.5492   0.3101  21.6737 128.7252
   0.000   0.6777   0.00915   0.00150  -0.1457   0.5360   0.3246  22.3055 129.3908
   1.000   0.7961   0.00929   0.00145  -0.1461   0.5198   0.3377  23.1126 129.9737
   2.000   0.9134   0.00938   0.00139  -0.1465   0.4990   0.3563  24.2045 130.7463
   3.000   1.0260   0.00971   0.00136  -0.1461   0.4676   0.3736  25.9138 131.4475
   4.000   1.1326   0.01033   0.00147  -0.1448   0.4283   0.3950  28.0725 132.2871
   5.000   1.2328   0.01116   0.00171  -0.1426   0.3868   0.4251  30.3185 133.4361
   6.000   1.3105   0.01259   0.00214  -0.1369   0.3258   0.4642  33.7301 134.8864
   7.000   1.3509   0.01597   0.00363  -0.1267   0.2333   0.5125  39.3365 136.6650
   8.000   1.4077   0.01903   0.00514  -0.1203   0.2062   0.5653  41.0231 138.6726
   9.000   1.4682   0.02242   0.00689  -0.1157   0.1944   0.6173  41.7897 140.7454
  10.000   1.5264   0.02645   0.00907  -0.1119   0.1864   0.6796  42.3265 143.2681
  11.000   1.5663   0.03223   0.01242  -0.1077   0.1778   0.7818  42.9183 147.7204
  12.000   1.6102   0.03745   0.01539  -0.1040   0.1719   1.0000  43.3526 160.0000
  13.000   1.6392   0.04491   0.01954  -0.1007   0.1645   1.0000  43.9019 160.0000
  14.000   1.6752   0.05190   0.02333  -0.0982   0.1583   1.0000  44.3885 160.0000
  15.000   1.6983   0.06024   0.02805  -0.0956   0.1502   1.0000  45.0471 160.0000
