  
       XFOIL         Version 6.99
  
 Calculated polar for: GOE 427 AIRFOIL                                 
  
 1 1 Reynolds number fixed          Mach number fixed         
  
 xtrf =   1.000 (top)        1.000 (bottom)  
 Mach =   0.000     Re =     0.500 e 6     Ncrit =   9.000  9.000
  
   alpha    CL        CD       CDp       CM     Top_Xtr  Bot_Xtr  Top_Itr  Bot_Itr
  ------ -------- --------- --------- -------- -------- -------- -------- --------
  -1.000   0.4962   0.00831   0.00154  -0.1240   0.8594   0.0485  12.7656  91.4355
   0.000   0.6026   0.00770   0.00073  -0.1225   0.8112   0.0559  16.2756  91.9800
   1.000   0.7020   0.00740   0.00045  -0.1195   0.7279   0.2346  22.1216 104.7094
   3.000   0.8963   0.00789   0.00074  -0.1140   0.4899   1.0000  38.7793 160.0000
   4.000   0.9825   0.00976   0.00114  -0.1096   0.2865   1.0000  53.0126 160.0000
   5.000   1.0600   0.01295   0.00241  -0.1042   0.0448   1.0000  70.7688 160.0000
   6.000   1.1475   0.01494   0.00362  -0.1002   0.0306   1.0000  72.3145 160.0000
   7.000   1.2183   0.01841   0.00524  -0.0931   0.0116   1.0000  74.3291 160.0000
   8.000   1.2723   0.02485   0.00863  -0.0836   0.0079   1.0000  75.0663 160.0000
   9.000   1.3390   0.03978   0.01790  -0.0769   0.0082   1.0000  74.9665 160.0000
