  
       XFOIL         Version 6.99
  
 Calculated polar for: GOE 407 AIRFOIL                                 
  
 1 1 Reynolds number fixed          Mach number fixed         
  
 xtrf =   1.000 (top)        1.000 (bottom)  
 Mach =   0.000     Re =     0.500 e 6     Ncrit =   9.000  9.000
  
   alpha    CL        CD       CDp       CM     Top_Xtr  Bot_Xtr  Top_Itr  Bot_Itr
  ------ -------- --------- --------- -------- -------- -------- -------- --------
  -6.000  -0.1126   0.05264   0.04461  -0.0874   0.9474   0.0329   5.7066  95.9756
  -5.000   0.0281   0.02712   0.02934  -0.1012   0.8634   0.0364  11.3885  96.5057
  -4.000   0.1004   0.01771   0.01994  -0.0997   0.7853   0.0416  16.3841  97.2607
  -3.000   0.1719   0.01246   0.01373  -0.0938   0.7377   0.0494  19.2951  98.2711
  -2.000   0.2546   0.00944   0.00946  -0.0887   0.7038   0.0597  21.4093  99.4669
   0.000   0.4540   0.01070   0.00189  -0.0816   0.6532   0.0415  24.5516  97.2411
   1.000   0.5509   0.01002   0.00111  -0.0779   0.6262   0.0446  26.1979  97.6548
   2.000   0.6465   0.00975   0.00070  -0.0740   0.5953   0.0532  28.0686  98.7382
   4.000   0.9893   0.00956   0.00122  -0.1022   0.4227   1.0000  38.9689 160.0000
   5.000   1.0720   0.01056   0.00160  -0.0964   0.3674   1.0000  42.4107 160.0000
   6.000   1.1535   0.01153   0.00198  -0.0905   0.3284   1.0000  44.8616 160.0000
   7.000   1.2319   0.01253   0.00234  -0.0842   0.2946   1.0000  47.0116 160.0000
   8.000   1.3042   0.01362   0.00265  -0.0768   0.2507   1.0000  49.7913 160.0000
   9.000   1.3484   0.01539   0.00311  -0.0644   0.1687   1.0000  55.3047 160.0000
  10.000   1.3760   0.01816   0.00434  -0.0501   0.1113   1.0000  59.4736 160.0000
  11.000   1.4157   0.02079   0.00555  -0.0394   0.0898   1.0000  61.0042 160.0000
  12.000   1.4402   0.02486   0.00737  -0.0288   0.0381   1.0000  66.0695 160.0000
  13.000   1.4384   0.03197   0.01174  -0.0189   0.0202   1.0000  69.2931 160.0000
  14.000   1.4280   0.04169   0.01849  -0.0131   0.0170   1.0000  70.0364 160.0000
  15.000   1.4150   0.05337   0.02730  -0.0108   0.0156   1.0000  70.4170 160.0000
