  
       XFOIL         Version 6.99
  
 Calculated polar for: GOE 498 AIRFOIL                                 
  
 1 1 Reynolds number fixed          Mach number fixed         
  
 xtrf =   1.000 (top)        1.000 (bottom)  
 Mach =   0.000     Re =     1.000 e 6     Ncrit =   9.000  9.000
  
   alpha    CL        CD       CDp       CM     Top_Xtr  Bot_Xtr  Top_Itr  Bot_Itr
  ------ -------- --------- --------- -------- -------- -------- -------- --------
  -6.000   0.0220   0.00926   0.00169  -0.1513   0.7374   0.0762  16.6313 108.4558
  -5.000   0.1299   0.00882   0.00125  -0.1499   0.7077   0.0855  18.1272 109.5918
  -3.000   0.3462   0.00799   0.00067  -0.1471   0.6478   0.1704  21.0875 116.7406
  -2.000   0.4542   0.00782   0.00053  -0.1456   0.6143   0.2159  22.7999 119.4506
  -1.000   0.5619   0.00777   0.00050  -0.1440   0.5828   0.2780  24.4497 122.8315
   0.000   0.6676   0.00793   0.00050  -0.1420   0.5499   0.3211  26.1845 124.9314
   1.000   0.7713   0.00816   0.00052  -0.1398   0.5170   0.3617  27.9165 126.8232
   2.000   0.8740   0.00838   0.00057  -0.1374   0.4859   0.4186  29.5563 129.4421
   3.000   0.9719   0.00868   0.00066  -0.1342   0.4525   0.5052  31.3435 133.4182
   4.000   1.0607   0.00915   0.00073  -0.1293   0.4126   0.5840  33.5361 137.2157
   7.000   1.2985   0.01144   0.00125  -0.1107   0.2957   1.0000  40.0439 160.0000
   8.000   1.3534   0.01344   0.00168  -0.1014   0.2229   1.0000  44.5931 160.0000
   9.000   1.3965   0.01619   0.00263  -0.0914   0.1707   1.0000  48.1990 160.0000
  10.000   1.4535   0.01860   0.00355  -0.0843   0.1585   1.0000  49.0269 160.0000
  11.000   1.5127   0.02116   0.00457  -0.0783   0.1503   1.0000  49.5957 160.0000
  12.000   1.5664   0.02433   0.00594  -0.0727   0.1404   1.0000  50.3026 160.0000
  13.000   1.6123   0.02843   0.00784  -0.0675   0.1233   1.0000  51.6576 160.0000
  14.000   1.6068   0.03730   0.01304  -0.0605   0.0753   1.0000  56.7951 160.0000
  15.000   1.6120   0.04643   0.01892  -0.0565   0.0614   1.0000  58.7282 160.0000
