  
       XFOIL         Version 6.99
  
 Calculated polar for: GOE 426 AIRFOIL                                 
  
 1 1 Reynolds number fixed          Mach number fixed         
  
 xtrf =   1.000 (top)        1.000 (bottom)  
 Mach =   0.000     Re =     1.000 e 6     Ncrit =   9.000  9.000
  
   alpha    CL        CD       CDp       CM     Top_Xtr  Bot_Xtr  Top_Itr  Bot_Itr
  ------ -------- --------- --------- -------- -------- -------- -------- --------
  -6.000  -0.1498   0.01682   0.00867  -0.1032   0.6853   0.0306  21.6607  97.0845
  -5.000  -0.0475   0.01337   0.00536  -0.1021   0.6454   0.0310  24.0792  97.1558
  -3.000   0.1665   0.01047   0.00245  -0.1005   0.5641   0.0338  29.1349  97.6544
  -2.000   0.2761   0.00972   0.00165  -0.1000   0.5403   0.0355  30.6001  97.9535
  -1.000   0.3863   0.00903   0.00109  -0.0997   0.5228   0.0391  31.6655  98.4924
   0.000   0.4982   0.00876   0.00081  -0.0997   0.5081   0.0473  32.5607  99.6155
   1.000   0.6046   0.00736   0.00079  -0.0995   0.4946   0.5658  33.3809 132.5139
   2.000   0.7121   0.00716   0.00096  -0.0986   0.4811   0.7664  34.2104 144.4444
   3.000   0.8335   0.00700   0.00107  -0.1005   0.4666   1.0000  35.1056 160.0000
   4.000   0.9426   0.00736   0.00114  -0.1001   0.4511   1.0000  36.0741 160.0000
   5.000   1.0511   0.00773   0.00122  -0.0997   0.4322   1.0000  37.2706 160.0000
   6.000   1.1570   0.00822   0.00132  -0.0989   0.4088   1.0000  38.7840 160.0000
   7.000   1.2582   0.00892   0.00146  -0.0975   0.3732   1.0000  41.1192 160.0000
   8.000   1.3523   0.00994   0.00174  -0.0949   0.3270   1.0000  44.1596 160.0000
   9.000   1.4325   0.01149   0.00221  -0.0903   0.2608   1.0000  48.5296 160.0000
  10.000   1.4386   0.01540   0.00366  -0.0737   0.1247   1.0000  58.1880 160.0000
  11.000   1.4248   0.02113   0.00649  -0.0584   0.0386   1.0000  66.1184 160.0000
  12.000   1.4324   0.02775   0.01039  -0.0504   0.0181   1.0000  70.1148 160.0000
  13.000   1.4432   0.03579   0.01568  -0.0461   0.0151   1.0000  70.9467 160.0000
  14.000   1.4525   0.04510   0.02224  -0.0438   0.0136   1.0000  71.4107 160.0000
  15.000   1.4458   0.05734   0.03143  -0.0434   0.0123   1.0000  71.8364 160.0000
