  
       XFOIL         Version 6.99
  
 Calculated polar for: GOE 479 AIRFOIL                                 
  
 1 1 Reynolds number fixed          Mach number fixed         
  
 xtrf =   1.000 (top)        1.000 (bottom)  
 Mach =   0.000     Re =     0.500 e 6     Ncrit =   9.000  9.000
  
   alpha    CL        CD       CDp       CM     Top_Xtr  Bot_Xtr  Top_Itr  Bot_Itr
  ------ -------- --------- --------- -------- -------- -------- -------- --------
  -6.000  -0.1833   0.01483   0.00630  -0.0997   0.9229   0.0450   7.1566 100.6941
  -5.000  -0.0783   0.01229   0.00395  -0.0976   0.8805   0.0487   9.7359 101.2173
  -4.000   0.0258   0.01092   0.00261  -0.0952   0.8290   0.0538  12.8905 101.8761
  -3.000   0.1269   0.00991   0.00163  -0.0924   0.7719   0.0634  16.3648 102.9445
  -2.000   0.2287   0.00918   0.00102  -0.0898   0.7266   0.0978  19.0927 105.9123
  -1.000   0.3306   0.00856   0.00090  -0.0875   0.6898   0.2595  21.2735 115.7938
   0.000   0.4176   0.00715   0.00099  -0.0822   0.6569   0.7656  23.2171 144.7888
   1.000   0.6201   0.00725   0.00099  -0.1009   0.6101   1.0000  25.9670 160.0000
   2.000   0.7113   0.00758   0.00103  -0.0963   0.5674   1.0000  28.5166 160.0000
   3.000   0.8013   0.00807   0.00108  -0.0915   0.5153   1.0000  31.7110 160.0000
   4.000   0.8888   0.00879   0.00121  -0.0863   0.4566   1.0000  35.3368 160.0000
   5.000   0.9769   0.00961   0.00143  -0.0814   0.4085   1.0000  38.2531 160.0000
   6.000   1.0620   0.01054   0.00165  -0.0762   0.3497   1.0000  41.8522 160.0000
   7.000   1.1356   0.01202   0.00203  -0.0693   0.2592   1.0000  47.6576 160.0000
   8.000   1.1855   0.01446   0.00280  -0.0586   0.1457   1.0000  55.2404 160.0000
   9.000   1.2092   0.01807   0.00441  -0.0445   0.0540   1.0000  63.2632 160.0000
  10.000   1.2493   0.02129   0.00613  -0.0349   0.0477   1.0000  64.0201 160.0000
  11.000   1.2889   0.02505   0.00838  -0.0271   0.0450   1.0000  64.3885 160.0000
  12.000   1.3132   0.03069   0.01205  -0.0203   0.0422   1.0000  64.7777 160.0000
  13.000   1.3241   0.03852   0.01746  -0.0153   0.0399   1.0000  65.0964 160.0000
  14.000   1.3470   0.04610   0.02297  -0.0127   0.0377   1.0000  65.4510 160.0000
  15.000   1.3623   0.05488   0.02937  -0.0111   0.0353   1.0000  65.8317 160.0000
