  
       XFOIL         Version 6.99
  
 Calculated polar for: GOE 433 AIRFOIL                                 
  
 1 1 Reynolds number fixed          Mach number fixed         
  
 xtrf =   1.000 (top)        1.000 (bottom)  
 Mach =   0.000     Re =     1.000 e 6     Ncrit =   9.000  9.000
  
   alpha    CL        CD       CDp       CM     Top_Xtr  Bot_Xtr  Top_Itr  Bot_Itr
  ------ -------- --------- --------- -------- -------- -------- -------- --------
  -5.000   0.0265   0.00916   0.00149  -0.1346   0.6231   0.1260  22.0831 112.4257
  -4.000   0.1458   0.00893   0.00136  -0.1355   0.6065   0.1490  22.9023 114.1426
  -3.000   0.2658   0.00865   0.00121  -0.1365   0.5928   0.1696  23.5763 115.4810
  -2.000   0.3854   0.00846   0.00110  -0.1375   0.5782   0.1952  24.2960 117.0349
  -1.000   0.5046   0.00823   0.00105  -0.1384   0.5620   0.2624  25.1029 120.7891
   0.000   0.6235   0.00813   0.00103  -0.1393   0.5433   0.3207  26.0557 123.7217
   1.000   0.7417   0.00804   0.00103  -0.1400   0.5153   0.3982  27.5419 127.6259
   2.000   0.8561   0.00840   0.00115  -0.1401   0.4697   0.4631  30.0478 130.9747
   3.000   0.9682   0.00900   0.00138  -0.1398   0.4237   0.4969  32.5844 132.6788
   4.000   1.0787   0.00967   0.00164  -0.1393   0.3869   0.5229  34.5870 133.9822
   5.000   1.1863   0.01044   0.00194  -0.1385   0.3466   0.5487  36.7975 135.2798
   6.000   1.2870   0.01159   0.00237  -0.1367   0.2885   0.5708  40.1334 136.3994
   7.000   1.3533   0.01470   0.00383  -0.1299   0.1539   0.5997  48.7698 137.8716
   8.000   1.4085   0.01742   0.00525  -0.1217   0.0879   0.6789  54.4745 141.8815
   9.000   1.4523   0.02054   0.00733  -0.1130   0.0550   1.0000  59.1062 160.0000
  10.000   1.5092   0.02422   0.00942  -0.1079   0.0527   1.0000  59.5050 160.0000
  11.000   1.5527   0.02939   0.01256  -0.1028   0.0508   1.0000  59.8221 160.0000
  12.000   1.5825   0.03621   0.01694  -0.0982   0.0497   1.0000  60.0213 160.0000
  13.000   1.6065   0.04427   0.02232  -0.0947   0.0492   1.0000  60.1081 160.0000
  14.000   1.6202   0.05416   0.02918  -0.0923   0.0486   1.0000  60.2283 160.0000
  15.000   1.6242   0.06555   0.03741  -0.0907   0.0474   1.0000  60.4389 160.0000
