  
       XFOIL         Version 6.99
  
 Calculated polar for: GOE 436 AIRFOIL                                 
  
 1 1 Reynolds number fixed          Mach number fixed         
  
 xtrf =   1.000 (top)        1.000 (bottom)  
 Mach =   0.000     Re =     1.000 e 6     Ncrit =   9.000  9.000
  
   alpha    CL        CD       CDp       CM     Top_Xtr  Bot_Xtr  Top_Itr  Bot_Itr
  ------ -------- --------- --------- -------- -------- -------- -------- --------
  -6.000  -0.2150   0.01201   0.00466  -0.0897   0.8778   0.0420  10.1454  98.9899
  -5.000  -0.1148   0.01014   0.00313  -0.0872   0.8360   0.0457  12.8333  99.4421
  -4.000  -0.0097   0.00940   0.00232  -0.0852   0.8004   0.0490  15.0578  99.8593
  -3.000   0.0930   0.00847   0.00150  -0.0829   0.7553   0.0536  17.8569 100.3523
  -1.000   0.2961   0.00808   0.00069  -0.0775   0.6014   0.0667  27.6030 101.5578
   0.000   0.3977   0.00820   0.00049  -0.0750   0.5102   0.0792  33.3110 102.5276
   1.000   0.4945   0.00820   0.00051  -0.0720   0.4220   0.2486  38.9072 113.1257
   2.000   0.6380   0.00696   0.00087  -0.0792   0.3818   0.9898  41.3993 158.8071
   3.000   0.7696   0.00745   0.00100  -0.0837   0.3513   1.0000  43.2956 160.0000
   4.000   0.8620   0.00793   0.00114  -0.0795   0.3258   1.0000  44.9009 160.0000
   5.000   0.9565   0.00841   0.00128  -0.0759   0.3046   1.0000  46.2565 160.0000
   6.000   1.0505   0.00898   0.00143  -0.0723   0.2805   1.0000  47.8295 160.0000
   7.000   1.1421   0.00971   0.00162  -0.0684   0.2449   1.0000  50.2166 160.0000
   8.000   1.2096   0.01191   0.00245  -0.0608   0.1280   1.0000  58.5659 160.0000
   9.000   1.2716   0.01421   0.00350  -0.0525   0.0598   1.0000  64.2865 160.0000
  10.000   1.3331   0.01579   0.00415  -0.0439   0.0518   1.0000  65.0738 160.0000
  11.000   1.3952   0.01751   0.00486  -0.0365   0.0459   1.0000  65.7083 160.0000
  12.000   1.4544   0.01959   0.00568  -0.0298   0.0365   1.0000  66.8998 160.0000
  13.000   1.4856   0.02378   0.00782  -0.0215   0.0161   1.0000  71.1184 160.0000
  14.000   1.5055   0.02985   0.01161  -0.0153   0.0128   1.0000  72.1207 160.0000
  15.000   1.5142   0.03826   0.01740  -0.0119   0.0113   1.0000  72.6569 160.0000
