  
       XFOIL         Version 6.99
  
 Calculated polar for: GOE 447 AIRFOIL                                 
  
 1 1 Reynolds number fixed          Mach number fixed         
  
 xtrf =   1.000 (top)        1.000 (bottom)  
 Mach =   0.000     Re =     1.000 e 6     Ncrit =   9.000  9.000
  
   alpha    CL        CD       CDp       CM     Top_Xtr  Bot_Xtr  Top_Itr  Bot_Itr
  ------ -------- --------- --------- -------- -------- -------- -------- --------
  -6.000   0.2043   0.01548   0.00805  -0.1809   0.7157   0.0301  19.5986  97.9457
  -5.000   0.3118   0.01184   0.00433  -0.1817   0.7018   0.0310  20.4434  98.1367
  -4.000   0.4237   0.01036   0.00285  -0.1823   0.6876   0.0323  21.3043  98.4113
  -3.000   0.5366   0.00951   0.00190  -0.1827   0.6732   0.0343  22.1852  98.8229
  -2.000   0.6497   0.00891   0.00128  -0.1831   0.6597   0.0377  23.0091  99.4832
  -1.000   0.7633   0.00855   0.00099  -0.1837   0.6475   0.0513  23.7532 101.8315
   0.000   0.8757   0.00880   0.00120  -0.1840   0.6324   0.0750  24.6687 104.8742
   1.000   0.9858   0.00877   0.00105  -0.1841   0.6146   0.0844  25.7558 105.7522
   2.000   1.0947   0.00878   0.00089  -0.1840   0.5965   0.0929  26.8575 106.4490
   3.000   1.2008   0.00894   0.00076  -0.1835   0.5711   0.1022  28.4244 107.1523
   5.000   1.3804   0.00922   0.00127  -0.1767   0.4700   1.0000  34.7621 160.0000
   6.000   1.4557   0.01047   0.00154  -0.1704   0.4313   1.0000  37.1267 160.0000
   7.000   1.5335   0.01175   0.00185  -0.1652   0.4046   1.0000  38.7138 160.0000
   8.000   1.6077   0.01329   0.00225  -0.1599   0.3766   1.0000  40.3876 160.0000
   9.000   1.6672   0.01573   0.00300  -0.1529   0.3322   1.0000  43.1205 160.0000
  10.000   1.6690   0.02215   0.00593  -0.1395   0.2232   1.0000  50.3742 160.0000
  11.000   1.6910   0.02816   0.00897  -0.1307   0.1762   1.0000  53.4926 160.0000
  12.000   1.7203   0.03415   0.01206  -0.1239   0.1462   1.0000  55.4954 160.0000
  13.000   1.6797   0.04694   0.02016  -0.1129   0.0574   1.0000  63.4400 160.0000
  14.000   1.6596   0.05928   0.02852  -0.1058   0.0207   1.0000  69.5987 160.0000
  15.000   1.6674   0.06945   0.03541  -0.1019   0.0168   1.0000  70.6705 160.0000
