  
       XFOIL         Version 6.99
  
 Calculated polar for: GOE 416A AIRFOIL                                
  
 1 1 Reynolds number fixed          Mach number fixed         
  
 xtrf =   1.000 (top)        1.000 (bottom)  
 Mach =   0.000     Re =     0.500 e 6     Ncrit =   9.000  9.000
  
   alpha    CL        CD       CDp       CM     Top_Xtr  Bot_Xtr  Top_Itr  Bot_Itr
  ------ -------- --------- --------- -------- -------- -------- -------- --------
  -4.000  -0.2465   0.01201   0.00286  -0.0448   0.9687   0.0182   4.4951  88.9601
  -3.000  -0.1311   0.00950   0.00145  -0.0454   0.9276   0.0269   7.5412  89.7432
  -2.000  -0.0282   0.00751   0.00125  -0.0441   0.8685   0.5056  11.7140 124.2606
  -1.000   0.0812   0.00783   0.00144  -0.0428   0.7901   0.5403  17.2519 126.6452
   0.000   0.1927   0.00802   0.00129  -0.0426   0.6999   0.5529  23.4502 127.5110
   1.000   0.3056   0.00827   0.00121  -0.0428   0.6287   0.5627  28.3508 128.1874
   2.000   0.4184   0.00857   0.00117  -0.0432   0.5550   0.5735  33.4046 128.9323
   3.000   0.5301   0.00897   0.00117  -0.0435   0.4739   0.5854  39.0412 129.7561
   4.000   0.6406   0.00958   0.00131  -0.0437   0.3993   0.6008  44.1515 130.8185
   5.000   0.7485   0.01050   0.00152  -0.0436   0.2742   0.6213  52.9278 132.2425
   6.000   0.8533   0.01178   0.00210  -0.0433   0.1885   0.6592  58.8383 134.8748
   7.000   0.9449   0.01341   0.00308  -0.0406   0.0537   1.0000  68.8391 160.0000
   8.000   1.0331   0.01727   0.00474  -0.0375   0.0122   1.0000  73.2177 160.0000
   9.000   1.1057   0.02224   0.00753  -0.0327   0.0087   1.0000  73.9232 160.0000
  10.000   1.1584   0.02956   0.01204  -0.0257   0.0078   1.0000  74.1898 160.0000
  11.000   1.1744   0.03880   0.01871  -0.0163   0.0074   1.0000  74.3186 160.0000
  12.000   1.1518   0.05102   0.02914  -0.0122   0.0069   1.0000  74.4855 160.0000
  13.000   1.0894   0.07390   0.05057  -0.0219   0.0070   1.0000  74.4527 160.0000
  14.000   0.9963   0.11047   0.08860  -0.0442   0.0076   1.0000  74.2506 160.0000
  15.000   0.7924   0.13286   0.09504  -0.0388   0.0087   1.0000  73.9275 160.0000
