  
       XFOIL         Version 6.99
  
 Calculated polar for: GOE 496 AIRFOIL                                 
  
 1 1 Reynolds number fixed          Mach number fixed         
  
 xtrf =   1.000 (top)        1.000 (bottom)  
 Mach =   0.000     Re =     0.500 e 6     Ncrit =   9.000  9.000
  
   alpha    CL        CD       CDp       CM     Top_Xtr  Bot_Xtr  Top_Itr  Bot_Itr
  ------ -------- --------- --------- -------- -------- -------- -------- --------
  -6.000  -0.0495   0.01413   0.00620  -0.1463   0.9309   0.0446   7.6392  95.7222
  -5.000   0.0689   0.01180   0.00379  -0.1475   0.9021   0.0475   9.6833  96.0239
  -4.000   0.1826   0.00963   0.00204  -0.1478   0.8671   0.0534  11.9220  96.5360
  -2.000   0.4049   0.00846   0.00109  -0.1465   0.7944   0.1380  16.4862 102.9654
  -1.000   0.5148   0.00823   0.00091  -0.1457   0.7586   0.1784  18.7622 105.8377
   0.000   0.6229   0.00790   0.00095  -0.1446   0.7179   0.3602  21.3595 117.5260
   2.000   0.8312   0.00723   0.00110  -0.1404   0.6262   1.0000  27.1855 160.0000
   3.000   0.9373   0.00778   0.00117  -0.1389   0.5840   1.0000  29.8789 160.0000
   4.000   1.0418   0.00840   0.00131  -0.1371   0.5417   1.0000  32.5709 160.0000
   5.000   1.1433   0.00914   0.00151  -0.1349   0.4936   1.0000  35.6283 160.0000
   6.000   1.2335   0.01040   0.00178  -0.1307   0.3913   1.0000  42.1809 160.0000
   7.000   1.3058   0.01296   0.00273  -0.1240   0.2442   1.0000  51.7630 160.0000
   8.000   1.3855   0.01480   0.00352  -0.1187   0.1867   1.0000  55.4951 160.0000
   9.000   1.4332   0.01792   0.00483  -0.1083   0.0782   1.0000  63.3736 160.0000
  10.000   1.4617   0.02222   0.00715  -0.0960   0.0273   1.0000  68.5919 160.0000
  11.000   1.4875   0.02725   0.01017  -0.0856   0.0193   1.0000  69.9969 160.0000
  12.000   1.5133   0.03309   0.01408  -0.0777   0.0164   1.0000  70.6256 160.0000
  13.000   1.5064   0.04324   0.02145  -0.0710   0.0145   1.0000  71.0563 160.0000
  14.000   1.5149   0.05346   0.02933  -0.0681   0.0131   1.0000  71.4536 160.0000
  15.000   1.5120   0.06659   0.03990  -0.0679   0.0120   1.0000  71.7524 160.0000
