  
       XFOIL         Version 6.99
  
 Calculated polar for: GOE 400 AIRFOIL                                 
  
 1 1 Reynolds number fixed          Mach number fixed         
  
 xtrf =   1.000 (top)        1.000 (bottom)  
 Mach =   0.000     Re =     0.500 e 6     Ncrit =   9.000  9.000
  
   alpha    CL        CD       CDp       CM     Top_Xtr  Bot_Xtr  Top_Itr  Bot_Itr
  ------ -------- --------- --------- -------- -------- -------- -------- --------
  -6.000  -0.2254   0.05635   0.05568  -0.0349   0.9590   0.0311   5.0572  92.4405
  -3.000   0.0909   0.01615   0.00911  -0.0815   0.7412   0.0443  19.6886  93.6790
  -2.000   0.2023   0.01096   0.00317  -0.0812   0.6969   0.0443  22.6080  93.6769
  -1.000   0.3133   0.00957   0.00154  -0.0802   0.6602   0.0475  25.0336  93.9496
   0.000   0.4248   0.00888   0.00090  -0.0794   0.6255   0.0593  27.3315  94.9461
   1.000   0.5363   0.00931   0.00131  -0.0786   0.5891   0.1168  29.7457  99.7275
   2.000   0.6464   0.00923   0.00111  -0.0779   0.5438   0.1314  32.7617 100.7387
   4.000   0.8655   0.00956   0.00102  -0.0764   0.4462   0.1609  39.3223 102.7168
   5.000   0.9716   0.00877   0.00134  -0.0755   0.3897   1.0000  43.1351 160.0000
   6.000   1.0763   0.00990   0.00169  -0.0744   0.3072   1.0000  48.7003 160.0000
   7.000   1.1725   0.01229   0.00267  -0.0728   0.1532   1.0000  59.4124 160.0000
   8.000   1.2586   0.01599   0.00456  -0.0700   0.0268   1.0000  70.0374 160.0000
   9.000   1.3424   0.01945   0.00666  -0.0664   0.0162   1.0000  71.5643 160.0000
  10.000   1.3991   0.02499   0.01017  -0.0601   0.0129   1.0000  72.1583 160.0000
  11.000   1.4371   0.03043   0.01390  -0.0523   0.0111   1.0000  72.5909 160.0000
  12.000   1.4498   0.03875   0.01992  -0.0461   0.0101   1.0000  72.8365 160.0000
  14.000   1.4204   0.06685   0.04239  -0.0430   0.0090   1.0000  73.1429 160.0000
  15.000   1.3740   0.08759   0.06168  -0.0497   0.0088   1.0000  73.2151 160.0000
