  
       XFOIL         Version 6.99
  
 Calculated polar for: GOE 459 AIRFOIL                                 
  
 1 1 Reynolds number fixed          Mach number fixed         
  
 xtrf =   1.000 (top)        1.000 (bottom)  
 Mach =   0.000     Re =     0.500 e 6     Ncrit =   9.000  9.000
  
   alpha    CL        CD       CDp       CM     Top_Xtr  Bot_Xtr  Top_Itr  Bot_Itr
  ------ -------- --------- --------- -------- -------- -------- -------- --------
  -6.000  -0.7227   0.01324   0.00304   0.0111   0.9850   0.0763   2.6790  98.8383
  -5.000  -0.5912   0.01137   0.00211   0.0059   0.9715   0.1465   3.8966 103.9823
  -4.000  -0.4672   0.00963   0.00153   0.0025   0.9541   0.2894   5.2576 113.3819
  -3.000  -0.3421   0.00795   0.00109  -0.0008   0.9342   0.4766   6.6324 125.3790
  -2.000  -0.2055   0.00699   0.00084  -0.0058   0.9007   0.5980   8.7776 133.0626
  -1.000  -0.0971   0.00659   0.00079  -0.0042   0.8434   0.6956  12.3994 139.2511
   0.000   0.0000   0.00648   0.00075  -0.0000   0.7728   0.7728  16.8786 144.1214
   1.000   0.0971   0.00659   0.00079   0.0042   0.6956   0.8434  21.7492 148.6004
   2.000   0.2055   0.00699   0.00084   0.0058   0.5980   0.9007  27.9374 152.2225
   3.000   0.3421   0.00795   0.00109   0.0008   0.4766   0.9342  35.6204 154.3687
   4.000   0.4672   0.00963   0.00153  -0.0025   0.2894   0.9541  47.6162 155.7463
   5.000   0.5913   0.01137   0.00211  -0.0059   0.1465   0.9716  57.0191 157.1043
   6.000   0.7228   0.01324   0.00304  -0.0111   0.0763   0.9851  62.1619 158.3235
   8.000   0.9329   0.01629   0.00521  -0.0111   0.0621   1.0000  63.3142 160.0000
   9.000   0.9857   0.01791   0.00622  -0.0006   0.0559   1.0000  63.8230 160.0000
  10.000   1.0416   0.01942   0.00713   0.0091   0.0501   1.0000  64.3634 160.0000
  11.000   1.0893   0.02053   0.00736   0.0202   0.0423   1.0000  65.1677 160.0000
  12.000   1.1529   0.02126   0.00684   0.0279   0.0243   1.0000  67.9548 160.0000
  13.000   1.1724   0.02509   0.00891   0.0398   0.0185   1.0000  69.2149 160.0000
  14.000   1.1779   0.03118   0.01289   0.0483   0.0159   1.0000  69.8415 160.0000
  15.000   1.1661   0.04105   0.02017   0.0513   0.0146   1.0000  70.1775 160.0000
