  
       XFOIL         Version 6.99
  
 Calculated polar for: GOE 534 AIRFOIL                                 
  
 1 1 Reynolds number fixed          Mach number fixed         
  
 xtrf =   1.000 (top)        1.000 (bottom)  
 Mach =   0.000     Re =     0.500 e 6     Ncrit =   9.000  9.000
  
   alpha    CL        CD       CDp       CM     Top_Xtr  Bot_Xtr  Top_Itr  Bot_Itr
  ------ -------- --------- --------- -------- -------- -------- -------- --------
  -6.000  -0.1037   0.01271   0.00395  -0.1075   0.7525   0.0815  15.1962 108.1031
  -5.000   0.0047   0.01220   0.00344  -0.1051   0.7046   0.0903  17.5201 109.0784
  -4.000   0.1121   0.01152   0.00278  -0.1027   0.6445   0.0977  20.5212 109.8237
  -3.000   0.2178   0.01100   0.00210  -0.0999   0.5654   0.1036  24.6468 110.3805
  -2.000   0.3260   0.01088   0.00173  -0.0976   0.5138   0.1100  27.2954 110.9593
  -1.000   0.4350   0.01067   0.00147  -0.0955   0.4780   0.1189  29.1064 111.7037
   0.000   0.5441   0.01035   0.00135  -0.0936   0.4464   0.2009  30.7077 117.1482
   1.000   0.6526   0.01038   0.00156  -0.0917   0.4160   0.3313  32.2818 123.9461
   2.000   0.7600   0.01074   0.00177  -0.0896   0.3841   0.3976  33.9796 127.2303
   3.000   0.8663   0.01116   0.00199  -0.0873   0.3501   0.4536  35.8555 130.0648
   4.000   0.9688   0.01173   0.00227  -0.0847   0.3133   0.5134  37.9449 133.2207
   5.000   1.0882   0.01171   0.00280  -0.0861   0.2776   1.0000  40.0241 160.0000
   6.000   1.1866   0.01273   0.00322  -0.0830   0.2525   1.0000  41.4996 160.0000
   7.000   1.2799   0.01391   0.00374  -0.0793   0.2326   1.0000  42.6944 160.0000
   8.000   1.3683   0.01519   0.00432  -0.0750   0.2156   1.0000  43.7305 160.0000
   9.000   1.4493   0.01660   0.00490  -0.0698   0.1994   1.0000  44.7567 160.0000
  10.000   1.5147   0.01815   0.00544  -0.0621   0.1845   1.0000  45.7422 160.0000
  11.000   1.5725   0.02015   0.00623  -0.0545   0.1708   1.0000  46.6972 160.0000
  12.000   1.6215   0.02304   0.00753  -0.0476   0.1572   1.0000  47.6949 160.0000
  13.000   1.6608   0.02733   0.00979  -0.0422   0.1448   1.0000  48.6551 160.0000
  14.000   1.6886   0.03349   0.01343  -0.0385   0.1334   1.0000  49.5762 160.0000
  15.000   1.7003   0.04197   0.01886  -0.0365   0.1233   1.0000  50.4379 160.0000
