  
       XFOIL         Version 6.99
  
 Calculated polar for: GOE 535 AIRFOIL                                 
  
 1 1 Reynolds number fixed          Mach number fixed         
  
 xtrf =   1.000 (top)        1.000 (bottom)  
 Mach =   0.000     Re =     1.000 e 6     Ncrit =   9.000  9.000
  
   alpha    CL        CD       CDp       CM     Top_Xtr  Bot_Xtr  Top_Itr  Bot_Itr
  ------ -------- --------- --------- -------- -------- -------- -------- --------
  -6.000   0.0137   0.01018   0.00235  -0.1414   0.6601   0.0618  19.2580 105.5944
  -5.000   0.1226   0.00993   0.00208  -0.1395   0.6169   0.0683  21.2775 106.6259
  -4.000   0.2311   0.00965   0.00174  -0.1376   0.5737   0.0745  23.3341 107.5091
  -3.000   0.3390   0.00946   0.00142  -0.1356   0.5274   0.0814  25.5859 108.4051
  -2.000   0.4464   0.00938   0.00116  -0.1336   0.4844   0.0893  27.7203 109.3446
  -1.000   0.5544   0.00934   0.00097  -0.1317   0.4526   0.1001  29.3013 110.4767
   0.000   0.6602   0.00891   0.00079  -0.1297   0.4291   0.2396  30.4755 119.6245
   1.000   0.7664   0.00889   0.00096  -0.1277   0.4091   0.3927  31.4797 127.4148
   2.000   0.8729   0.00925   0.00108  -0.1256   0.3889   0.4263  32.5146 128.9214
   3.000   0.9780   0.00962   0.00119  -0.1233   0.3728   0.4520  33.3507 130.0443
   4.000   1.0801   0.01003   0.00130  -0.1206   0.3561   0.4774  34.2377 131.1628
   5.000   1.1787   0.01049   0.00140  -0.1174   0.3393   0.5032  35.1551 132.3322
   6.000   1.2714   0.01102   0.00147  -0.1132   0.3210   0.5293  36.1867 133.5752
   7.000   1.3548   0.01167   0.00147  -0.1074   0.2992   0.5574  37.4508 134.9803
   8.000   1.4301   0.01261   0.00155  -0.1006   0.2743   0.5884  38.9408 136.6152
   9.000   1.5019   0.01367   0.00168  -0.0936   0.2501   0.6279  40.4387 138.7354
  11.000   1.6944   0.01716   0.00376  -0.0933   0.1990   1.0000  43.7914 160.0000
  12.000   1.7515   0.01992   0.00488  -0.0871   0.1814   1.0000  45.0306 160.0000
  13.000   1.8012   0.02346   0.00647  -0.0814   0.1681   1.0000  46.0012 160.0000
  14.000   1.8414   0.02814   0.00877  -0.0763   0.1558   1.0000  46.9448 160.0000
  15.000   1.8681   0.03457   0.01220  -0.0721   0.1417   1.0000  48.0911 160.0000
