  
       XFOIL         Version 6.99
  
 Calculated polar for: GOE 553 AIRFOIL                                 
  
 1 1 Reynolds number fixed          Mach number fixed         
  
 xtrf =   1.000 (top)        1.000 (bottom)  
 Mach =   0.000     Re =     1.000 e 6     Ncrit =   9.000  9.000
  
   alpha    CL        CD       CDp       CM     Top_Xtr  Bot_Xtr  Top_Itr  Bot_Itr
  ------ -------- --------- --------- -------- -------- -------- -------- --------
  -6.000  -0.1069   0.01395   0.00575  -0.1082   0.6319   0.0316  23.6663  98.6403
  -5.000   0.0004   0.01216   0.00389  -0.1071   0.6100   0.0327  24.8746  98.8719
  -4.000   0.1084   0.01055   0.00252  -0.1061   0.5910   0.0342  25.9308  99.1656
  -2.000   0.3314   0.00907   0.00120  -0.1049   0.5525   0.0390  28.1150 100.0500
  -1.000   0.4437   0.00865   0.00081  -0.1045   0.5246   0.0455  29.7536 101.0835
   0.000   0.5524   0.00745   0.00057  -0.1041   0.4934   0.4032  31.6283 124.3612
   1.000   0.6619   0.00745   0.00072  -0.1033   0.4568   0.5642  33.8628 133.3656
   2.000   0.7707   0.00775   0.00091  -0.1023   0.4213   0.6445  36.0337 137.9036
   3.000   0.8785   0.00807   0.00110  -0.1013   0.3900   0.7105  37.9387 141.6830
   4.000   0.9905   0.00799   0.00132  -0.1012   0.3642   1.0000  39.4973 160.0000
   5.000   1.0967   0.00862   0.00153  -0.1001   0.3411   1.0000  40.8865 160.0000
   6.000   1.2014   0.00926   0.00176  -0.0990   0.3209   1.0000  42.1122 160.0000
   7.000   1.3026   0.01004   0.00201  -0.0973   0.2935   1.0000  43.8113 160.0000
   8.000   1.3982   0.01103   0.00233  -0.0948   0.2573   1.0000  46.1951 160.0000
   9.000   1.4751   0.01286   0.00304  -0.0895   0.1921   1.0000  50.8473 160.0000
  10.000   1.5438   0.01441   0.00363  -0.0827   0.1698   1.0000  52.3931 160.0000
  11.000   1.6012   0.01612   0.00421  -0.0744   0.1539   1.0000  53.4641 160.0000
  12.000   1.6479   0.01858   0.00514  -0.0661   0.1327   1.0000  54.9731 160.0000
  13.000   1.6353   0.02537   0.00875  -0.0545   0.0721   1.0000  60.5732 160.0000
  14.000   1.6395   0.03345   0.01375  -0.0494   0.0586   1.0000  62.0252 160.0000
  15.000   1.6425   0.04310   0.02013  -0.0472   0.0514   1.0000  62.9074 160.0000
