  
       XFOIL         Version 6.99
  
 Calculated polar for: GOE 575 AIRFOIL                                 
  
 1 1 Reynolds number fixed          Mach number fixed         
  
 xtrf =   1.000 (top)        1.000 (bottom)  
 Mach =   0.000     Re =     1.000 e 6     Ncrit =   9.000  9.000
  
   alpha    CL        CD       CDp       CM     Top_Xtr  Bot_Xtr  Top_Itr  Bot_Itr
  ------ -------- --------- --------- -------- -------- -------- -------- --------
  -6.000  -0.5014   0.01628   0.00238  -0.0277   0.9230   0.0426   8.8239 100.5048
  -5.000  -0.3835   0.01450   0.00078  -0.0282   0.9122   0.0447   9.6047 100.8946
  -4.000  -0.2351   0.01214  -0.00088  -0.0356   0.9072   0.0478   9.9568 101.4033
  -3.000  -0.1245   0.01087  -0.00194  -0.0345   0.8850   0.0508  11.3486 101.8755
  -2.000   0.0489   0.00919  -0.00313  -0.0475   0.8286   0.0563  14.5786 102.6796
  -1.000   0.1481   0.00928  -0.00364  -0.0442   0.6826   0.0646  22.8551 103.7953
   0.000   0.2327   0.00925  -0.00383  -0.0380   0.6069   0.1425  26.9075 110.3960
   1.000   0.3174   0.00949  -0.00397  -0.0319   0.5298   0.1964  31.1544 113.6317
   2.000   0.4279   0.00865  -0.00390  -0.0328   0.4499   0.6874  35.5741 139.8558
   3.000   0.8191   0.01143  -0.00122  -0.0951   0.3517   0.9948  41.0654 159.3784
   4.000   0.9386   0.01137  -0.00130  -0.0973   0.3142   1.0000  43.1703 160.0000
   5.000   1.0204   0.01191  -0.00123  -0.0912   0.2830   1.0000  44.9568 160.0000
   6.000   1.1001   0.01257  -0.00113  -0.0849   0.2436   1.0000  47.3338 160.0000
   7.000   1.1726   0.01365  -0.00085  -0.0774   0.1889   1.0000  50.8339 160.0000
   8.000   1.2433   0.01466  -0.00054  -0.0696   0.1641   1.0000  52.4375 160.0000
   9.000   1.3118   0.01574  -0.00023  -0.0616   0.1456   1.0000  53.6668 160.0000
  10.000   1.3719   0.01720   0.00021  -0.0525   0.1141   1.0000  55.9356 160.0000
  12.000   1.4500   0.02218   0.00245  -0.0291   0.0625   1.0000  60.7859 160.0000
  13.000   1.4897   0.02483   0.00364  -0.0190   0.0588   1.0000  61.2221 160.0000
  14.000   1.5206   0.02833   0.00535  -0.0091   0.0557   1.0000  61.5927 160.0000
  15.000   1.5317   0.03378   0.00839   0.0008   0.0523   1.0000  62.0096 160.0000
