  
       XFOIL         Version 6.99
  
 Calculated polar for: GOE 571 AIRFOIL                                 
  
 1 1 Reynolds number fixed          Mach number fixed         
  
 xtrf =   1.000 (top)        1.000 (bottom)  
 Mach =   0.000     Re =     0.500 e 6     Ncrit =   9.000  9.000
  
   alpha    CL        CD       CDp       CM     Top_Xtr  Bot_Xtr  Top_Itr  Bot_Itr
  ------ -------- --------- --------- -------- -------- -------- -------- --------
  -6.000   0.4218   0.04783   0.03523  -0.1495   0.4895   0.0383  28.2388 106.3483
  -5.000   0.3374   0.03867   0.02533  -0.1235   0.4790   0.0414  28.8140 107.0897
  -4.000   0.3467   0.03509   0.02172  -0.1084   0.4670   0.0428  29.4780 107.4070
  -3.000   0.3514   0.03055   0.01583  -0.0908   0.4563   0.0470  30.0647 108.3695
   0.000   0.4553   0.02112   0.00007  -0.0472   0.4308   0.0458  31.4812 108.1010
   1.000   0.5502   0.02007  -0.00225  -0.0447   0.4214   0.0407  32.0018 106.9182
   2.000   0.6260   0.01991  -0.00350  -0.0401   0.4156   0.0403  32.3333 106.8222
   3.000   0.7120   0.02028  -0.00432  -0.0382   0.4083   0.0413  32.7406 107.0698
   4.000   0.8172   0.02102  -0.00448  -0.0403   0.4017   0.0453  33.1162 107.9886
   5.000   0.9134   0.02239  -0.00407  -0.0426   0.3951   0.0754  33.4975 113.4585
   6.000   1.2694   0.02340   0.00127  -0.0969   0.3861   1.0000  34.0137 160.0000
   7.000   1.3071   0.02630   0.00186  -0.0899   0.3810   1.0000  34.3130 160.0000
   8.000   1.3583   0.02911   0.00223  -0.0855   0.3748   1.0000  34.6853 160.0000
   9.000   1.4184   0.03187   0.00245  -0.0828   0.3682   1.0000  35.0798 160.0000
  10.000   1.4383   0.03717   0.00421  -0.0774   0.3613   1.0000  35.5044 160.0000
  11.000   1.4980   0.04018   0.00424  -0.0759   0.3542   1.0000  35.9394 160.0000
  12.000   1.4919   0.04849   0.00798  -0.0708   0.3463   1.0000  36.4474 160.0000
  13.000   1.5429   0.05243   0.00838  -0.0699   0.3387   1.0000  36.9306 160.0000
  14.000   1.5125   0.06406   0.01477  -0.0656   0.3282   1.0000  37.6267 160.0000
  15.000   1.4942   0.07521   0.02112  -0.0629   0.3170   1.0000  38.3872 160.0000
