  
       XFOIL         Version 6.99
  
 Calculated polar for: GOE 513 AIRFOIL                                 
  
 1 1 Reynolds number fixed          Mach number fixed         
  
 xtrf =   1.000 (top)        1.000 (bottom)  
 Mach =   0.000     Re =     1.000 e 6     Ncrit =   9.000  9.000
  
   alpha    CL        CD       CDp       CM     Top_Xtr  Bot_Xtr  Top_Itr  Bot_Itr
  ------ -------- --------- --------- -------- -------- -------- -------- --------
  -6.000  -0.0813   0.01169   0.00199  -0.0979   0.7485   0.0342  17.1816  99.6989
  -5.000  -0.0070   0.01108   0.00144  -0.0895   0.7077   0.0354  19.3023  99.9591
  -4.000   0.0538   0.01046   0.00086  -0.0780   0.6439   0.0375  22.7042 100.3647
  -3.000   0.0806   0.01073   0.00044  -0.0594   0.5241   0.0397  29.4243 100.7926
  -2.000   0.1548   0.01059   0.00002  -0.0510   0.4917   0.0447  31.1094 101.6969
  -1.000   0.2270   0.00981  -0.00048  -0.0426   0.4728   0.1922  32.0829 114.6916
   0.000   0.3086   0.00996  -0.00063  -0.0359   0.4535   0.2323  33.0870 116.9988
   1.000   0.3902   0.01013  -0.00088  -0.0294   0.4350   0.2532  34.0715 118.1339
   2.000   0.4726   0.01034  -0.00117  -0.0233   0.4152   0.2727  35.1495 119.1870
   3.000   0.5545   0.01061  -0.00151  -0.0173   0.3912   0.2919  36.5003 120.2319
   4.000   0.6324   0.01104  -0.00185  -0.0109   0.3644   0.3177  38.0545 121.6569
   5.000   0.7108   0.01152  -0.00213  -0.0051   0.3331   0.3872  39.9067 125.5127
   6.000   1.0015   0.01254   0.00058  -0.0462   0.2773   0.9833  43.2509 158.3568
   7.000   1.1382   0.01397   0.00127  -0.0538   0.2481   0.9933  45.0033 159.2776
   8.000   1.2677   0.01506   0.00186  -0.0602   0.2326   1.0000  45.9397 160.0000
   9.000   1.3251   0.01620   0.00197  -0.0516   0.2251   1.0000  46.3961 160.0000
  10.000   1.3717   0.01800   0.00236  -0.0420   0.2161   1.0000  46.9555 160.0000
  11.000   1.4309   0.01954   0.00259  -0.0351   0.2098   1.0000  47.3578 160.0000
  12.000   1.4733   0.02212   0.00330  -0.0268   0.2007   1.0000  47.9338 160.0000
  13.000   1.5285   0.02441   0.00384  -0.0211   0.1950   1.0000  48.3181 160.0000
  14.000   1.5659   0.02811   0.00509  -0.0145   0.1857   1.0000  48.9423 160.0000
  15.000   1.6139   0.03149   0.00613  -0.0101   0.1786   1.0000  49.4443 160.0000
