  
       XFOIL         Version 6.99
  
 Calculated polar for: GOE 546 AIRFOIL                                 
  
 1 1 Reynolds number fixed          Mach number fixed         
  
 xtrf =   1.000 (top)        1.000 (bottom)  
 Mach =   0.000     Re =     0.500 e 6     Ncrit =   9.000  9.000
  
   alpha    CL        CD       CDp       CM     Top_Xtr  Bot_Xtr  Top_Itr  Bot_Itr
  ------ -------- --------- --------- -------- -------- -------- -------- --------
  -6.000  -0.1961   0.01523   0.00678  -0.1059   0.9378   0.0381   6.7382  96.1460
  -5.000  -0.0747   0.01289   0.00467  -0.1084   0.9202   0.0440   7.9211  96.7954
  -4.000   0.0318   0.01068   0.00284  -0.1073   0.8966   0.0490   9.4657  97.2842
  -3.000   0.1377   0.00961   0.00186  -0.1057   0.8676   0.0561  11.3489  97.9297
  -2.000   0.2406   0.00815   0.00106  -0.1038   0.8396   0.2021  13.1667 107.7783
  -1.000   0.3415   0.00714   0.00100  -0.1015   0.8065   0.5137  15.3191 127.6569
   0.000   0.4337   0.00611   0.00100  -0.0964   0.7642   0.8742  18.0775 150.5462
   1.000   0.5885   0.00621   0.00078  -0.1053   0.7088   1.0000  21.7456 160.0000
   2.000   0.6801   0.00675   0.00074  -0.1007   0.6413   1.0000  26.1789 160.0000
   3.000   0.7748   0.00736   0.00083  -0.0969   0.5827   1.0000  29.9293 160.0000
   4.000   0.8675   0.00806   0.00092  -0.0928   0.5015   1.0000  35.2139 160.0000
   5.000   0.9508   0.00940   0.00121  -0.0874   0.3760   1.0000  43.4319 160.0000
   6.000   1.0173   0.01208   0.00210  -0.0796   0.1679   1.0000  57.3086 160.0000
   7.000   1.0813   0.01489   0.00333  -0.0715   0.0503   1.0000  66.4172 160.0000
   8.000   1.1469   0.01692   0.00438  -0.0635   0.0436   1.0000  67.1225 160.0000
   9.000   1.2007   0.01939   0.00577  -0.0542   0.0391   1.0000  67.6191 160.0000
  10.000   1.2360   0.02335   0.00814  -0.0438   0.0349   1.0000  68.1040 160.0000
  11.000   1.2816   0.02712   0.01063  -0.0365   0.0305   1.0000  68.6598 160.0000
  12.000   1.3163   0.03259   0.01426  -0.0296   0.0261   1.0000  69.2807 160.0000
  13.000   1.3486   0.03811   0.01802  -0.0244   0.0223   1.0000  69.8808 160.0000
  14.000   1.3703   0.04539   0.02340  -0.0205   0.0192   1.0000  70.4995 160.0000
  15.000   1.3819   0.05443   0.03009  -0.0191   0.0170   1.0000  70.9547 160.0000
