  
       XFOIL         Version 6.99
  
 Calculated polar for: GOE 515 AIRFOIL                                 
  
 1 1 Reynolds number fixed          Mach number fixed         
  
 xtrf =   1.000 (top)        1.000 (bottom)  
 Mach =   0.000     Re =     0.500 e 6     Ncrit =   9.000  9.000
  
   alpha    CL        CD       CDp       CM     Top_Xtr  Bot_Xtr  Top_Itr  Bot_Itr
  ------ -------- --------- --------- -------- -------- -------- -------- --------
  -6.000  -0.3678   0.01296   0.00418  -0.0684   0.9635   0.0453   4.6985  93.9396
  -5.000  -0.2416   0.01081   0.00257  -0.0716   0.9485   0.0557   5.7979  94.8500
  -4.000  -0.1273   0.00967   0.00195  -0.0718   0.9260   0.0891   7.3445  97.4976
  -3.000  -0.0166   0.00920   0.00169  -0.0711   0.9012   0.1153   9.0330  99.3032
  -2.000   0.0887   0.00866   0.00129  -0.0692   0.8701   0.1351  11.1888 100.6313
  -1.000   0.1929   0.00820   0.00095  -0.0669   0.8326   0.1679  13.7912 102.8678
   0.000   0.2932   0.00726   0.00082  -0.0645   0.8011   0.4191  15.9273 119.6761
   1.000   0.4985   0.00606   0.00070  -0.0842   0.7603   1.0000  18.6614 160.0000
   2.000   0.5928   0.00623   0.00063  -0.0801   0.7054   1.0000  22.3763 160.0000
   3.000   0.6849   0.00665   0.00062  -0.0755   0.6290   1.0000  27.5884 160.0000
   4.000   0.7682   0.00765   0.00075  -0.0694   0.4835   1.0000  37.4495 160.0000
   5.000   0.8479   0.00918   0.00122  -0.0631   0.3350   1.0000  47.5000 160.0000
   6.000   0.9186   0.01156   0.00208  -0.0559   0.1431   1.0000  60.8057 160.0000
   7.000   0.9972   0.01340   0.00284  -0.0500   0.0634   1.0000  66.6457 160.0000
   8.000   1.0636   0.01618   0.00416  -0.0419   0.0217   1.0000  70.8918 160.0000
   9.000   1.1242   0.01907   0.00574  -0.0332   0.0160   1.0000  71.7571 160.0000
  10.000   1.1585   0.02330   0.00818  -0.0209   0.0134   1.0000  72.2474 160.0000
  11.000   1.1983   0.02784   0.01113  -0.0115   0.0117   1.0000  72.6405 160.0000
  12.000   1.2220   0.03479   0.01593  -0.0028   0.0106   1.0000  72.8906 160.0000
  13.000   1.1947   0.04817   0.02634   0.0055   0.0101   1.0000  73.0151 160.0000
  14.000   1.1598   0.06173   0.03872   0.0061   0.0098   1.0000  73.1211 160.0000
  15.000   1.0880   0.08650   0.06258  -0.0046   0.0098   1.0000  73.1066 160.0000
