  
       XFOIL         Version 6.99
  
 Calculated polar for: GOE 550 AIRFOIL                                 
  
 1 1 Reynolds number fixed          Mach number fixed         
  
 xtrf =   1.000 (top)        1.000 (bottom)  
 Mach =   0.000     Re =     1.000 e 6     Ncrit =   9.000  9.000
  
   alpha    CL        CD       CDp       CM     Top_Xtr  Bot_Xtr  Top_Itr  Bot_Itr
  ------ -------- --------- --------- -------- -------- -------- -------- --------
  -6.000  -0.1515   0.00828   0.00123  -0.1238   0.8180   0.1054  13.6772 104.2145
  -5.000  -0.0436   0.00783   0.00089  -0.1226   0.7846   0.1263  15.6658 105.6911
  -4.000   0.0648   0.00744   0.00067  -0.1214   0.7528   0.1639  17.5633 108.3425
  -3.000   0.1733   0.00736   0.00063  -0.1200   0.7141   0.1979  19.8796 110.6249
  -2.000   0.2830   0.00738   0.00060  -0.1188   0.6796   0.2170  21.9626 111.8160
  -1.000   0.3920   0.00739   0.00053  -0.1176   0.6421   0.2310  24.2470 112.6674
   0.000   0.4999   0.00749   0.00047  -0.1161   0.6015   0.2439  26.7307 113.4461
   1.000   0.6066   0.00767   0.00046  -0.1145   0.5603   0.2610  29.2475 114.4702
   2.000   0.7123   0.00791   0.00048  -0.1128   0.5200   0.2807  31.6947 115.6653
   3.000   0.8166   0.00819   0.00053  -0.1109   0.4809   0.3086  34.0712 117.3750
   4.000   0.9167   0.00837   0.00067  -0.1084   0.4312   0.4524  37.1366 126.0290
   5.000   1.0252   0.00807   0.00105  -0.1080   0.3776   1.0000  40.4832 160.0000
   6.000   1.1183   0.00893   0.00128  -0.1041   0.3332   1.0000  43.2523 160.0000
   7.000   1.2088   0.00985   0.00152  -0.0999   0.2930   1.0000  45.7543 160.0000
   8.000   1.2897   0.01102   0.00179  -0.0941   0.2367   1.0000  49.3380 160.0000
   9.000   1.3266   0.01369   0.00269  -0.0808   0.1236   1.0000  57.2085 160.0000
  10.000   1.3858   0.01555   0.00338  -0.0722   0.0948   1.0000  59.2642 160.0000
  11.000   1.4274   0.01845   0.00459  -0.0623   0.0540   1.0000  63.0233 160.0000
  12.000   1.4660   0.02198   0.00634  -0.0536   0.0361   1.0000  65.3783 160.0000
  13.000   1.4971   0.02673   0.00897  -0.0463   0.0248   1.0000  67.4772 160.0000
  14.000   1.5169   0.03323   0.01298  -0.0404   0.0184   1.0000  69.0021 160.0000
  15.000   1.5322   0.04114   0.01825  -0.0365   0.0156   1.0000  69.7940 160.0000
