  
       XFOIL         Version 6.99
  
 Calculated polar for: GOE 564 AIRFOIL                                 
  
 1 1 Reynolds number fixed          Mach number fixed         
  
 xtrf =   1.000 (top)        1.000 (bottom)  
 Mach =   0.000     Re =     1.000 e 6     Ncrit =   9.000  9.000
  
   alpha    CL        CD       CDp       CM     Top_Xtr  Bot_Xtr  Top_Itr  Bot_Itr
  ------ -------- --------- --------- -------- -------- -------- -------- --------
  -6.000  -0.3317   0.01079   0.00361  -0.0759   0.9663   0.0287   4.5889  92.7539
  -5.000  -0.2063   0.00910   0.00225  -0.0791   0.9577   0.0343   5.2794  93.3552
  -4.000  -0.0888   0.00794   0.00134  -0.0802   0.9406   0.0381   6.5136  93.7349
  -3.000   0.0269   0.00708   0.00067  -0.0807   0.9192   0.0485   7.9685  94.6883
  -2.000   0.1345   0.00658   0.00042  -0.0793   0.8777   0.1083  10.8308  99.2279
  -1.000   0.2400   0.00639   0.00024  -0.0774   0.8291   0.1410  14.2113 101.4133
   0.000   0.3343   0.00537   0.00013  -0.0739   0.7622   0.5128  18.7306 126.0905
   1.000   0.4525   0.00495   0.00026  -0.0749   0.6236   0.9755  28.2009 157.2918
   2.000   0.6008   0.00574   0.00034  -0.0832   0.5022   1.0000  36.3549 160.0000
   3.000   0.6726   0.00740   0.00076  -0.0752   0.2594   1.0000  52.8657 160.0000
   4.000   0.7620   0.00823   0.00106  -0.0706   0.1965   1.0000  57.1780 160.0000
   5.000   0.8547   0.00896   0.00132  -0.0667   0.1579   1.0000  59.7934 160.0000
   6.000   0.9414   0.01020   0.00178  -0.0619   0.0873   1.0000  65.1607 160.0000
   7.000   1.0267   0.01164   0.00241  -0.0570   0.0374   1.0000  69.5384 160.0000
   8.000   1.1088   0.01345   0.00337  -0.0516   0.0171   1.0000  72.0457 160.0000
   9.000   1.1879   0.01543   0.00443  -0.0458   0.0116   1.0000  73.1566 160.0000
  10.000   1.2538   0.01812   0.00596  -0.0383   0.0087   1.0000  73.9778 160.0000
  11.000   1.3078   0.02060   0.00740  -0.0289   0.0076   1.0000  74.3975 160.0000
  12.000   1.3482   0.02390   0.00942  -0.0188   0.0066   1.0000  74.7781 160.0000
  13.000   1.3464   0.03065   0.01403  -0.0064   0.0060   1.0000  75.0469 160.0000
  14.000   1.3602   0.03732   0.01909  -0.0000   0.0055   1.0000  75.2827 160.0000
  15.000   1.3463   0.04872   0.02833   0.0021   0.0052   1.0000  75.4669 160.0000
