  
       XFOIL         Version 6.99
  
 Calculated polar for: GOE 526 AIRFOIL                                 
  
 1 1 Reynolds number fixed          Mach number fixed         
  
 xtrf =   1.000 (top)        1.000 (bottom)  
 Mach =   0.000     Re =     1.000 e 6     Ncrit =   9.000  9.000
  
   alpha    CL        CD       CDp       CM     Top_Xtr  Bot_Xtr  Top_Itr  Bot_Itr
  ------ -------- --------- --------- -------- -------- -------- -------- --------
  -6.000  -0.2147   0.01023   0.00234  -0.0900   0.7859   0.0421  14.7992 101.0690
  -5.000  -0.1109   0.00947   0.00174  -0.0878   0.7600   0.0471  16.2541 101.9224
  -4.000  -0.0059   0.00879   0.00122  -0.0858   0.7358   0.0551  17.6123 103.1382
  -3.000   0.1006   0.00830   0.00088  -0.0841   0.7151   0.0694  18.7784 104.9457
  -1.000   0.3145   0.00764   0.00056  -0.0808   0.6701   0.1365  21.3526 110.4255
   0.000   0.4202   0.00753   0.00044  -0.0789   0.6358   0.1693  23.3383 112.3850
   1.000   0.5215   0.00740   0.00035  -0.0763   0.5882   0.2492  26.1458 116.7970
   2.000   0.6159   0.00627   0.00061  -0.0726   0.5020   0.9569  31.2812 156.3615
   3.000   0.7774   0.00741   0.00097  -0.0832   0.4241   0.9874  35.8527 158.6871
   4.000   0.9436   0.00811   0.00119  -0.0951   0.3791   0.9997  38.4429 159.9614
   5.000   1.0281   0.00865   0.00138  -0.0897   0.3453   1.0000  40.3939 160.0000
   6.000   1.1032   0.00930   0.00156  -0.0823   0.3079   1.0000  42.6044 160.0000
   7.000   1.1629   0.01043   0.00183  -0.0722   0.2391   1.0000  47.0014 160.0000
   8.000   1.1992   0.01212   0.00227  -0.0578   0.1671   1.0000  51.8534 160.0000
   9.000   1.2596   0.01334   0.00256  -0.0487   0.1478   1.0000  53.1114 160.0000
  10.000   1.3238   0.01484   0.00296  -0.0412   0.1241   1.0000  54.7613 160.0000
  11.000   1.3738   0.01738   0.00389  -0.0329   0.0855   1.0000  58.0407 160.0000
  12.000   1.4231   0.02039   0.00526  -0.0260   0.0704   1.0000  59.5795 160.0000
  13.000   1.4674   0.02418   0.00716  -0.0200   0.0592   1.0000  60.8658 160.0000
  14.000   1.5070   0.02876   0.00965  -0.0150   0.0516   1.0000  61.8718 160.0000
  15.000   1.5400   0.03432   0.01288  -0.0110   0.0461   1.0000  62.7050 160.0000
