  
       XFOIL         Version 6.99
  
 Calculated polar for: GOE 547 AIRFOIL                                 
  
 1 1 Reynolds number fixed          Mach number fixed         
  
 xtrf =   1.000 (top)        1.000 (bottom)  
 Mach =   0.000     Re =     1.000 e 6     Ncrit =   9.000  9.000
  
   alpha    CL        CD       CDp       CM     Top_Xtr  Bot_Xtr  Top_Itr  Bot_Itr
  ------ -------- --------- --------- -------- -------- -------- -------- --------
  -6.000  -0.1196   0.01173   0.00428  -0.1279   0.8885   0.0323  10.0947  93.9315
  -5.000  -0.0187   0.01014   0.00277  -0.1260   0.8652   0.0328  11.6618  93.9998
  -4.000   0.0793   0.00830   0.00135  -0.1234   0.8426   0.0362  13.1775  94.3533
  -3.000   0.1840   0.00767   0.00078  -0.1218   0.8191   0.0393  14.7541  94.6755
  -2.000   0.2898   0.00728   0.00042  -0.1204   0.7940   0.0478  16.4438  95.5117
  -1.000   0.3905   0.00663   0.00020  -0.1181   0.7590   0.2017  18.7985 106.6284
   0.000   0.4885   0.00620   0.00011  -0.1153   0.7127   0.3910  21.9254 118.9581
   1.000   0.5852   0.00601   0.00014  -0.1122   0.6652   0.5851  25.1296 131.5816
   5.000   0.9785   0.00872   0.00097  -0.1023   0.2962   1.0000  49.9182 160.0000
   6.000   1.0447   0.01037   0.00143  -0.0937   0.1767   1.0000  57.8937 160.0000
   7.000   1.1006   0.01213   0.00195  -0.0831   0.0921   1.0000  63.9297 160.0000
   8.000   1.1503   0.01453   0.00277  -0.0723   0.0176   1.0000  71.6127 160.0000
   9.000   1.2114   0.01661   0.00365  -0.0641   0.0123   1.0000  72.7123 160.0000
  10.000   1.2638   0.01940   0.00501  -0.0554   0.0101   1.0000  73.2961 160.0000
  11.000   1.3105   0.02280   0.00689  -0.0474   0.0087   1.0000  73.7429 160.0000
  12.000   1.3339   0.02831   0.01028  -0.0383   0.0076   1.0000  74.1066 160.0000
  13.000   1.3645   0.03387   0.01398  -0.0319   0.0069   1.0000  74.4010 160.0000
  14.000   1.3835   0.04101   0.01905  -0.0266   0.0064   1.0000  74.6473 160.0000
  15.000   1.3888   0.05040   0.02608  -0.0229   0.0060   1.0000  74.8268 160.0000
