  
       XFOIL         Version 6.99
  
 Calculated polar for: GOE 564 AIRFOIL                                 
  
 1 1 Reynolds number fixed          Mach number fixed         
  
 xtrf =   1.000 (top)        1.000 (bottom)  
 Mach =   0.000     Re =     0.500 e 6     Ncrit =   9.000  9.000
  
   alpha    CL        CD       CDp       CM     Top_Xtr  Bot_Xtr  Top_Itr  Bot_Itr
  ------ -------- --------- --------- -------- -------- -------- -------- --------
  -6.000  -0.3961   0.01553   0.00667  -0.0633   0.9738   0.0333   3.9557  93.2576
  -5.000  -0.2697   0.01367   0.00482  -0.0667   0.9632   0.0409   4.8517  94.0078
  -4.000  -0.1475   0.01103   0.00285  -0.0691   0.9521   0.0482   5.6963  94.6609
  -3.000  -0.0175   0.00956   0.00186  -0.0728   0.9423   0.0711   6.3955  96.5620
  -2.000   0.1117   0.00879   0.00158  -0.0763   0.9288   0.1301   7.3175 100.6842
  -1.000   0.2320   0.00783   0.00099  -0.0772   0.8961   0.1905   9.5469 104.7150
   0.000   0.3662   0.00552   0.00083  -0.0813   0.8483   0.9656  12.8864 156.4682
   1.000   0.5213   0.00575   0.00054  -0.0902   0.7783   1.0000  17.6452 160.0000
   2.000   0.6014   0.00633   0.00045  -0.0829   0.6472   1.0000  26.6137 160.0000
   3.000   0.6831   0.00722   0.00063  -0.0763   0.5268   1.0000  34.6786 160.0000
   4.000   0.7511   0.00926   0.00111  -0.0677   0.2744   1.0000  51.8319 160.0000
   5.000   0.8384   0.01042   0.00158  -0.0629   0.2101   1.0000  56.2515 160.0000
   6.000   0.9284   0.01148   0.00197  -0.0587   0.1593   1.0000  59.6972 160.0000
   7.000   1.0124   0.01311   0.00256  -0.0538   0.0851   1.0000  65.3289 160.0000
   8.000   1.0840   0.01594   0.00397  -0.0468   0.0265   1.0000  70.7898 160.0000
  10.000   1.1998   0.02245   0.00770  -0.0289   0.0142   1.0000  72.5928 160.0000
  11.000   1.2260   0.02828   0.01132  -0.0171   0.0119   1.0000  73.0532 160.0000
  12.000   1.2536   0.03384   0.01537  -0.0077   0.0107   1.0000  73.3997 160.0000
  13.000   1.2551   0.04214   0.02182   0.0004   0.0099   1.0000  73.6249 160.0000
  14.000   1.2286   0.05470   0.03242   0.0036   0.0095   1.0000  73.7435 160.0000
  15.000   1.1697   0.07595   0.05202  -0.0035   0.0094   1.0000  73.7593 160.0000
