  
       XFOIL         Version 6.99
  
 Calculated polar for: GOE 525 AIRFOIL                                 
  
 1 1 Reynolds number fixed          Mach number fixed         
  
 xtrf =   1.000 (top)        1.000 (bottom)  
 Mach =   0.000     Re =     1.000 e 6     Ncrit =   9.000  9.000
  
   alpha    CL        CD       CDp       CM     Top_Xtr  Bot_Xtr  Top_Itr  Bot_Itr
  ------ -------- --------- --------- -------- -------- -------- -------- --------
  -6.000   0.5792   0.01166   0.00397  -0.2668   0.7272   0.0331  18.7792  99.4173
  -5.000   0.6812   0.01087   0.00282  -0.2656   0.6712   0.0345  22.0072  99.7036
  -4.000   0.7865   0.01046   0.00208  -0.2647   0.6337   0.0358  24.0846  99.9884
  -3.000   0.8946   0.00999   0.00151  -0.2646   0.6070   0.0390  25.5233 100.6387
  -2.000   0.9977   0.00995   0.00117  -0.2631   0.5829   0.0439  26.8139 101.5349
  -1.000   1.1026   0.00992   0.00103  -0.2623   0.5583   0.1276  28.1401 110.0598
   0.000   1.2000   0.01023   0.00110  -0.2601   0.5288   0.2377  29.7740 116.3246
   1.000   1.2882   0.01093   0.00131  -0.2562   0.4908   0.3599  31.9217 122.5467
   2.000   1.3729   0.01191   0.00165  -0.2518   0.4564   0.4701  33.8877 128.0147
   3.000   1.4578   0.01302   0.00201  -0.2475   0.4324   0.5281  35.2401 130.8920
   4.000   1.5407   0.01428   0.00239  -0.2432   0.4121   0.5635  36.3859 132.6832
   5.000   1.6216   0.01569   0.00282  -0.2388   0.3952   0.5927  37.3371 134.1986
   6.000   1.6988   0.01733   0.00332  -0.2341   0.3774   0.6168  38.3493 135.4941
   7.000   1.7728   0.01923   0.00390  -0.2294   0.3603   0.6371  39.3326 136.6131
   9.000   1.9077   0.02416   0.00555  -0.2193   0.3259   0.6834  41.3740 139.2864
  10.000   1.9627   0.02772   0.00693  -0.2134   0.3032   0.7060  42.7660 140.6436
  11.000   2.0125   0.03198   0.00872  -0.2077   0.2809   0.7360  44.1620 142.4738
  12.000   2.0537   0.03702   0.01117  -0.2019   0.2589   1.0000  45.5579 160.0000
  14.000   2.1059   0.05208   0.01881  -0.1910   0.2152   1.0000  48.4005 160.0000
  15.000   2.1058   0.06362   0.02555  -0.1862   0.1868   1.0000  50.3634 160.0000
