  
       XFOIL         Version 6.99
  
 Calculated polar for: GOE 598 AIRFOIL                                 
  
 1 1 Reynolds number fixed          Mach number fixed         
  
 xtrf =   1.000 (top)        1.000 (bottom)  
 Mach =   0.000     Re =     0.500 e 6     Ncrit =   9.000  9.000
  
   alpha    CL        CD       CDp       CM     Top_Xtr  Bot_Xtr  Top_Itr  Bot_Itr
  ------ -------- --------- --------- -------- -------- -------- -------- --------
  -5.000  -0.4500   0.01531   0.00534  -0.0250   1.0000   0.0111   1.0000  87.0835
  -4.000  -0.3526   0.01119   0.00242  -0.0218   1.0000   0.0197   1.0000  87.9881
  -3.000  -0.2545   0.00866   0.00095  -0.0197   1.0000   0.0583   1.0000  91.6732
  -2.000  -0.1426   0.00790   0.00078  -0.0206   0.9967   0.1373   1.5046  97.3234
  -1.000   0.0035   0.00567   0.00067  -0.0298   0.9769   0.6688   3.8115 134.8412
   0.000   0.1305   0.00478   0.00067  -0.0315   0.9153   0.9897   8.5904 158.5736
   1.000   0.2369   0.00508   0.00043  -0.0296   0.8045   1.0000  16.6473 160.0000
   2.000   0.3416   0.00555   0.00039  -0.0279   0.7068   1.0000  23.5766 160.0000
   3.000   0.4390   0.00768   0.00055  -0.0257   0.2934   1.0000  52.8142 160.0000
   4.000   0.5370   0.01146   0.00205  -0.0238   0.0140   1.0000  74.1895 160.0000
   5.000   0.6355   0.01757   0.00593  -0.0199   0.0135   1.0000  74.2544 160.0000
