  
       XFOIL         Version 6.99
  
 Calculated polar for: GOE 595 AIRFOIL                                 
  
 1 1 Reynolds number fixed          Mach number fixed         
  
 xtrf =   1.000 (top)        1.000 (bottom)  
 Mach =   0.000     Re =     1.000 e 6     Ncrit =   9.000  9.000
  
   alpha    CL        CD       CDp       CM     Top_Xtr  Bot_Xtr  Top_Itr  Bot_Itr
  ------ -------- --------- --------- -------- -------- -------- -------- --------
  -6.000  -0.2420   0.01217   0.00447  -0.0891   0.9437   0.0100   6.4867  88.6492
  -5.000  -0.1363   0.00965   0.00244  -0.0881   0.9230   0.0138   7.9506  89.4577
  -4.000  -0.0340   0.00844   0.00155  -0.0861   0.8970   0.0212   9.7593  90.5167
  -3.000   0.0697   0.00753   0.00082  -0.0843   0.8726   0.0323  11.4673  91.7289
  -2.000   0.1744   0.00699   0.00036  -0.0826   0.8403   0.0445  13.7625  92.9344
  -1.000   0.2744   0.00617   0.00015  -0.0803   0.7973   0.2490  16.7909 107.4756
   0.000   0.3631   0.00505   0.00011  -0.0758   0.7381   0.6837  20.8848 136.9176
   1.000   0.4888   0.00491   0.00027  -0.0786   0.6545   0.9689  26.6330 156.5923
   2.000   0.6501   0.00606   0.00041  -0.0904   0.4909   1.0000  37.8965 160.0000
   3.000   0.7349   0.00664   0.00058  -0.0850   0.4278   1.0000  42.1816 160.0000
   4.000   0.8222   0.00726   0.00075  -0.0803   0.3689   1.0000  46.1915 160.0000
   5.000   0.8992   0.00862   0.00112  -0.0737   0.2350   1.0000  55.5104 160.0000
   6.000   0.9642   0.01104   0.00205  -0.0654   0.0553   1.0000  68.7870 160.0000
   7.000   1.0475   0.01229   0.00262  -0.0603   0.0351   1.0000  70.5299 160.0000
   8.000   1.1248   0.01392   0.00319  -0.0544   0.0130   1.0000  73.1078 160.0000
   9.000   1.1884   0.01605   0.00411  -0.0460   0.0083   1.0000  74.2476 160.0000
  10.000   1.2313   0.01889   0.00545  -0.0348   0.0064   1.0000  74.9133 160.0000
  11.000   1.2686   0.02240   0.00742  -0.0245   0.0054   1.0000  75.3787 160.0000
  12.000   1.2986   0.02688   0.01021  -0.0156   0.0046   1.0000  75.7551 160.0000
  13.000   1.2816   0.03647   0.01689  -0.0058   0.0042   1.0000  76.0037 160.0000
  14.000   1.2847   0.04585   0.02426  -0.0023   0.0040   1.0000  76.1323 160.0000
  15.000   1.2612   0.06038   0.03647  -0.0031   0.0038   1.0000  76.2567 160.0000
