  
       XFOIL         Version 6.99
  
 Calculated polar for: GOE 517 AIRFOIL                                 
  
 1 1 Reynolds number fixed          Mach number fixed         
  
 xtrf =   1.000 (top)        1.000 (bottom)  
 Mach =   0.000     Re =     0.500 e 6     Ncrit =   9.000  9.000
  
   alpha    CL        CD       CDp       CM     Top_Xtr  Bot_Xtr  Top_Itr  Bot_Itr
  ------ -------- --------- --------- -------- -------- -------- -------- --------
  -4.000   0.0581   0.02804   0.02169  -0.0992   0.8911   0.0265  10.6332  92.2717
  -3.000   0.1510   0.01142   0.00369  -0.0944   0.8576   0.0181  12.8214  91.2723
  -2.000   0.2534   0.00890   0.00134  -0.0913   0.8211   0.0313  15.2086  92.6683
  -1.000   0.3582   0.00846   0.00106  -0.0893   0.7793   0.1013  17.8570  98.9768
   0.000   0.4613   0.00808   0.00074  -0.0872   0.7256   0.1431  21.2855 102.3736
   1.000   0.6051   0.00626   0.00061  -0.0949   0.6444   1.0000  26.4233 160.0000
   2.000   0.7001   0.00689   0.00067  -0.0913   0.5766   1.0000  30.7069 160.0000
   3.000   0.7974   0.00751   0.00085  -0.0884   0.5322   1.0000  33.4722 160.0000
   4.000   0.8947   0.00814   0.00105  -0.0856   0.4874   1.0000  36.2577 160.0000
   5.000   0.9884   0.00893   0.00120  -0.0822   0.4033   1.0000  41.5725 160.0000
   6.000   1.0728   0.01054   0.00167  -0.0776   0.2994   1.0000  48.0629 160.0000
   7.000   1.1286   0.01473   0.00324  -0.0691   0.0281   1.0000  69.1781 160.0000
   8.000   1.1916   0.01814   0.00479  -0.0608   0.0120   1.0000  71.7094 160.0000
   9.000   1.2243   0.02227   0.00686  -0.0483   0.0092   1.0000  72.6640 160.0000
  10.000   1.2404   0.02904   0.01036  -0.0358   0.0083   1.0000  73.0319 160.0000
  11.000   1.2854   0.03638   0.01469  -0.0284   0.0075   1.0000  73.4156 160.0000
