  
       XFOIL         Version 6.99
  
 Calculated polar for: GOE 561 AIRFOIL                                 
  
 1 1 Reynolds number fixed          Mach number fixed         
  
 xtrf =   1.000 (top)        1.000 (bottom)  
 Mach =   0.000     Re =     0.500 e 6     Ncrit =   9.000  9.000
  
   alpha    CL        CD       CDp       CM     Top_Xtr  Bot_Xtr  Top_Itr  Bot_Itr
  ------ -------- --------- --------- -------- -------- -------- -------- --------
  -6.000   0.5122   0.05263   0.03933  -0.1566   0.4957   0.0360  28.7463 106.1784
  -5.000   0.4777   0.04700   0.03425  -0.1399   0.4893   0.0370  29.0562 106.4214
  -3.000   0.4221   0.03569   0.02138  -0.0963   0.4779   0.0400  29.6215 107.1740
  -1.000   0.4463   0.02892   0.01102  -0.0609   0.4640   0.0447  30.3371 108.2645
   0.000   0.4639   0.02655   0.00590  -0.0430   0.4563   0.0487  30.7453 109.1519
   1.000   0.5003   0.02500   0.00184  -0.0294   0.4480   0.0536  31.1923 110.1581
   2.000   0.5415   0.02398  -0.00161  -0.0179   0.4390   0.0594  31.7009 111.2734
   3.000   0.6722   0.02207  -0.00458  -0.0235   0.4283   0.0452  32.3162 108.3931
   4.000   0.8126   0.02203  -0.00511  -0.0337   0.4163   0.0469  33.0269 108.7686
   5.000   0.9017   0.02360  -0.00502  -0.0361   0.4035   0.0525  33.8190 109.9466
   6.000   0.9671   0.02597  -0.00478  -0.0345   0.3904   0.0623  34.6504 111.7932
   7.000   1.2852   0.03035   0.00250  -0.0866   0.3725   1.0000  35.8027 160.0000
   8.000   1.3153   0.03528   0.00420  -0.0814   0.3594   1.0000  36.6631 160.0000
   9.000   1.3436   0.04073   0.00628  -0.0769   0.3478   1.0000  37.4263 160.0000
  10.000   1.3738   0.04628   0.00838  -0.0734   0.3371   1.0000  38.1326 160.0000
  11.000   1.3973   0.05278   0.01123  -0.0703   0.3275   1.0000  38.7673 160.0000
  12.000   1.4162   0.05998   0.01463  -0.0676   0.3183   1.0000  39.3862 160.0000
  13.000   1.4583   0.06492   0.01600  -0.0664   0.3096   1.0000  39.9670 160.0000
  14.000   1.4541   0.07493   0.02183  -0.0641   0.3016   1.0000  40.5101 160.0000
  15.000   1.5072   0.07876   0.02205  -0.0642   0.2947   1.0000  40.9801 160.0000
