  
       XFOIL         Version 6.99
  
 Calculated polar for: GOE 518 AIRFOIL                                 
  
 1 1 Reynolds number fixed          Mach number fixed         
  
 xtrf =   1.000 (top)        1.000 (bottom)  
 Mach =   0.000     Re =     1.000 e 6     Ncrit =   9.000  9.000
  
   alpha    CL        CD       CDp       CM     Top_Xtr  Bot_Xtr  Top_Itr  Bot_Itr
  ------ -------- --------- --------- -------- -------- -------- -------- --------
  -6.000   0.1383   0.02189   0.01348  -0.1304   0.6735   0.0378  21.4478 104.1764
  -5.000   0.1394   0.01658   0.00642  -0.1075   0.6158   0.0325  24.5950 102.9848
  -4.000   0.1930   0.01418   0.00364  -0.0954   0.5709   0.0327  26.9507 103.0348
  -3.000   0.2608   0.01274   0.00182  -0.0861   0.5225   0.0331  29.5288 103.1172
  -2.000   0.3251   0.01232   0.00068  -0.0763   0.4676   0.0339  32.5484 103.3025
  -1.000   0.3912   0.01229  -0.00020  -0.0670   0.4212   0.0354  35.1205 103.6490
   0.000   0.4602   0.01240  -0.00099  -0.0585   0.3871   0.0367  37.0027 103.9406
   1.000   0.5331   0.01247  -0.00168  -0.0509   0.3651   0.0390  38.2207 104.4101
   2.000   0.6086   0.01283  -0.00222  -0.0442   0.3483   0.0435  39.1546 105.2958
   3.000   0.6815   0.01323  -0.00264  -0.0374   0.3343   0.1332  39.9367 114.7274
   6.000   1.1663   0.01507   0.00085  -0.0767   0.3068   1.0000  41.5278 160.0000
   7.000   1.2286   0.01653   0.00097  -0.0697   0.2984   1.0000  42.0228 160.0000
   8.000   1.3019   0.01771   0.00098  -0.0649   0.2937   1.0000  42.3072 160.0000
   9.000   1.3702   0.01929   0.00111  -0.0600   0.2883   1.0000  42.6380 160.0000
  10.000   1.4333   0.02129   0.00140  -0.0550   0.2817   1.0000  43.0464 160.0000
  11.000   1.5026   0.02314   0.00161  -0.0513   0.2776   1.0000  43.3083 160.0000
  12.000   1.5654   0.02548   0.00197  -0.0475   0.2716   1.0000  43.6916 160.0000
  13.000   1.6233   0.02831   0.00254  -0.0439   0.2635   1.0000  44.2182 160.0000
  14.000   1.6754   0.03176   0.00336  -0.0405   0.2542   1.0000  44.8459 160.0000
  15.000   1.7270   0.03548   0.00433  -0.0379   0.2444   1.0000  45.5278 160.0000
