  
       XFOIL         Version 6.99
  
 Calculated polar for: GOE 507 AIRFOIL                                 
  
 1 1 Reynolds number fixed          Mach number fixed         
  
 xtrf =   1.000 (top)        1.000 (bottom)  
 Mach =   0.000     Re =     0.500 e 6     Ncrit =   9.000  9.000
  
   alpha    CL        CD       CDp       CM     Top_Xtr  Bot_Xtr  Top_Itr  Bot_Itr
  ------ -------- --------- --------- -------- -------- -------- -------- --------
  -6.000  -0.3175   0.01596   0.00730  -0.0774   0.9571   0.0538   5.5927  97.0678
  -5.000  -0.2038   0.01387   0.00560  -0.0782   0.9366   0.0639   7.2906  97.8837
  -4.000  -0.0998   0.01155   0.00366  -0.0763   0.9109   0.0680   9.1328  98.2158
  -3.000   0.0035   0.01014   0.00247  -0.0741   0.8855   0.0703  10.7802  98.3953
  -2.000   0.1085   0.00922   0.00167  -0.0722   0.8616   0.0758  12.3471  98.8326
  -1.000   0.2152   0.00861   0.00116  -0.0705   0.8367   0.0860  13.9863  99.5979
   1.000   0.4533   0.00590   0.00086  -0.0728   0.7538   0.9790  19.3324 157.5352
   2.000   0.5870   0.00617   0.00063  -0.0772   0.6808   1.0000  24.0489 160.0000
   3.000   0.6739   0.00694   0.00065  -0.0717   0.5526   1.0000  32.3333 160.0000
   4.000   0.7617   0.00798   0.00094  -0.0667   0.4460   1.0000  39.1133 160.0000
   5.000   0.8432   0.00960   0.00139  -0.0610   0.2800   1.0000  49.8220 160.0000
   6.000   0.9131   0.01251   0.00260  -0.0539   0.0797   1.0000  63.2489 160.0000
   7.000   0.9986   0.01413   0.00356  -0.0493   0.0630   1.0000  64.6811 160.0000
   8.000   1.0846   0.01559   0.00426  -0.0450   0.0401   1.0000  66.5150 160.0000
   9.000   1.1533   0.01821   0.00553  -0.0380   0.0228   1.0000  68.2499 160.0000
  10.000   1.1977   0.02160   0.00740  -0.0275   0.0178   1.0000  69.1827 160.0000
  11.000   1.2348   0.02558   0.00979  -0.0179   0.0150   1.0000  69.8959 160.0000
  12.000   1.2635   0.03122   0.01364  -0.0094   0.0133   1.0000  70.4245 160.0000
  13.000   1.2846   0.03784   0.01836  -0.0031   0.0118   1.0000  70.8983 160.0000
  14.000   1.2774   0.04876   0.02709   0.0014   0.0111   1.0000  71.1556 160.0000
  15.000   1.2435   0.06447   0.04092   0.0002   0.0107   1.0000  71.3163 160.0000
