  
       XFOIL         Version 6.99
  
 Calculated polar for: GOE 525 AIRFOIL                                 
  
 1 1 Reynolds number fixed          Mach number fixed         
  
 xtrf =   1.000 (top)        1.000 (bottom)  
 Mach =   0.000     Re =     0.500 e 6     Ncrit =   9.000  9.000
  
   alpha    CL        CD       CDp       CM     Top_Xtr  Bot_Xtr  Top_Itr  Bot_Itr
  ------ -------- --------- --------- -------- -------- -------- -------- --------
  -6.000   0.5525   0.01689   0.00835  -0.2600   0.7824   0.0424  15.5717 101.2819
  -5.000   0.6723   0.01394   0.00506  -0.2636   0.7430   0.0435  17.8609 101.4735
  -4.000   0.7802   0.01265   0.00336  -0.2634   0.6970   0.0456  20.5323 101.8420
  -3.000   0.8887   0.01200   0.00248  -0.2634   0.6583   0.0498  22.7312 102.5282
  -2.000   0.9969   0.01181   0.00197  -0.2633   0.6275   0.0585  24.4212 103.8201
  -1.000   1.1027   0.01170   0.00177  -0.2629   0.5997   0.1793  25.9125 113.1155
   1.000   1.2827   0.01274   0.00219  -0.2555   0.5421   0.4565  29.0290 127.3418
   2.000   1.3600   0.01383   0.00249  -0.2495   0.5084   0.5260  30.9234 130.7875
   3.000   1.4359   0.01520   0.00291  -0.2435   0.4767   0.5721  32.7264 133.1265
   4.000   1.5118   0.01682   0.00343  -0.2380   0.4517   0.6078  34.1537 135.0015
   5.000   1.5884   0.01850   0.00403  -0.2330   0.4308   0.6372  35.3325 136.6202
   7.000   1.7336   0.02258   0.00544  -0.2231   0.3945   0.6867  37.3754 139.4836
   8.000   1.7975   0.02522   0.00642  -0.2176   0.3750   0.7160  38.4848 141.2528
   9.000   1.8594   0.02825   0.00759  -0.2124   0.3577   0.7445  39.4860 143.0007
  10.000   1.9175   0.03179   0.00916  -0.2075   0.3401   0.8082  40.5187 146.9265
  11.000   1.9602   0.03646   0.01121  -0.2013   0.3200   1.0000  41.7357 160.0000
  12.000   1.9953   0.04263   0.01418  -0.1956   0.2991   1.0000  43.0167 160.0000
  13.000   2.0290   0.04946   0.01766  -0.1908   0.2800   1.0000  44.2192 160.0000
  14.000   2.0531   0.05781   0.02218  -0.1864   0.2615   1.0000  45.3928 160.0000
  15.000   2.0657   0.06812   0.02817  -0.1829   0.2421   1.0000  46.6314 160.0000
