  
       XFOIL         Version 6.99
  
 Calculated polar for: GOE 565 AIRFOIL                                 
  
 1 1 Reynolds number fixed          Mach number fixed         
  
 xtrf =   1.000 (top)        1.000 (bottom)  
 Mach =   0.000     Re =     1.000 e 6     Ncrit =   9.000  9.000
  
   alpha    CL        CD       CDp       CM     Top_Xtr  Bot_Xtr  Top_Itr  Bot_Itr
  ------ -------- --------- --------- -------- -------- -------- -------- --------
  -6.000  -0.2971   0.01030   0.00335  -0.0849   0.9678   0.0346   4.7150  92.8454
  -5.000  -0.1789   0.00933   0.00273  -0.0863   0.9540   0.0411   6.0155  93.5220
  -4.000  -0.0711   0.00861   0.00203  -0.0850   0.9305   0.0453   7.9575  93.9425
  -3.000   0.0334   0.00739   0.00105  -0.0830   0.9026   0.0514   9.9656  94.4350
  -2.000   0.1396   0.00687   0.00051  -0.0812   0.8578   0.0578  12.9814  94.9416
  -1.000   0.2463   0.00639   0.00020  -0.0797   0.8085   0.1222  16.2771  99.6379
   0.000   0.3492   0.00571   0.00012  -0.0778   0.7501   0.3866  20.2278 117.1799
   1.000   0.4459   0.00491   0.00022  -0.0746   0.6919   0.7762  24.0968 142.7476
   2.000   0.5808   0.00547   0.00033  -0.0796   0.5176   1.0000  35.7021 160.0000
   3.000   0.6728   0.00656   0.00058  -0.0755   0.3690   1.0000  45.5597 160.0000
   4.000   0.7649   0.00787   0.00097  -0.0718   0.2230   1.0000  55.4138 160.0000
   5.000   0.8611   0.00898   0.00141  -0.0688   0.1516   1.0000  60.2550 160.0000
   6.000   0.9498   0.01087   0.00220  -0.0648   0.0405   1.0000  68.8622 160.0000
   7.000   1.0424   0.01238   0.00309  -0.0613   0.0293   1.0000  69.9907 160.0000
   8.000   1.1340   0.01382   0.00391  -0.0580   0.0207   1.0000  71.0069 160.0000
   9.000   1.2235   0.01527   0.00461  -0.0544   0.0135   1.0000  72.2205 160.0000
  10.000   1.2987   0.01770   0.00598  -0.0486   0.0097   1.0000  73.1646 160.0000
  11.000   1.3613   0.02029   0.00752  -0.0411   0.0078   1.0000  73.8063 160.0000
  12.000   1.3920   0.02413   0.00992  -0.0294   0.0068   1.0000  74.2182 160.0000
  13.000   1.4196   0.02861   0.01297  -0.0200   0.0060   1.0000  74.5612 160.0000
  14.000   1.4272   0.03551   0.01801  -0.0125   0.0055   1.0000  74.8066 160.0000
  15.000   1.3814   0.05040   0.03004  -0.0097   0.0051   1.0000  74.9742 160.0000
