  
       XFOIL         Version 6.99
  
 Calculated polar for: GOE 546 AIRFOIL                                 
  
 1 1 Reynolds number fixed          Mach number fixed         
  
 xtrf =   1.000 (top)        1.000 (bottom)  
 Mach =   0.000     Re =     1.000 e 6     Ncrit =   9.000  9.000
  
   alpha    CL        CD       CDp       CM     Top_Xtr  Bot_Xtr  Top_Itr  Bot_Itr
  ------ -------- --------- --------- -------- -------- -------- -------- --------
  -6.000  -0.1806   0.01045   0.00338  -0.1084   0.8930   0.0310   9.6995  95.2265
  -5.000  -0.0745   0.00948   0.00252  -0.1074   0.8727   0.0348  11.0174  95.7463
  -4.000   0.0289   0.00836   0.00154  -0.1055   0.8474   0.0381  12.6641  96.1480
  -3.000   0.1355   0.00763   0.00092  -0.1041   0.8234   0.0438  14.2214  96.7688
  -2.000   0.2426   0.00705   0.00047  -0.1028   0.7949   0.0738  16.0718  99.2942
  -1.000   0.3436   0.00592   0.00024  -0.1009   0.7522   0.3831  18.8711 119.3607
   0.000   0.4452   0.00571   0.00023  -0.0985   0.6896   0.5549  23.0220 130.2716
   1.000   0.5592   0.00514   0.00040  -0.0987   0.6260   0.9683  27.1634 156.7762
   2.000   0.6822   0.00562   0.00046  -0.1013   0.5673   1.0000  30.9196 160.0000
   3.000   0.7760   0.00624   0.00054  -0.0974   0.4856   1.0000  36.2626 160.0000
   4.000   0.8641   0.00740   0.00083  -0.0927   0.3622   1.0000  44.3409 160.0000
   5.000   0.9384   0.00966   0.00159  -0.0860   0.1550   1.0000  58.2326 160.0000
   6.000   1.0149   0.01181   0.00252  -0.0798   0.0404   1.0000  67.4811 160.0000
   7.000   1.1012   0.01313   0.00319  -0.0752   0.0355   1.0000  68.0271 160.0000
   8.000   1.1815   0.01453   0.00397  -0.0698   0.0331   1.0000  68.3311 160.0000
   9.000   1.2407   0.01646   0.00495  -0.0607   0.0295   1.0000  68.7927 160.0000
  10.000   1.2945   0.01877   0.00621  -0.0518   0.0267   1.0000  69.1854 160.0000
  11.000   1.3560   0.02084   0.00729  -0.0452   0.0234   1.0000  69.7032 160.0000
  12.000   1.4069   0.02378   0.00888  -0.0384   0.0203   1.0000  70.2721 160.0000
  13.000   1.4624   0.02673   0.01033  -0.0333   0.0166   1.0000  71.0343 160.0000
  14.000   1.5115   0.03046   0.01237  -0.0287   0.0133   1.0000  71.9128 160.0000
  15.000   1.5362   0.03671   0.01649  -0.0239   0.0113   1.0000  72.5668 160.0000
