  
       XFOIL         Version 6.99
  
 Calculated polar for: GOE 57 AIRFOIL                                  
  
 1 1 Reynolds number fixed          Mach number fixed         
  
 xtrf =   1.000 (top)        1.000 (bottom)  
 Mach =   0.000     Re =     0.500 e 6     Ncrit =   9.000  9.000
  
   alpha    CL        CD       CDp       CM     Top_Xtr  Bot_Xtr  Top_Itr  Bot_Itr
  ------ -------- --------- --------- -------- -------- -------- -------- --------
   1.000   0.6669   0.00969   0.00152  -0.1124   0.5864   0.0479  30.6810  94.1339
   2.000   0.7680   0.00998   0.00105  -0.1103   0.4279   0.0636  41.4282  95.2669
   3.000   0.8631   0.00967   0.00154  -0.1078   0.2627   1.0000  52.6081 160.0000
   4.000   0.9635   0.01111   0.00208  -0.1060   0.1912   1.0000  57.7452 160.0000
   5.000   1.0659   0.01214   0.00255  -0.1045   0.1681   1.0000  59.3176 160.0000
   6.000   1.1565   0.01454   0.00342  -0.1015   0.0233   1.0000  72.0458 160.0000
   7.000   1.2491   0.01668   0.00436  -0.0981   0.0150   1.0000  73.2060 160.0000
   8.000   1.3256   0.02029   0.00642  -0.0924   0.0121   1.0000  73.7130 160.0000
   9.000   1.3706   0.02598   0.00953  -0.0825   0.0112   1.0000  73.8808 160.0000
  10.000   1.4170   0.03191   0.01187  -0.0722   0.0139   1.0000  73.4033 160.0000
