  
       XFOIL         Version 6.99
  
 Calculated polar for: GOE 599 AIRFOIL                                 
  
 1 1 Reynolds number fixed          Mach number fixed         
  
 xtrf =   1.000 (top)        1.000 (bottom)  
 Mach =   0.000     Re =     0.500 e 6     Ncrit =   9.000  9.000
  
   alpha    CL        CD       CDp       CM     Top_Xtr  Bot_Xtr  Top_Itr  Bot_Itr
  ------ -------- --------- --------- -------- -------- -------- -------- --------
  -6.000  -0.5476   0.01375   0.00445  -0.0318   0.9953   0.0248   1.6626  91.2484
  -5.000  -0.4071   0.01177   0.00313  -0.0391   0.9863   0.0428   2.7114  93.0621
  -4.000  -0.2662   0.00991   0.00220  -0.0464   0.9758   0.1294   3.7408  99.5990
  -3.000  -0.1249   0.00834   0.00174  -0.0540   0.9642   0.3360   4.7336 113.7826
  -2.000   0.0009   0.00695   0.00136  -0.0571   0.9387   0.5635   6.5923 129.1540
  -1.000   0.1120   0.00615   0.00109  -0.0563   0.8978   0.7098   9.4170 138.9750
   0.000   0.2144   0.00573   0.00094  -0.0529   0.8318   0.8667  14.1318 149.5911
   1.000   0.3343   0.00593   0.00097  -0.0536   0.7692   0.9765  18.4022 157.3827
   2.000   0.4644   0.00654   0.00081  -0.0577   0.6217   1.0000  28.4661 160.0000
   3.000   0.5441   0.00872   0.00113  -0.0520   0.2905   1.0000  50.9794 160.0000
   4.000   0.6317   0.01116   0.00206  -0.0482   0.0670   1.0000  66.9664 160.0000
   5.000   0.7308   0.01250   0.00297  -0.0460   0.0621   1.0000  67.3244 160.0000
   6.000   0.8214   0.01488   0.00445  -0.0426   0.0533   1.0000  67.9609 160.0000
   7.000   0.9208   0.01602   0.00530  -0.0410   0.0442   1.0000  68.7098 160.0000
   8.000   1.0269   0.01621   0.00463  -0.0407   0.0254   1.0000  70.8578 160.0000
   9.000   1.1091   0.01907   0.00607  -0.0361   0.0146   1.0000  72.5263 160.0000
  10.000   1.1678   0.02467   0.00969  -0.0283   0.0116   1.0000  73.1037 160.0000
  11.000   1.2201   0.02977   0.01353  -0.0205   0.0098   1.0000  73.5705 160.0000
  12.000   1.2329   0.03705   0.01923  -0.0097   0.0090   1.0000  73.8082 160.0000
  13.000   1.1932   0.05056   0.03075  -0.0022   0.0086   1.0000  73.9036 160.0000
  14.000   1.1225   0.07343   0.05224  -0.0093   0.0086   1.0000  73.8988 160.0000
