  
       XFOIL         Version 6.99
  
 Calculated polar for: GOE 517 AIRFOIL                                 
  
 1 1 Reynolds number fixed          Mach number fixed         
  
 xtrf =   1.000 (top)        1.000 (bottom)  
 Mach =   0.000     Re =     1.000 e 6     Ncrit =   9.000  9.000
  
   alpha    CL        CD       CDp       CM     Top_Xtr  Bot_Xtr  Top_Itr  Bot_Itr
  ------ -------- --------- --------- -------- -------- -------- -------- --------
  -4.000   0.0426   0.01211   0.00486  -0.0938   0.8292   0.0087  14.6870  88.9566
  -3.000   0.1438   0.00879   0.00183  -0.0912   0.7976   0.0115  16.7029  89.8438
  -2.000   0.2478   0.00734   0.00063  -0.0891   0.7626   0.0203  18.9257  91.5800
  -1.000   0.3526   0.00683   0.00029  -0.0874   0.7094   0.0824  22.3152  97.5176
   0.000   0.4553   0.00701   0.00019  -0.0854   0.6168   0.1150  28.1717  99.9601
   1.000   0.5573   0.00700   0.00025  -0.0836   0.5517   0.2554  32.2640 110.5447
   2.000   0.7053   0.00579   0.00049  -0.0926   0.5139   1.0000  34.6075 160.0000
   3.000   0.8052   0.00618   0.00060  -0.0902   0.4801   1.0000  36.7096 160.0000
   4.000   0.9028   0.00676   0.00071  -0.0876   0.4134   1.0000  40.9302 160.0000
   5.000   0.9933   0.00793   0.00107  -0.0838   0.3149   1.0000  47.1049 160.0000
   6.000   1.0844   0.00909   0.00142  -0.0803   0.2363   1.0000  52.2535 160.0000
   7.000   1.1431   0.01300   0.00313  -0.0717   0.0124   1.0000  71.6111 160.0000
   8.000   1.2208   0.01518   0.00411  -0.0661   0.0068   1.0000  73.7150 160.0000
   9.000   1.2802   0.01820   0.00560  -0.0577   0.0051   1.0000  74.6323 160.0000
  10.000   1.3033   0.02216   0.00766  -0.0440   0.0042   1.0000  75.2167 160.0000
  11.000   1.3223   0.02747   0.01086  -0.0331   0.0037   1.0000  75.5885 160.0000
  12.000   1.3364   0.03458   0.01564  -0.0253   0.0033   1.0000  75.8823 160.0000
  14.000   1.2868   0.06317   0.03780  -0.0172   0.0032   1.0000  75.9643 160.0000
  15.000   1.2327   0.08488   0.05811  -0.0245   0.0032   1.0000  75.9421 160.0000
