  
       XFOIL         Version 6.99
  
 Calculated polar for: GOE 550 AIRFOIL                                 
  
 1 1 Reynolds number fixed          Mach number fixed         
  
 xtrf =   1.000 (top)        1.000 (bottom)  
 Mach =   0.000     Re =     0.500 e 6     Ncrit =   9.000  9.000
  
   alpha    CL        CD       CDp       CM     Top_Xtr  Bot_Xtr  Top_Itr  Bot_Itr
  ------ -------- --------- --------- -------- -------- -------- -------- --------
  -6.000  -0.1512   0.01010   0.00209  -0.1246   0.8792   0.1244   9.9619 105.5596
  -5.000  -0.0404   0.00951   0.00168  -0.1239   0.8405   0.1537  12.3252 107.6229
  -4.000   0.0697   0.00932   0.00160  -0.1229   0.8058   0.1903  14.4028 110.1387
  -3.000   0.1793   0.00944   0.00167  -0.1216   0.7709   0.2196  16.4848 111.9802
  -2.000   0.2865   0.00934   0.00152  -0.1199   0.7317   0.2393  18.8239 113.1697
  -1.000   0.3941   0.00931   0.00135  -0.1183   0.6959   0.2549  20.9785 114.1031
   0.000   0.5005   0.00927   0.00121  -0.1165   0.6575   0.2716  23.3083 115.1152
   1.000   0.6055   0.00929   0.00111  -0.1145   0.6179   0.2918  25.7265 116.3462
   2.000   0.7089   0.00942   0.00101  -0.1123   0.5774   0.3164  28.2034 117.8512
   3.000   0.8095   0.00954   0.00101  -0.1097   0.5347   0.3734  30.8074 121.3098
   5.000   1.0146   0.00955   0.00142  -0.1056   0.4400   1.0000  36.5887 160.0000
   6.000   1.1046   0.01048   0.00163  -0.1012   0.3910   1.0000  39.6440 160.0000
   7.000   1.1890   0.01160   0.00191  -0.0959   0.3439   1.0000  42.5858 160.0000
   8.000   1.2662   0.01277   0.00220  -0.0894   0.3063   1.0000  44.9226 160.0000
   9.000   1.3321   0.01420   0.00249  -0.0811   0.2492   1.0000  48.5284 160.0000
  10.000   1.3577   0.01772   0.00382  -0.0680   0.1346   1.0000  56.4376 160.0000
  11.000   1.3927   0.02129   0.00559  -0.0580   0.0973   1.0000  59.0702 160.0000
  12.000   1.4192   0.02606   0.00812  -0.0493   0.0577   1.0000  62.6302 160.0000
  13.000   1.4316   0.03285   0.01239  -0.0422   0.0398   1.0000  64.8173 160.0000
  14.000   1.4365   0.04156   0.01839  -0.0374   0.0300   1.0000  66.4252 160.0000
  15.000   1.4312   0.05279   0.02673  -0.0353   0.0249   1.0000  67.4390 160.0000
