  
       XFOIL         Version 6.99
  
 Calculated polar for: GOE 510 AIRFOIL                                 
  
 1 1 Reynolds number fixed          Mach number fixed         
  
 xtrf =   1.000 (top)        1.000 (bottom)  
 Mach =   0.000     Re =     0.500 e 6     Ncrit =   9.000  9.000
  
   alpha    CL        CD       CDp       CM     Top_Xtr  Bot_Xtr  Top_Itr  Bot_Itr
  ------ -------- --------- --------- -------- -------- -------- -------- --------
  -6.000   0.0689   0.02361   0.02183  -0.1345   0.8685   0.0592  10.6295 102.1873
  -5.000   0.0936   0.02156   0.01306  -0.1277   0.8412   0.0556  12.3309 101.7644
  -4.000   0.1713   0.01581   0.00692  -0.1211   0.7985   0.0531  14.9004 101.4543
  -3.000   0.2590   0.01390   0.00451  -0.1156   0.7504   0.0557  17.7314 101.7811
  -1.000   0.4239   0.01155   0.00168  -0.1023   0.6428   0.0625  24.1213 102.5297
   0.000   0.4927   0.01123   0.00088  -0.0927   0.5904   0.0664  27.1561 102.9461
   1.000   0.5511   0.01108   0.00019  -0.0811   0.5270   0.0738  30.8713 103.6375
   2.000   0.6148   0.01140  -0.00028  -0.0711   0.4721   0.0977  34.1630 105.5990
   3.000   0.6864   0.01174  -0.00026  -0.0632   0.4409   0.2857  36.0033 117.1645
   4.000   0.7673   0.01220  -0.00035  -0.0572   0.4191   0.3430  37.2711 120.6586
   5.000   1.0395   0.01254   0.00162  -0.0931   0.3921   0.9988  38.8328 159.8739
   6.000   1.1087   0.01321   0.00159  -0.0854   0.3751   1.0000  39.8185 160.0000
   7.000   1.1650   0.01395   0.00146  -0.0752   0.3580   1.0000  40.8285 160.0000
   8.000   1.2223   0.01488   0.00133  -0.0657   0.3354   1.0000  42.1920 160.0000
   9.000   1.2788   0.01618   0.00128  -0.0569   0.3050   1.0000  44.0795 160.0000
  10.000   1.3357   0.01796   0.00152  -0.0491   0.2730   1.0000  46.1210 160.0000
  11.000   1.3793   0.02078   0.00228  -0.0407   0.2277   1.0000  49.0614 160.0000
  12.000   1.3797   0.02685   0.00502  -0.0292   0.1343   1.0000  55.6318 160.0000
  13.000   1.3148   0.03982   0.01347  -0.0171   0.0277   1.0000  67.5512 160.0000
  14.000   1.3133   0.04983   0.02036  -0.0134   0.0218   1.0000  68.8908 160.0000
  15.000   1.3044   0.06186   0.02935  -0.0120   0.0196   1.0000  69.4324 160.0000
