  
       XFOIL         Version 6.99
  
 Calculated polar for: GOE 533 AIRFOIL                                 
  
 1 1 Reynolds number fixed          Mach number fixed         
  
 xtrf =   1.000 (top)        1.000 (bottom)  
 Mach =   0.000     Re =     0.500 e 6     Ncrit =   9.000  9.000
  
   alpha    CL        CD       CDp       CM     Top_Xtr  Bot_Xtr  Top_Itr  Bot_Itr
  ------ -------- --------- --------- -------- -------- -------- -------- --------
  -5.000   0.0042   0.01642   0.00672  -0.1086   0.6606   0.0416  22.6466  99.8934
  -4.000   0.1117   0.01408   0.00431  -0.1074   0.6364   0.0424  23.9871 100.0180
  -3.000   0.2189   0.01200   0.00283  -0.1064   0.6148   0.0448  25.1812 100.3583
  -2.000   0.3292   0.01111   0.00201  -0.1056   0.5929   0.0490  26.4010 100.9533
  -1.000   0.4402   0.01038   0.00143  -0.1051   0.5702   0.0617  27.6776 102.4790
   0.000   0.5469   0.00890   0.00134  -0.1046   0.5435   0.5388  29.2133 131.2350
   1.000   0.6546   0.00890   0.00149  -0.1031   0.5118   0.6793  31.0907 139.2382
   2.000   0.7606   0.00903   0.00155  -0.1014   0.4785   0.7646  33.1030 144.3025
   3.000   0.8731   0.00899   0.00162  -0.1012   0.4447   1.0000  35.1629 160.0000
   4.000   0.9794   0.00971   0.00180  -0.1002   0.4146   1.0000  36.9927 160.0000
   5.000   1.0847   0.01041   0.00206  -0.0991   0.3893   1.0000  38.5218 160.0000
   6.000   1.1857   0.01128   0.00234  -0.0974   0.3643   1.0000  40.0196 160.0000
   7.000   1.2854   0.01208   0.00263  -0.0956   0.3403   1.0000  41.4610 160.0000
   8.000   1.3780   0.01313   0.00297  -0.0927   0.3148   1.0000  43.0083 160.0000
   9.000   1.4635   0.01430   0.00332  -0.0887   0.2818   1.0000  45.0845 160.0000
  10.000   1.5258   0.01599   0.00380  -0.0810   0.2362   1.0000  48.1814 160.0000
  11.000   1.5624   0.01886   0.00493  -0.0707   0.1916   1.0000  51.3419 160.0000
  12.000   1.5899   0.02290   0.00694  -0.0617   0.1658   1.0000  53.0891 160.0000
  13.000   1.6110   0.02858   0.01009  -0.0552   0.1345   1.0000  55.2519 160.0000
  14.000   1.5742   0.04124   0.01853  -0.0504   0.0780   1.0000  60.2798 160.0000
  15.000   1.5542   0.05427   0.02812  -0.0495   0.0683   1.0000  61.2311 160.0000
