  
       XFOIL         Version 6.99
  
 Calculated polar for: GOE 567 AIRFOIL                                 
  
 1 1 Reynolds number fixed          Mach number fixed         
  
 xtrf =   1.000 (top)        1.000 (bottom)  
 Mach =   0.000     Re =     0.500 e 6     Ncrit =   9.000  9.000
  
   alpha    CL        CD       CDp       CM     Top_Xtr  Bot_Xtr  Top_Itr  Bot_Itr
  ------ -------- --------- --------- -------- -------- -------- -------- --------
  -6.000  -0.0312   0.01267   0.00374  -0.1459   0.7538   0.0845  17.2274 103.7850
  -5.000   0.0768   0.01144   0.00275  -0.1454   0.7310   0.0925  18.5551 104.3919
  -4.000   0.1877   0.01076   0.00209  -0.1452   0.7093   0.1020  19.8218 105.0908
  -3.000   0.2991   0.01010   0.00157  -0.1451   0.6875   0.1245  21.0937 106.6495
  -2.000   0.4088   0.00921   0.00130  -0.1449   0.6612   0.2844  22.6520 116.4886
  -1.000   0.5197   0.00911   0.00132  -0.1445   0.6361   0.3709  24.1576 121.5734
   0.000   0.6299   0.00920   0.00136  -0.1438   0.6098   0.4293  25.7607 124.9329
   1.000   0.7386   0.00937   0.00142  -0.1428   0.5818   0.4774  27.4810 127.6931
   2.000   0.8460   0.00968   0.00150  -0.1417   0.5565   0.5223  29.0350 130.2957
   3.000   0.9502   0.01001   0.00156  -0.1401   0.5255   0.5691  30.9330 133.0506
   4.000   1.0527   0.01033   0.00167  -0.1383   0.4967   0.6231  32.6892 136.2733
   5.000   1.1478   0.01013   0.00177  -0.1348   0.4644   1.0000  34.6556 160.0000
   6.000   1.2434   0.01089   0.00186  -0.1320   0.4316   1.0000  36.6601 160.0000
   7.000   1.3276   0.01190   0.00200  -0.1271   0.3877   1.0000  39.3932 160.0000
   8.000   1.3809   0.01365   0.00234  -0.1169   0.3148   1.0000  44.0783 160.0000
   9.000   1.3939   0.01756   0.00389  -0.1021   0.1968   1.0000  51.6406 160.0000
  10.000   1.3997   0.02299   0.00674  -0.0897   0.1193   1.0000  57.1756 160.0000
  11.000   1.4352   0.02774   0.00944  -0.0831   0.1011   1.0000  58.4435 160.0000
  12.000   1.4618   0.03395   0.01315  -0.0775   0.0708   1.0000  61.2005 160.0000
  13.000   1.4753   0.04216   0.01866  -0.0729   0.0601   1.0000  62.4362 160.0000
  14.000   1.4823   0.05211   0.02585  -0.0700   0.0546   1.0000  63.1020 160.0000
  15.000   1.4876   0.06336   0.03437  -0.0689   0.0493   1.0000  63.7572 160.0000
