  
       XFOIL         Version 6.99
  
 Calculated polar for: GOE 528 AIRFOIL                                 
  
 1 1 Reynolds number fixed          Mach number fixed         
  
 xtrf =   1.000 (top)        1.000 (bottom)  
 Mach =   0.000     Re =     1.000 e 6     Ncrit =   9.000  9.000
  
   alpha    CL        CD       CDp       CM     Top_Xtr  Bot_Xtr  Top_Itr  Bot_Itr
  ------ -------- --------- --------- -------- -------- -------- -------- --------
  -6.000   0.0278   0.01763   0.01083  -0.1300   0.7282   0.0292  19.0597  98.4732
  -5.000   0.1217   0.01363   0.00609  -0.1270   0.6952   0.0310  21.0430  98.8405
  -4.000   0.2234   0.01133   0.00350  -0.1248   0.6557   0.0321  23.4374  99.0555
  -3.000   0.3252   0.00987   0.00217  -0.1225   0.6086   0.0341  26.3200  99.4127
  -2.000   0.4285   0.00925   0.00136  -0.1203   0.5657   0.0360  28.9463  99.7505
  -1.000   0.5335   0.00882   0.00085  -0.1185   0.5355   0.0391  30.7776 100.2601
   0.000   0.6398   0.00868   0.00062  -0.1170   0.5120   0.0459  32.1893 101.2465
   1.000   0.7423   0.00807   0.00065  -0.1153   0.4912   0.3352  33.4360 119.8815
   2.000   0.8818   0.00711   0.00099  -0.1217   0.4687   1.0000  34.7923 160.0000
   3.000   0.9805   0.00753   0.00105  -0.1190   0.4459   1.0000  36.1855 160.0000
   4.000   1.0791   0.00797   0.00113  -0.1163   0.4239   1.0000  37.5530 160.0000
   5.000   1.1749   0.00854   0.00123  -0.1133   0.3987   1.0000  39.1388 160.0000
   6.000   1.2670   0.00923   0.00136  -0.1098   0.3692   1.0000  41.0218 160.0000
   7.000   1.3539   0.01005   0.00151  -0.1055   0.3379   1.0000  43.0304 160.0000
   8.000   1.4287   0.01102   0.00165  -0.0991   0.3062   1.0000  45.0820 160.0000
   9.000   1.4970   0.01224   0.00184  -0.0919   0.2741   1.0000  47.1908 160.0000
  10.000   1.5590   0.01386   0.00221  -0.0845   0.2406   1.0000  49.4371 160.0000
  11.000   1.6081   0.01633   0.00297  -0.0763   0.2030   1.0000  52.0309 160.0000
  12.000   1.6463   0.01997   0.00444  -0.0686   0.1620   1.0000  54.9271 160.0000
  13.000   1.6314   0.02834   0.00908  -0.0588   0.0848   1.0000  61.3479 160.0000
  14.000   1.6428   0.03608   0.01382  -0.0540   0.0689   1.0000  62.7791 160.0000
  15.000   1.6536   0.04477   0.01937  -0.0509   0.0585   1.0000  63.8220 160.0000
