  
       XFOIL         Version 6.99
  
 Calculated polar for: GOE 527 AIRFOIL                                 
  
 1 1 Reynolds number fixed          Mach number fixed         
  
 xtrf =   1.000 (top)        1.000 (bottom)  
 Mach =   0.000     Re =     0.500 e 6     Ncrit =   9.000  9.000
  
   alpha    CL        CD       CDp       CM     Top_Xtr  Bot_Xtr  Top_Itr  Bot_Itr
  ------ -------- --------- --------- -------- -------- -------- -------- --------
  -6.000  -0.0324   0.01333   0.00345  -0.1146   0.6807   0.0521  19.8247 104.7545
  -5.000   0.0667   0.01236   0.00262  -0.1116   0.6502   0.0595  21.4808 105.9373
  -4.000   0.1684   0.01181   0.00223  -0.1091   0.6223   0.0775  23.0101 108.2743
  -3.000   0.2729   0.01150   0.00202  -0.1071   0.5978   0.0981  24.3715 110.2860
  -2.000   0.3766   0.01120   0.00172  -0.1052   0.5766   0.1166  25.5531 111.7232
  -1.000   0.4800   0.01090   0.00146  -0.1032   0.5580   0.1484  26.5865 113.8484
   0.000   0.5749   0.00998   0.00143  -0.1001   0.5396   0.4627  27.6133 130.2504
   1.000   0.6875   0.00919   0.00169  -0.0996   0.5191   0.9440  28.7522 155.5232
   2.000   0.8852   0.00981   0.00189  -0.1176   0.5003   1.0000  29.8055 160.0000
   3.000   0.9670   0.01020   0.00194  -0.1118   0.4838   1.0000  30.7321 160.0000
   4.000   1.0464   0.01065   0.00192  -0.1054   0.4651   1.0000  31.7911 160.0000
   5.000   1.1231   0.01118   0.00185  -0.0987   0.4453   1.0000  32.9306 160.0000
   6.000   1.1910   0.01176   0.00170  -0.0904   0.4246   1.0000  34.1435 160.0000
   7.000   1.2514   0.01255   0.00147  -0.0812   0.3971   1.0000  35.7854 160.0000
   8.000   1.3105   0.01380   0.00145  -0.0728   0.3657   1.0000  37.7130 160.0000
   9.000   1.3578   0.01591   0.00179  -0.0639   0.3290   1.0000  40.0071 160.0000
  10.000   1.4007   0.01888   0.00270  -0.0561   0.2942   1.0000  42.2038 160.0000
  11.000   1.4418   0.02264   0.00420  -0.0498   0.2698   1.0000  43.7234 160.0000
  12.000   1.4808   0.02711   0.00622  -0.0448   0.2522   1.0000  44.8129 160.0000
  13.000   1.5195   0.03207   0.00863  -0.0409   0.2380   1.0000  45.6805 160.0000
  14.000   1.5523   0.03791   0.01164  -0.0377   0.2240   1.0000  46.5492 160.0000
  15.000   1.5720   0.04539   0.01582  -0.0351   0.2066   1.0000  47.6504 160.0000
