  
       XFOIL         Version 6.99
  
 Calculated polar for: GOE 548 AIRFOIL                                 
  
 1 1 Reynolds number fixed          Mach number fixed         
  
 xtrf =   1.000 (top)        1.000 (bottom)  
 Mach =   0.000     Re =     1.000 e 6     Ncrit =   9.000  9.000
  
   alpha    CL        CD       CDp       CM     Top_Xtr  Bot_Xtr  Top_Itr  Bot_Itr
  ------ -------- --------- --------- -------- -------- -------- -------- --------
  -6.000  -0.2902   0.00936   0.00165  -0.0866   0.9256   0.0369   7.7049  92.3741
  -5.000  -0.1841   0.00876   0.00133  -0.0860   0.9112   0.0475   8.7005  93.3113
  -4.000  -0.0816   0.00812   0.00088  -0.0843   0.8897   0.0574  10.2159  94.0545
  -3.000   0.0081   0.00671   0.00040  -0.0803   0.8664   0.2555  11.9019 107.9486
  -2.000   0.0995   0.00581   0.00018  -0.0764   0.8285   0.4388  14.6708 120.4398
  -1.000   0.1863   0.00549  -0.00000  -0.0711   0.7502   0.5919  20.2577 130.8206
   0.000   0.2772   0.00529   0.00005  -0.0667   0.7134   0.7372  22.7961 140.6427
   1.000   0.3703   0.00520   0.00012  -0.0625   0.6809   0.8608  25.0245 149.0901
   2.000   0.5020   0.00539   0.00024  -0.0671   0.6374   0.9492  28.0230 155.2085
   3.000   0.6282   0.00655   0.00039  -0.0711   0.4851   0.9771  38.5656 157.4182
   4.000   0.7409   0.00927   0.00118  -0.0736   0.1713   0.9959  60.3431 159.4283
   5.000   0.8186   0.01122   0.00187  -0.0681   0.0188   1.0000  73.0328 160.0000
   6.000   0.8726   0.01271   0.00233  -0.0565   0.0112   1.0000  73.9939 160.0000
   7.000   0.9253   0.01402   0.00280  -0.0450   0.0092   1.0000  74.4998 160.0000
   8.000   0.9636   0.01682   0.00397  -0.0320   0.0075   1.0000  74.9565 160.0000
   9.000   1.0106   0.02009   0.00561  -0.0218   0.0067   1.0000  75.2545 160.0000
  10.000   1.0642   0.02362   0.00764  -0.0141   0.0057   1.0000  75.6540 160.0000
  11.000   1.1129   0.02830   0.01047  -0.0070   0.0052   1.0000  75.8715 160.0000
  12.000   1.1502   0.03705   0.01607   0.0004   0.0050   1.0000  75.9535 160.0000
  13.000   1.1389   0.04679   0.02353   0.0099   0.0051   1.0000  75.9138 160.0000
