  
       XFOIL         Version 6.99
  
 Calculated polar for: GOE 529 AIRFOIL                                 
  
 1 1 Reynolds number fixed          Mach number fixed         
  
 xtrf =   1.000 (top)        1.000 (bottom)  
 Mach =   0.000     Re =     0.500 e 6     Ncrit =   9.000  9.000
  
   alpha    CL        CD       CDp       CM     Top_Xtr  Bot_Xtr  Top_Itr  Bot_Itr
  ------ -------- --------- --------- -------- -------- -------- -------- --------
  -6.000  -0.0128   0.05134   0.04520  -0.1009   0.7819   0.0317  17.0213  94.4625
  -5.000   0.0605   0.03655   0.03023  -0.1108   0.7247   0.0395  20.7979  95.2896
  -4.000   0.1520   0.02628   0.01955  -0.1135   0.6909   0.0516  23.0581  96.4014
  -3.000   0.2498   0.01370   0.00533  -0.1119   0.6678   0.0442  24.5963  95.7315
  -2.000   0.3570   0.01141   0.00275  -0.1106   0.6474   0.0458  25.9471  95.8818
  -1.000   0.4642   0.01014   0.00160  -0.1094   0.6281   0.0508  27.2110  96.3311
   0.000   0.5722   0.00964   0.00121  -0.1083   0.6077   0.0890  28.5384  99.1859
   1.000   0.6786   0.00934   0.00120  -0.1073   0.5828   0.2353  30.1667 108.9053
   2.000   0.8001   0.00788   0.00122  -0.1098   0.5487   1.0000  32.4226 160.0000
   3.000   0.9025   0.00824   0.00118  -0.1078   0.5130   1.0000  34.8400 160.0000
   4.000   1.0032   0.00879   0.00125  -0.1057   0.4726   1.0000  37.6083 160.0000
   5.000   1.1015   0.00958   0.00146  -0.1034   0.4374   1.0000  39.9854 160.0000
   6.000   1.1983   0.01042   0.00174  -0.1010   0.4003   1.0000  42.4653 160.0000
   7.000   1.2890   0.01148   0.00200  -0.0977   0.3491   1.0000  45.9123 160.0000
   8.000   1.3686   0.01304   0.00242  -0.0928   0.2754   1.0000  50.9951 160.0000
   9.000   1.3919   0.01699   0.00396  -0.0791   0.1196   1.0000  62.1009 160.0000
  10.000   1.3829   0.02285   0.00691  -0.0634   0.0190   1.0000  71.8992 160.0000
  11.000   1.4009   0.02870   0.01045  -0.0551   0.0147   1.0000  72.7103 160.0000
  12.000   1.3936   0.03843   0.01717  -0.0491   0.0128   1.0000  73.1174 160.0000
  13.000   1.3845   0.05013   0.02603  -0.0467   0.0117   1.0000  73.3981 160.0000
  14.000   1.3704   0.06374   0.03695  -0.0464   0.0107   1.0000  73.6750 160.0000
  15.000   1.3537   0.07839   0.04867  -0.0468   0.0096   1.0000  73.9544 160.0000
