  
       XFOIL         Version 6.99
  
 Calculated polar for: GOE 509 AIRFOIL                                 
  
 1 1 Reynolds number fixed          Mach number fixed         
  
 xtrf =   1.000 (top)        1.000 (bottom)  
 Mach =   0.000     Re =     0.500 e 6     Ncrit =   9.000  9.000
  
   alpha    CL        CD       CDp       CM     Top_Xtr  Bot_Xtr  Top_Itr  Bot_Itr
  ------ -------- --------- --------- -------- -------- -------- -------- --------
  -6.000  -0.1514   0.01695   0.00824  -0.0895   0.8806   0.0255  10.6456  95.4364
  -5.000  -0.0317   0.01426   0.00541  -0.0908   0.8271   0.0330  14.3143  96.6796
  -4.000   0.0702   0.01276   0.00381  -0.0883   0.7856   0.0416  16.9071  97.7926
  -3.000   0.1696   0.01135   0.00253  -0.0852   0.7499   0.0506  19.0720  98.7105
  -2.000   0.2659   0.01022   0.00153  -0.0813   0.7131   0.0604  21.3150  99.5539
  -1.000   0.3565   0.00961   0.00085  -0.0762   0.6577   0.0845  24.7686 101.3048
   0.000   0.4312   0.00937   0.00067  -0.0681   0.5474   0.2912  31.6862 114.3642
   1.000   0.5103   0.01002   0.00073  -0.0612   0.4633   0.3518  37.0434 118.2009
   2.000   0.7324   0.00985   0.00166  -0.0861   0.4286   0.9839  39.1735 158.0999
   3.000   0.9041   0.01047   0.00187  -0.0999   0.4023   1.0000  40.7622 160.0000
   4.000   0.9863   0.01098   0.00201  -0.0942   0.3827   1.0000  41.9423 160.0000
   5.000   1.0690   0.01145   0.00211  -0.0886   0.3641   1.0000  43.0750 160.0000
   6.000   1.1489   0.01194   0.00213  -0.0825   0.3370   1.0000  44.7713 160.0000
   7.000   1.2164   0.01279   0.00215  -0.0743   0.2838   1.0000  48.2865 160.0000
   8.000   1.2543   0.01446   0.00249  -0.0606   0.2152   1.0000  53.1318 160.0000
   9.000   1.3048   0.01613   0.00302  -0.0503   0.1859   1.0000  55.1323 160.0000
  10.000   1.3582   0.01798   0.00362  -0.0414   0.1621   1.0000  56.6702 160.0000
  11.000   1.3980   0.02086   0.00460  -0.0318   0.1000   1.0000  61.6102 160.0000
  12.000   1.3878   0.02758   0.00842  -0.0189   0.0378   1.0000  68.0037 160.0000
  13.000   1.3860   0.03553   0.01364  -0.0113   0.0311   1.0000  69.0037 160.0000
  14.000   1.3779   0.04573   0.02104  -0.0073   0.0268   1.0000  69.7154 160.0000
  15.000   1.3471   0.06054   0.03269  -0.0069   0.0233   1.0000  70.3388 160.0000
