  
       XFOIL         Version 6.99
  
 Calculated polar for: GOE 591 AIRFOIL                                 
  
 1 1 Reynolds number fixed          Mach number fixed         
  
 xtrf =   1.000 (top)        1.000 (bottom)  
 Mach =   0.000     Re =     1.000 e 6     Ncrit =   9.000  9.000
  
   alpha    CL        CD       CDp       CM     Top_Xtr  Bot_Xtr  Top_Itr  Bot_Itr
  ------ -------- --------- --------- -------- -------- -------- -------- --------
  -6.000  -0.0892   0.01265   0.00537  -0.1133   0.8042   0.0265  15.4603  94.3935
  -5.000   0.0147   0.01145   0.00394  -0.1116   0.7752   0.0299  17.3260  94.8866
  -4.000   0.1165   0.00947   0.00215  -0.1096   0.7458   0.0327  19.2221  95.2293
  -3.000   0.2209   0.00846   0.00120  -0.1078   0.7132   0.0353  21.3488  95.5163
  -2.000   0.3266   0.00797   0.00064  -0.1062   0.6757   0.0387  23.8169  95.9050
   0.000   0.5354   0.00749   0.00030  -0.1029   0.5867   0.1735  29.6970 105.7697
   1.000   0.6331   0.00704   0.00039  -0.1004   0.5340   0.5029  33.1613 126.7851
   2.000   0.7908   0.00653   0.00067  -0.1108   0.4869   1.0000  36.2533 160.0000
   3.000   0.8829   0.00700   0.00078  -0.1068   0.4526   1.0000  38.5004 160.0000
   4.000   0.9765   0.00750   0.00091  -0.1033   0.4232   1.0000  40.4251 160.0000
   5.000   1.0701   0.00806   0.00103  -0.0998   0.3942   1.0000  42.3344 160.0000
   6.000   1.1599   0.00884   0.00117  -0.0959   0.3459   1.0000  45.5662 160.0000
   7.000   1.2398   0.01009   0.00146  -0.0904   0.2726   1.0000  50.5563 160.0000
   8.000   1.3052   0.01173   0.00192  -0.0825   0.1999   1.0000  55.4624 160.0000
   9.000   1.3360   0.01467   0.00291  -0.0691   0.0945   1.0000  63.1953 160.0000
  10.000   1.3477   0.01911   0.00497  -0.0550   0.0139   1.0000  72.7121 160.0000
  11.000   1.3900   0.02261   0.00673  -0.0473   0.0108   1.0000  73.5479 160.0000
  12.000   1.4123   0.02827   0.01004  -0.0399   0.0090   1.0000  74.1020 160.0000
  13.000   1.4375   0.03464   0.01417  -0.0352   0.0078   1.0000  74.5771 160.0000
  14.000   1.4327   0.04498   0.02157  -0.0317   0.0070   1.0000  74.9034 160.0000
  15.000   1.4101   0.05907   0.03252  -0.0310   0.0065   1.0000  75.0994 160.0000
