  
       XFOIL         Version 6.99
  
 Calculated polar for: GOE 563 AIRFOIL                                 
  
 1 1 Reynolds number fixed          Mach number fixed         
  
 xtrf =   1.000 (top)        1.000 (bottom)  
 Mach =   0.000     Re =     0.500 e 6     Ncrit =   9.000  9.000
  
   alpha    CL        CD       CDp       CM     Top_Xtr  Bot_Xtr  Top_Itr  Bot_Itr
  ------ -------- --------- --------- -------- -------- -------- -------- --------
  -6.000  -0.4250   0.01566   0.00682  -0.0567   0.9742   0.0395   3.7974  94.2351
  -5.000  -0.2958   0.01327   0.00468  -0.0609   0.9639   0.0453   4.6440  94.7828
  -4.000  -0.1632   0.01090   0.00277  -0.0654   0.9533   0.0497   5.4367  95.1759
  -3.000  -0.0410   0.00946   0.00176  -0.0672   0.9364   0.0627   6.5977  96.2564
  -2.000   0.0717   0.00844   0.00134  -0.0669   0.9147   0.1495   8.0703 102.3793
  -1.000   0.1675   0.00677   0.00099  -0.0635   0.8770   0.5162  10.6217 126.7627
   0.000   0.2925   0.00559   0.00098  -0.0646   0.8388   0.9597  13.2579 156.0848
   1.000   0.4659   0.00576   0.00064  -0.0773   0.7845   1.0000  16.9510 160.0000
   2.000   0.5550   0.00602   0.00057  -0.0721   0.7078   1.0000  22.0803 160.0000
   3.000   0.6383   0.00680   0.00060  -0.0658   0.5673   1.0000  31.5166 160.0000
   4.000   0.7166   0.00829   0.00093  -0.0591   0.3762   1.0000  44.3313 160.0000
   5.000   0.8016   0.00970   0.00142  -0.0540   0.2558   1.0000  52.3909 160.0000
   6.000   0.8864   0.01132   0.00199  -0.0492   0.1420   1.0000  60.2627 160.0000
   7.000   0.9679   0.01341   0.00286  -0.0440   0.0529   1.0000  67.0191 160.0000
   8.000   1.0444   0.01596   0.00436  -0.0379   0.0330   1.0000  69.0141 160.0000
   9.000   1.1150   0.01874   0.00607  -0.0312   0.0237   1.0000  70.2118 160.0000
  10.000   1.1709   0.02216   0.00808  -0.0227   0.0180   1.0000  71.0920 160.0000
  11.000   1.2193   0.02533   0.01003  -0.0136   0.0150   1.0000  71.6846 160.0000
  13.000   1.2542   0.03860   0.01966   0.0042   0.0118   1.0000  72.4377 160.0000
  14.000   1.2415   0.04921   0.02840   0.0082   0.0110   1.0000  72.6423 160.0000
  15.000   1.2068   0.06526   0.04255   0.0048   0.0106   1.0000  72.7676 160.0000
