  
       XFOIL         Version 6.99
  
 Calculated polar for: GOE 646 AIRFOIL                                 
  
 1 1 Reynolds number fixed          Mach number fixed         
  
 xtrf =   1.000 (top)        1.000 (bottom)  
 Mach =   0.000     Re =     1.000 e 6     Ncrit =   9.000  9.000
  
   alpha    CL        CD       CDp       CM     Top_Xtr  Bot_Xtr  Top_Itr  Bot_Itr
  ------ -------- --------- --------- -------- -------- -------- -------- --------
  -6.000  -0.0848   0.00856   0.00106  -0.1341   0.7649   0.1608  14.9083 115.9578
  -5.000   0.0129   0.00811   0.00076  -0.1308   0.7191   0.2016  17.3295 118.6571
  -4.000   0.1076   0.00803   0.00057  -0.1266   0.6592   0.2348  20.4845 120.6502
  -3.000   0.2047   0.00811   0.00047  -0.1230   0.6139   0.2625  22.8121 122.2114
  -2.000   0.3062   0.00814   0.00041  -0.1203   0.5858   0.2887  24.2353 123.6182
  -1.000   0.4083   0.00821   0.00034  -0.1176   0.5631   0.3132  25.3756 124.8877
   0.000   0.5090   0.00831   0.00025  -0.1147   0.5448   0.3351  26.2990 125.9918
   1.000   0.6035   0.00838   0.00011  -0.1106   0.5282   0.3589  27.1415 127.1656
   2.000   0.6972   0.00851  -0.00004  -0.1064   0.5099   0.3880  28.0828 128.5756
   3.000   0.7892   0.00870  -0.00022  -0.1020   0.4888   0.4241  29.1796 130.3041
   4.000   0.8768   0.00889  -0.00041  -0.0969   0.4634   0.5013  30.5299 133.9618
   5.000   0.9556   0.00924  -0.00055  -0.0902   0.4293   0.6344  32.4058 140.2067
   6.000   1.0163   0.01026  -0.00071  -0.0806   0.3639   0.7045  36.1148 143.7328
   7.000   1.1483   0.01141   0.00044  -0.0868   0.3080   1.0000  39.2316 160.0000
   8.000   1.2269   0.01279   0.00070  -0.0819   0.2819   1.0000  40.6811 160.0000
   9.000   1.3024   0.01444   0.00109  -0.0770   0.2581   1.0000  42.0363 160.0000
  10.000   1.3753   0.01637   0.00160  -0.0724   0.2328   1.0000  43.5539 160.0000
  11.000   1.4359   0.01908   0.00253  -0.0669   0.2036   1.0000  45.4115 160.0000
  12.000   1.4866   0.02260   0.00396  -0.0612   0.1777   1.0000  47.1671 160.0000
  13.000   1.5303   0.02691   0.00593  -0.0558   0.1564   1.0000  48.6925 160.0000
  14.000   1.5622   0.03253   0.00879  -0.0506   0.1310   1.0000  50.6704 160.0000
  15.000   1.5471   0.04282   0.01509  -0.0447   0.0834   1.0000  55.3949 160.0000
