  
       XFOIL         Version 6.99
  
 Calculated polar for: GOE 682 AIRFOIL                                 
  
 1 1 Reynolds number fixed          Mach number fixed         
  
 xtrf =   1.000 (top)        1.000 (bottom)  
 Mach =   0.000     Re =     0.500 e 6     Ncrit =   9.000  9.000
  
   alpha    CL        CD       CDp       CM     Top_Xtr  Bot_Xtr  Top_Itr  Bot_Itr
  ------ -------- --------- --------- -------- -------- -------- -------- --------
  -6.000  -0.1492   0.01693   0.00901  -0.1095   0.9156   0.0429   8.5852  97.3694
  -5.000  -0.0457   0.01391   0.00574  -0.1075   0.8736   0.0460  11.2882  97.7203
  -4.000   0.0591   0.01202   0.00358  -0.1055   0.8315   0.0484  13.9342  97.9940
  -3.000   0.1615   0.01022   0.00216  -0.1032   0.7899   0.0555  16.5381  98.6611
  -1.000   0.3702   0.00855   0.00093  -0.0993   0.7121   0.1951  21.4890 108.2558
   0.000   0.4744   0.00825   0.00086  -0.0975   0.6721   0.3345  24.0169 116.7973
   1.000   0.6184   0.00690   0.00093  -0.1042   0.6270   1.0000  26.8385 160.0000
   2.000   0.7157   0.00730   0.00095  -0.1008   0.5851   1.0000  29.4691 160.0000
   3.000   0.8120   0.00781   0.00099  -0.0972   0.5330   1.0000  32.7827 160.0000
   4.000   0.9068   0.00850   0.00111  -0.0936   0.4740   1.0000  36.5749 160.0000
   5.000   0.9999   0.00940   0.00136  -0.0899   0.4197   1.0000  40.0223 160.0000
   6.000   1.0900   0.01045   0.00166  -0.0859   0.3504   1.0000  44.4322 160.0000
   7.000   1.1694   0.01206   0.00219  -0.0803   0.2682   1.0000  49.8381 160.0000
   8.000   1.2486   0.01353   0.00277  -0.0748   0.2291   1.0000  52.3564 160.0000
   9.000   1.3201   0.01495   0.00323  -0.0680   0.1980   1.0000  54.3659 160.0000
  10.000   1.3829   0.01668   0.00366  -0.0603   0.1519   1.0000  57.5621 160.0000
  11.000   1.3814   0.02238   0.00641  -0.0457   0.0323   1.0000  68.2340 160.0000
  12.000   1.4014   0.02784   0.00962  -0.0367   0.0201   1.0000  70.4085 160.0000
  13.000   1.4060   0.03570   0.01490  -0.0301   0.0169   1.0000  71.1211 160.0000
  14.000   1.4045   0.04573   0.02231  -0.0268   0.0152   1.0000  71.5477 160.0000
  15.000   1.3805   0.06013   0.03381  -0.0269   0.0140   1.0000  71.8541 160.0000
