  
       XFOIL         Version 6.99
  
 Calculated polar for: GOE 601 AIRFOIL                                 
  
 1 1 Reynolds number fixed          Mach number fixed         
  
 xtrf =   1.000 (top)        1.000 (bottom)  
 Mach =   0.000     Re =     1.000 e 6     Ncrit =   9.000  9.000
  
   alpha    CL        CD       CDp       CM     Top_Xtr  Bot_Xtr  Top_Itr  Bot_Itr
  ------ -------- --------- --------- -------- -------- -------- -------- --------
  -6.000  -0.3025   0.00953   0.00140  -0.0813   0.7984   0.1051  14.7967 106.8629
  -5.000  -0.2018   0.00907   0.00119  -0.0792   0.7823   0.1192  15.7211 107.8580
  -4.000  -0.1013   0.00860   0.00091  -0.0769   0.7636   0.1376  16.7840 109.0984
  -3.000  -0.0097   0.00752   0.00059  -0.0733   0.7455   0.2952  17.8191 118.9052
  -2.000   0.0882   0.00689   0.00043  -0.0706   0.7266   0.4109  18.9147 125.6648
  -1.000   0.1916   0.00669   0.00040  -0.0687   0.7053   0.4852  20.1685 130.0190
   2.000   0.4869   0.00663   0.00008  -0.0598   0.5998   0.6136  26.5008 137.2077
   3.000   0.5578   0.00684  -0.00004  -0.0511   0.5199   0.7306  31.2584 143.7069
   4.000   0.5944   0.00781  -0.00004  -0.0356   0.3579   0.9161  40.9504 153.9277
   5.000   0.7709   0.00932   0.00092  -0.0510   0.2884   0.9789  44.9674 157.9693
   6.000   0.9095   0.01031   0.00134  -0.0578   0.2559   0.9971  46.8645 159.6813
   7.000   0.9849   0.01110   0.00140  -0.0516   0.2243   1.0000  48.7985 160.0000
   8.000   1.0225   0.01262   0.00152  -0.0384   0.1582   1.0000  53.2428 160.0000
   9.000   1.0323   0.01650   0.00301  -0.0229   0.0365   1.0000  65.1431 160.0000
  10.000   1.0907   0.01885   0.00396  -0.0161   0.0318   1.0000  66.0098 160.0000
  11.000   1.1498   0.02149   0.00517  -0.0105   0.0300   1.0000  66.3816 160.0000
  12.000   1.1969   0.02519   0.00709  -0.0047   0.0280   1.0000  66.8111 160.0000
  13.000   1.2307   0.03022   0.01004   0.0010   0.0266   1.0000  67.1045 160.0000
  14.000   1.2649   0.03576   0.01350   0.0051   0.0253   1.0000  67.4072 160.0000
  15.000   1.2854   0.04312   0.01846   0.0083   0.0241   1.0000  67.7079 160.0000
