  
       XFOIL         Version 6.99
  
 Calculated polar for: GOE 630 AIRFOIL                                 
  
 1 1 Reynolds number fixed          Mach number fixed         
  
 xtrf =   1.000 (top)        1.000 (bottom)  
 Mach =   0.000     Re =     1.000 e 6     Ncrit =   9.000  9.000
  
   alpha    CL        CD       CDp       CM     Top_Xtr  Bot_Xtr  Top_Itr  Bot_Itr
  ------ -------- --------- --------- -------- -------- -------- -------- --------
  -6.000   0.2212   0.04882   0.04286  -0.1380   0.6903   0.0298  21.0252  98.2295
  -5.000   0.2899   0.03325   0.02707  -0.1507   0.6706   0.0339  22.1995  99.1130
  -4.000   0.3640   0.01740   0.01087  -0.1526   0.6503   0.0345  23.4207  99.2241
  -3.000   0.4548   0.01125   0.00372  -0.1493   0.6245   0.0341  24.9956  99.1501
  -2.000   0.5581   0.01016   0.00246  -0.1473   0.5907   0.0359  27.0790  99.4796
  -1.000   0.6600   0.00957   0.00154  -0.1451   0.5505   0.0383  29.5652  99.9234
   0.000   0.7583   0.00929   0.00106  -0.1422   0.5071   0.0424  32.2331 100.5987
   1.000   0.8562   0.00932   0.00079  -0.1394   0.4689   0.0496  34.5630 101.6213
   2.000   0.9520   0.00952   0.00067  -0.1362   0.4363   0.0682  36.5562 103.6630
   3.000   1.0886   0.00855   0.00132  -0.1431   0.4086   1.0000  38.2517 160.0000
   4.000   1.1807   0.00919   0.00142  -0.1395   0.3874   1.0000  39.5528 160.0000
   5.000   1.2673   0.00990   0.00152  -0.1350   0.3691   1.0000  40.6757 160.0000
   6.000   1.3468   0.01063   0.00157  -0.1292   0.3547   1.0000  41.5656 160.0000
   7.000   1.4271   0.01151   0.00170  -0.1241   0.3420   1.0000  42.3587 160.0000
   8.000   1.5039   0.01265   0.00193  -0.1190   0.3303   1.0000  43.0874 160.0000
   9.000   1.5803   0.01393   0.00217  -0.1144   0.3141   1.0000  44.1079 160.0000
  10.000   1.6530   0.01551   0.00253  -0.1099   0.2981   1.0000  45.1367 160.0000
  11.000   1.7212   0.01750   0.00306  -0.1054   0.2811   1.0000  46.2506 160.0000
  12.000   1.7754   0.02051   0.00404  -0.1000   0.2527   1.0000  48.1783 160.0000
  13.000   1.7724   0.02791   0.00759  -0.0904   0.1744   1.0000  53.9032 160.0000
  14.000   1.6891   0.04389   0.01789  -0.0792   0.0756   1.0000  61.9928 160.0000
  15.000   1.6113   0.06304   0.03213  -0.0742   0.0225   1.0000  69.4897 160.0000
