  
       XFOIL         Version 6.99
  
 Calculated polar for: GOE 652 AIRFOIL                                 
  
 1 1 Reynolds number fixed          Mach number fixed         
  
 xtrf =   1.000 (top)        1.000 (bottom)  
 Mach =   0.000     Re =     0.500 e 6     Ncrit =   9.000  9.000
  
   alpha    CL        CD       CDp       CM     Top_Xtr  Bot_Xtr  Top_Itr  Bot_Itr
  ------ -------- --------- --------- -------- -------- -------- -------- --------
  -6.000   0.3710   0.01546   0.00586  -0.2484   0.7507   0.0820  14.0668 106.9978
  -5.000   0.5185   0.01292   0.00419  -0.2588   0.7301   0.0954  15.0132 108.7925
  -4.000   0.6489   0.01186   0.00342  -0.2628   0.7084   0.1144  16.0196 110.9916
  -3.000   0.7718   0.01136   0.00307  -0.2643   0.6848   0.1344  17.1313 112.9628
  -2.000   0.8908   0.01119   0.00297  -0.2646   0.6596   0.1542  18.3293 114.6679
  -1.000   1.0068   0.01126   0.00291  -0.2642   0.6333   0.1741  19.5946 116.1799
   0.000   1.1197   0.01154   0.00299  -0.2632   0.6071   0.1932  20.8643 117.4528
   1.000   1.2307   0.01185   0.00302  -0.2618   0.5803   0.2108  22.1623 118.5012
   2.000   1.3374   0.01227   0.00303  -0.2597   0.5478   0.2278  23.7232 119.4240
   3.000   1.4397   0.01286   0.00311  -0.2569   0.5140   0.2452  25.3512 120.3039
   4.000   1.5291   0.01384   0.00329  -0.2518   0.4632   0.2623  27.8446 121.1219
   5.000   1.5904   0.01553   0.00380  -0.2419   0.3971   0.2797  31.2616 121.9237
   6.000   1.6489   0.01762   0.00472  -0.2323   0.3630   0.2998  33.0224 122.8318
   7.000   1.7124   0.01989   0.00579  -0.2244   0.3443   0.3228  33.9657 123.8694
   8.000   1.7798   0.02222   0.00690  -0.2176   0.3306   0.3483  34.6446 125.0404
   9.000   1.8431   0.02507   0.00830  -0.2109   0.3180   0.3753  35.2701 126.3206
  10.000   1.8985   0.02874   0.01004  -0.2041   0.3032   0.4019  36.0086 127.6091
  11.000   1.9560   0.03242   0.01185  -0.1982   0.2905   0.4318  36.6662 129.0847
  12.000   2.0042   0.03723   0.01429  -0.1924   0.2740   0.4683  37.5550 130.8981
  13.000   2.0416   0.04361   0.01773  -0.1868   0.2520   0.5260  38.8158 133.7579
  14.000   2.0623   0.05198   0.02281  -0.1814   0.2200   1.0000  40.8497 160.0000
  15.000   2.0637   0.06393   0.03020  -0.1768   0.1912   1.0000  42.8497 160.0000
