  
       XFOIL         Version 6.99
  
 Calculated polar for: GOE 685 AIRFOIL                                 
  
 1 1 Reynolds number fixed          Mach number fixed         
  
 xtrf =   1.000 (top)        1.000 (bottom)  
 Mach =   0.000     Re =     0.500 e 6     Ncrit =   9.000  9.000
  
   alpha    CL        CD       CDp       CM     Top_Xtr  Bot_Xtr  Top_Itr  Bot_Itr
  ------ -------- --------- --------- -------- -------- -------- -------- --------
  -6.000  -0.1931   0.01038   0.00220  -0.1114   0.8857   0.0915   8.9851 104.6956
  -5.000  -0.0861   0.00962   0.00190  -0.1097   0.8463   0.1599  11.3047 109.7936
  -4.000   0.0229   0.00924   0.00159  -0.1082   0.7994   0.1850  14.1084 111.4148
  -3.000   0.1319   0.00916   0.00139  -0.1066   0.7503   0.2103  17.0242 113.0292
  -2.000   0.2399   0.00915   0.00135  -0.1050   0.7021   0.2384  19.8109 114.7932
  -1.000   0.3480   0.00914   0.00127  -0.1034   0.6574   0.2649  22.3686 116.4096
   0.000   0.4544   0.00930   0.00119  -0.1015   0.6010   0.2904  25.6362 117.9153
   1.000   0.5579   0.00956   0.00116  -0.0993   0.5358   0.3146  29.4931 119.3163
   2.000   0.6608   0.00996   0.00122  -0.0970   0.4827   0.3386  32.6440 120.6966
   3.000   0.7633   0.01038   0.00134  -0.0948   0.4452   0.3664  34.8551 122.3079
   4.000   0.8660   0.01070   0.00150  -0.0927   0.4177   0.4163  36.4717 125.2400
   7.000   1.1683   0.01176   0.00212  -0.0863   0.3033   1.0000  43.3029 160.0000
   8.000   1.2314   0.01396   0.00280  -0.0780   0.1934   1.0000  50.7566 160.0000
   9.000   1.2872   0.01599   0.00358  -0.0686   0.1532   1.0000  53.3469 160.0000
  10.000   1.3096   0.01997   0.00546  -0.0559   0.0681   1.0000  60.7320 160.0000
  11.000   1.3433   0.02393   0.00767  -0.0469   0.0527   1.0000  62.5166 160.0000
  12.000   1.3717   0.02901   0.01077  -0.0397   0.0454   1.0000  63.5060 160.0000
  13.000   1.3846   0.03649   0.01585  -0.0344   0.0408   1.0000  64.1938 160.0000
  14.000   1.3930   0.04571   0.02256  -0.0317   0.0371   1.0000  64.7933 160.0000
  15.000   1.3877   0.05766   0.03180  -0.0311   0.0343   1.0000  65.2853 160.0000
