  
       XFOIL         Version 6.99
  
 Calculated polar for: GOE 604 AIRFOIL                                 
  
 1 1 Reynolds number fixed          Mach number fixed         
  
 xtrf =   1.000 (top)        1.000 (bottom)  
 Mach =   0.000     Re =     1.000 e 6     Ncrit =   9.000  9.000
  
   alpha    CL        CD       CDp       CM     Top_Xtr  Bot_Xtr  Top_Itr  Bot_Itr
  ------ -------- --------- --------- -------- -------- -------- -------- --------
  -6.000  -0.1422   0.01104   0.00197  -0.0831   0.5396   0.0480  27.5936 104.2022
  -5.000  -0.0382   0.01039   0.00148  -0.0808   0.5194   0.0584  28.6939 105.7959
  -4.000   0.0637   0.00954   0.00102  -0.0784   0.5010   0.1205  29.7089 112.0962
  -3.000   0.1713   0.00932   0.00094  -0.0768   0.4826   0.1621  30.7419 114.8842
  -2.000   0.2789   0.00918   0.00082  -0.0753   0.4641   0.1876  31.7927 116.3711
  -1.000   0.3834   0.00897   0.00075  -0.0735   0.4435   0.2569  32.9879 120.2961
   0.000   0.4872   0.00877   0.00073  -0.0715   0.4236   0.3643  34.1707 125.8998
   1.000   0.5850   0.00851   0.00072  -0.0686   0.3989   0.5372  35.6519 134.7234
   2.000   0.6696   0.00793   0.00085  -0.0626   0.3756   0.9086  37.0542 153.7197
   3.000   0.8521   0.00869   0.00134  -0.0777   0.3529   0.9809  38.4234 158.2121
   4.000   1.0088   0.00940   0.00165  -0.0876   0.3353   0.9980  39.4820 159.7850
   5.000   1.1051   0.00997   0.00182  -0.0852   0.3236   1.0000  40.1839 160.0000
   6.000   1.1779   0.01058   0.00189  -0.0779   0.3129   1.0000  40.8353 160.0000
   7.000   1.2468   0.01114   0.00182  -0.0700   0.3037   1.0000  41.3978 160.0000
   8.000   1.3122   0.01202   0.00179  -0.0621   0.2938   1.0000  42.0147 160.0000
   9.000   1.3912   0.01283   0.00176  -0.0573   0.2847   1.0000  42.5919 160.0000
  10.000   1.4650   0.01403   0.00186  -0.0525   0.2740   1.0000  43.2826 160.0000
  11.000   1.5343   0.01564   0.00210  -0.0478   0.2579   1.0000  44.3698 160.0000
  12.000   1.5789   0.01885   0.00303  -0.0416   0.2200   1.0000  47.1070 160.0000
  13.000   1.5715   0.02644   0.00670  -0.0337   0.1713   1.0000  50.8110 160.0000
  14.000   1.5810   0.03451   0.01115  -0.0305   0.1596   1.0000  51.6773 160.0000
  15.000   1.5866   0.04375   0.01658  -0.0288   0.1521   1.0000  52.2300 160.0000
