  
       XFOIL         Version 6.99
  
 Calculated polar for: GOE 632 AIRFOIL                                 
  
 1 1 Reynolds number fixed          Mach number fixed         
  
 xtrf =   1.000 (top)        1.000 (bottom)  
 Mach =   0.000     Re =     1.000 e 6     Ncrit =   9.000  9.000
  
   alpha    CL        CD       CDp       CM     Top_Xtr  Bot_Xtr  Top_Itr  Bot_Itr
  ------ -------- --------- --------- -------- -------- -------- -------- --------
  -6.000  -0.2610   0.01271   0.00357  -0.0642   0.7108   0.0317  19.6791  97.5180
  -5.000  -0.1670   0.01149   0.00242  -0.0604   0.6713   0.0331  22.0630  97.8068
  -4.000  -0.0719   0.01045   0.00155  -0.0567   0.6432   0.0347  23.7304  98.1051
  -3.000   0.0242   0.00970   0.00101  -0.0532   0.6211   0.0376  25.0285  98.5934
  -2.000   0.1235   0.00919   0.00065  -0.0503   0.6023   0.0428  26.1294  99.4314
  -1.000   0.2233   0.00883   0.00053  -0.0475   0.5833   0.0704  27.2403 102.7610
   0.000   0.3209   0.00861   0.00037  -0.0443   0.5562   0.1007  28.8452 105.1879
   1.000   0.3861   0.00714   0.00026  -0.0349   0.5303   0.5641  30.4124 132.4621
   2.000   0.5423   0.00717   0.00091  -0.0440   0.4902   0.9472  32.8793 155.4204
   3.000   0.6714   0.00805   0.00123  -0.0478   0.4459   0.9584  35.6393 156.2142
   4.000   0.7827   0.00883   0.00145  -0.0481   0.4074   0.9690  38.0240 157.0188
   5.000   0.9210   0.00952   0.00169  -0.0546   0.3702   0.9727  40.3005 157.3356
   6.000   1.0288   0.01025   0.00189  -0.0548   0.3329   0.9815  42.5870 158.0805
   7.000   1.1375   0.01136   0.00223  -0.0560   0.2587   0.9865  47.3739 158.5374
   8.000   1.2125   0.01375   0.00329  -0.0515   0.1410   0.9954  55.3951 159.4579
   9.000   1.2612   0.01541   0.00388  -0.0417   0.0939   1.0000  59.0608 160.0000
  10.000   1.2776   0.01715   0.00436  -0.0260   0.0869   1.0000  59.6531 160.0000
  11.000   1.3054   0.01952   0.00521  -0.0144   0.0816   1.0000  60.1168 160.0000
  12.000   1.3364   0.02275   0.00661  -0.0055   0.0761   1.0000  60.5961 160.0000
  13.000   1.3710   0.02658   0.00836   0.0012   0.0674   1.0000  61.4221 160.0000
  14.000   1.3436   0.03614   0.01413   0.0094   0.0204   1.0000  69.1009 160.0000
  15.000   1.3425   0.04504   0.01997   0.0135   0.0157   1.0000  70.4630 160.0000
