  
       XFOIL         Version 6.99
  
 Calculated polar for: GOE 648 AIRFOIL                                 
  
 1 1 Reynolds number fixed          Mach number fixed         
  
 xtrf =   1.000 (top)        1.000 (bottom)  
 Mach =   0.000     Re =     0.500 e 6     Ncrit =   9.000  9.000
  
   alpha    CL        CD       CDp       CM     Top_Xtr  Bot_Xtr  Top_Itr  Bot_Itr
  ------ -------- --------- --------- -------- -------- -------- -------- --------
  -6.000  -0.1485   0.01174   0.00292  -0.0980   0.8673   0.0738  10.0893 106.5137
  -5.000  -0.0482   0.01081   0.00217  -0.0948   0.8244   0.0905  12.4604 108.2095
  -4.000   0.0513   0.01012   0.00157  -0.0914   0.7765   0.1107  15.0626 109.9125
  -2.000   0.2388   0.00876   0.00085  -0.0826   0.6583   0.3362  21.6268 123.0550
  -1.000   0.3286   0.00842   0.00081  -0.0775   0.5983   0.5262  24.9432 133.1422
   0.000   0.4179   0.00844   0.00083  -0.0720   0.5314   0.6581  28.5960 140.0871
   1.000   0.4953   0.00879   0.00090  -0.0640   0.4327   0.8030  34.1179 147.8257
   2.000   0.6648   0.00985   0.00155  -0.0760   0.3495   0.9682  38.8742 157.2841
   3.000   0.7874   0.01073   0.00193  -0.0787   0.3237   1.0000  40.3051 160.0000
   4.000   0.8658   0.01147   0.00216  -0.0719   0.3071   1.0000  41.2208 160.0000
   5.000   0.9459   0.01233   0.00239  -0.0656   0.2919   1.0000  42.0642 160.0000
   6.000   1.0220   0.01306   0.00249  -0.0586   0.2786   1.0000  42.8141 160.0000
   7.000   1.1002   0.01389   0.00264  -0.0523   0.2654   1.0000  43.5776 160.0000
   8.000   1.1771   0.01486   0.00277  -0.0464   0.2500   1.0000  44.4988 160.0000
   9.000   1.2524   0.01604   0.00297  -0.0408   0.2341   1.0000  45.4793 160.0000
  10.000   1.3243   0.01750   0.00330  -0.0354   0.2172   1.0000  46.5718 160.0000
  11.000   1.3912   0.01941   0.00387  -0.0301   0.2010   1.0000  47.6631 160.0000
  12.000   1.4519   0.02191   0.00479  -0.0251   0.1856   1.0000  48.7322 160.0000
  13.000   1.5062   0.02509   0.00616  -0.0204   0.1719   1.0000  49.7113 160.0000
  14.000   1.5522   0.02915   0.00810  -0.0161   0.1589   1.0000  50.6663 160.0000
  15.000   1.5874   0.03448   0.01091  -0.0126   0.1451   1.0000  51.7094 160.0000
