  
       XFOIL         Version 6.99
  
 Calculated polar for: GOE 626 AIRFOIL                                 
  
 1 1 Reynolds number fixed          Mach number fixed         
  
 xtrf =   1.000 (top)        1.000 (bottom)  
 Mach =   0.000     Re =     0.500 e 6     Ncrit =   9.000  9.000
  
   alpha    CL        CD       CDp       CM     Top_Xtr  Bot_Xtr  Top_Itr  Bot_Itr
  ------ -------- --------- --------- -------- -------- -------- -------- --------
  -6.000  -0.0414   0.00972   0.00206  -0.1502   0.8608   0.2081  10.1272 115.9862
  -5.000   0.0716   0.00977   0.00214  -0.1489   0.8199   0.2374  12.2895 117.9701
  -4.000   0.1807   0.01004   0.00220  -0.1468   0.7570   0.2534  15.6591 118.9971
  -3.000   0.2831   0.01066   0.00242  -0.1435   0.6688   0.2682  20.4942 119.9072
  -2.000   0.3879   0.01111   0.00264  -0.1411   0.6193   0.2799  23.0889 120.5970
  -1.000   0.4946   0.01133   0.00261  -0.1392   0.5824   0.2906  24.9585 121.2160
   0.000   0.5998   0.01142   0.00245  -0.1370   0.5444   0.2983  26.9020 121.6413
   2.000   0.8037   0.01167   0.00204  -0.1317   0.4680   0.3121  31.0039 122.3965
   3.000   0.9033   0.01206   0.00198  -0.1287   0.4351   0.3203  32.8108 122.8338
   4.000   1.0004   0.01241   0.00196  -0.1253   0.4063   0.3284  34.3902 123.2629
   5.000   1.0915   0.01296   0.00197  -0.1209   0.3787   0.3386  35.9016 123.7966
   6.000   1.1776   0.01345   0.00196  -0.1156   0.3539   0.3512  37.2675 124.4496
   7.000   1.2583   0.01423   0.00201  -0.1097   0.3255   0.3678  38.8583 125.3088
   8.000   1.3323   0.01529   0.00220  -0.1030   0.2897   0.3999  40.9325 126.9704
  12.000   1.5164   0.02705   0.00793  -0.0702   0.1260   1.0000  51.6915 160.0000
  13.000   1.5105   0.03536   0.01300  -0.0621   0.0766   1.0000  56.3615 160.0000
  14.000   1.5120   0.04499   0.01962  -0.0581   0.0691   1.0000  57.2562 160.0000
  15.000   1.5063   0.05697   0.02844  -0.0570   0.0655   1.0000  57.7060 160.0000
