  
       XFOIL         Version 6.99
  
 Calculated polar for: GOE 670 AIRFOIL                                 
  
 1 1 Reynolds number fixed          Mach number fixed         
  
 xtrf =   1.000 (top)        1.000 (bottom)  
 Mach =   0.000     Re =     1.000 e 6     Ncrit =   9.000  9.000
  
   alpha    CL        CD       CDp       CM     Top_Xtr  Bot_Xtr  Top_Itr  Bot_Itr
  ------ -------- --------- --------- -------- -------- -------- -------- --------
  -6.000  -0.2381   0.01089   0.00391  -0.0944   0.9312   0.0348   7.6285  94.4378
  -5.000  -0.1327   0.00960   0.00269  -0.0929   0.9139   0.0376   8.8911  94.7785
  -4.000  -0.0272   0.00861   0.00177  -0.0913   0.8969   0.0393  10.0409  94.9784
  -3.000   0.0746   0.00757   0.00096  -0.0888   0.8725   0.0462  11.6332  95.6692
  -2.000   0.1792   0.00701   0.00056  -0.0868   0.8423   0.0732  13.6090  97.9552
  -1.000   0.2827   0.00686   0.00038  -0.0845   0.7909   0.1028  16.9561 100.0680
   0.000   0.3791   0.00694   0.00018  -0.0807   0.6921   0.1265  23.5518 101.6144
   1.000   0.4723   0.00669   0.00020  -0.0768   0.6265   0.3436  27.8094 115.7843
   2.000   0.6236   0.00576   0.00049  -0.0857   0.5702   0.9879  31.4043 158.5351
   3.000   0.7546   0.00705   0.00070  -0.0907   0.3797   1.0000  43.8776 160.0000
   4.000   0.8285   0.00828   0.00110  -0.0831   0.2541   1.0000  52.0567 160.0000
   5.000   0.9129   0.00904   0.00138  -0.0776   0.2154   1.0000  54.5166 160.0000
   6.000   0.9994   0.00974   0.00160  -0.0725   0.1878   1.0000  56.3167 160.0000
   7.000   1.0785   0.01094   0.00191  -0.0663   0.1194   1.0000  61.4692 160.0000
   8.000   1.1347   0.01359   0.00312  -0.0562   0.0225   1.0000  70.4426 160.0000
   9.000   1.1990   0.01533   0.00386  -0.0476   0.0150   1.0000  71.7514 160.0000
  10.000   1.2579   0.01739   0.00483  -0.0386   0.0121   1.0000  72.4366 160.0000
  11.000   1.3003   0.02065   0.00657  -0.0284   0.0100   1.0000  73.0269 160.0000
  12.000   1.3475   0.02381   0.00845  -0.0204   0.0089   1.0000  73.3837 160.0000
  13.000   1.3807   0.02828   0.01130  -0.0127   0.0080   1.0000  73.7126 160.0000
  14.000   1.3675   0.03748   0.01784  -0.0045   0.0072   1.0000  74.0088 160.0000
  15.000   1.3778   0.04630   0.02464  -0.0019   0.0069   1.0000  74.1705 160.0000
