  
       XFOIL         Version 6.99
  
 Calculated polar for: GOE 621 AIRFOIL                                 
  
 1 1 Reynolds number fixed          Mach number fixed         
  
 xtrf =   1.000 (top)        1.000 (bottom)  
 Mach =   0.000     Re =     0.500 e 6     Ncrit =   9.000  9.000
  
   alpha    CL        CD       CDp       CM     Top_Xtr  Bot_Xtr  Top_Itr  Bot_Itr
  ------ -------- --------- --------- -------- -------- -------- -------- --------
  -6.000  -0.0966   0.01329   0.00386  -0.1174   0.7823   0.0500  15.1593 102.8910
  -5.000   0.0027   0.01192   0.00276  -0.1148   0.7548   0.0552  16.7387 103.6712
  -4.000   0.1055   0.01095   0.00195  -0.1126   0.7297   0.0680  18.1543 105.3458
  -3.000   0.2103   0.01023   0.00160  -0.1108   0.7068   0.1261  19.4305 110.3885
  -2.000   0.3164   0.00975   0.00138  -0.1092   0.6853   0.1959  20.6198 114.7506
  -1.000   0.4221   0.00942   0.00136  -0.1076   0.6637   0.3147  21.8103 121.2993
   0.000   0.5288   0.00934   0.00136  -0.1060   0.6435   0.3966  22.9351 125.6729
   1.000   0.6328   0.00925   0.00132  -0.1039   0.6212   0.4681  24.1815 129.4962
   2.000   0.7214   0.00853   0.00126  -0.0988   0.5945   0.7503  25.6969 144.6718
   3.000   0.9130   0.00872   0.00140  -0.1155   0.5480   1.0000  28.3803 160.0000
   4.000   0.9787   0.00961   0.00134  -0.1061   0.4612   1.0000  33.4989 160.0000
   5.000   1.0135   0.01130   0.00153  -0.0912   0.3645   1.0000  39.1816 160.0000
   6.000   1.0691   0.01261   0.00173  -0.0809   0.3296   1.0000  41.1781 160.0000
   7.000   1.1356   0.01397   0.00204  -0.0733   0.3057   1.0000  42.5416 160.0000
   8.000   1.2029   0.01554   0.00246  -0.0666   0.2850   1.0000  43.7269 160.0000
   9.000   1.2691   0.01737   0.00301  -0.0605   0.2654   1.0000  44.8713 160.0000
  10.000   1.3330   0.01954   0.00376  -0.0549   0.2451   1.0000  46.0931 160.0000
  11.000   1.3926   0.02221   0.00479  -0.0496   0.2212   1.0000  47.5889 160.0000
  12.000   1.4410   0.02591   0.00643  -0.0442   0.1938   1.0000  49.3891 160.0000
  13.000   1.4779   0.03087   0.00893  -0.0391   0.1703   1.0000  51.0112 160.0000
  14.000   1.5161   0.03616   0.01177  -0.0350   0.1532   1.0000  52.2473 160.0000
  15.000   1.5464   0.04245   0.01536  -0.0315   0.1407   1.0000  53.1756 160.0000
