  
       XFOIL         Version 6.99
  
 Calculated polar for: GOE 648 AIRFOIL                                 
  
 1 1 Reynolds number fixed          Mach number fixed         
  
 xtrf =   1.000 (top)        1.000 (bottom)  
 Mach =   0.000     Re =     1.000 e 6     Ncrit =   9.000  9.000
  
   alpha    CL        CD       CDp       CM     Top_Xtr  Bot_Xtr  Top_Itr  Bot_Itr
  ------ -------- --------- --------- -------- -------- -------- -------- --------
  -6.000  -0.1585   0.00924   0.00157  -0.0956   0.8075   0.0628  13.3785 105.1722
  -5.000  -0.0572   0.00886   0.00127  -0.0925   0.7615   0.0766  15.8822 106.8312
  -4.000   0.0427   0.00855   0.00092  -0.0891   0.7042   0.0886  19.0586 108.0392
  -3.000   0.1392   0.00834   0.00061  -0.0851   0.6334   0.1128  23.0128 110.0752
  -2.000   0.2347   0.00786   0.00043  -0.0813   0.5769   0.2389  26.1149 117.8553
  -1.000   0.3312   0.00766   0.00036  -0.0776   0.5152   0.3637  29.4843 124.5083
   0.000   0.4205   0.00774   0.00041  -0.0726   0.4201   0.5383  34.8428 133.7809
   1.000   0.5088   0.00819   0.00057  -0.0674   0.3387   0.6511  39.4702 139.7194
   2.000   0.5967   0.00836   0.00073  -0.0619   0.3109   0.7974  41.0067 147.5181
   3.000   0.7819   0.00878   0.00137  -0.0774   0.2917   0.9771  42.0758 157.9366
   4.000   0.9036   0.00942   0.00163  -0.0796   0.2768   1.0000  42.9148 160.0000
   5.000   0.9897   0.00988   0.00169  -0.0742   0.2660   1.0000  43.5453 160.0000
   6.000   1.0718   0.01048   0.00176  -0.0681   0.2542   1.0000  44.2407 160.0000
   7.000   1.1498   0.01112   0.00174  -0.0615   0.2391   1.0000  45.1629 160.0000
   8.000   1.2302   0.01191   0.00178  -0.0558   0.2242   1.0000  46.1143 160.0000
   9.000   1.3105   0.01286   0.00190  -0.0507   0.2073   1.0000  47.2335 160.0000
  11.000   1.4578   0.01573   0.00258  -0.0400   0.1725   1.0000  49.6687 160.0000
  12.000   1.5234   0.01777   0.00323  -0.0347   0.1575   1.0000  50.7679 160.0000
  13.000   1.5829   0.02035   0.00418  -0.0296   0.1432   1.0000  51.8540 160.0000
  14.000   1.6349   0.02366   0.00553  -0.0248   0.1279   1.0000  53.0596 160.0000
  15.000   1.6713   0.02840   0.00777  -0.0200   0.1073   1.0000  54.8259 160.0000
