  
       XFOIL         Version 6.99
  
 Calculated polar for: GOE 652 AIRFOIL                                 
  
 1 1 Reynolds number fixed          Mach number fixed         
  
 xtrf =   1.000 (top)        1.000 (bottom)  
 Mach =   0.000     Re =     1.000 e 6     Ncrit =   9.000  9.000
  
   alpha    CL        CD       CDp       CM     Top_Xtr  Bot_Xtr  Top_Itr  Bot_Itr
  ------ -------- --------- --------- -------- -------- -------- -------- --------
  -6.000   0.4112   0.01093   0.00312  -0.2607   0.7118   0.0715  15.8617 105.3945
  -5.000   0.5424   0.00974   0.00231  -0.2649   0.6905   0.0838  16.8609 107.2477
  -4.000   0.6669   0.00914   0.00188  -0.2668   0.6663   0.1019  18.0071 109.5784
  -3.000   0.7885   0.00884   0.00165  -0.2677   0.6419   0.1199  19.1786 111.5531
  -2.000   0.9069   0.00877   0.00153  -0.2678   0.6131   0.1382  20.5739 113.3007
  -1.000   1.0219   0.00896   0.00154  -0.2672   0.5833   0.1574  22.0167 114.9293
   0.000   1.1364   0.00918   0.00164  -0.2664   0.5568   0.1778  23.2934 116.4353
   1.000   1.2466   0.00961   0.00175  -0.2649   0.5240   0.1936  24.8668 117.4789
   2.000   1.3555   0.01007   0.00188  -0.2632   0.4922   0.2086  26.4051 118.3784
   3.000   1.4538   0.01102   0.00214  -0.2596   0.4312   0.2222  29.4837 119.1320
   4.000   1.5370   0.01261   0.00274  -0.2537   0.3567   0.2377  33.3403 119.9366
   5.000   1.6185   0.01368   0.00316  -0.2472   0.3336   0.2560  34.4981 120.8245
   6.000   1.6955   0.01484   0.00364  -0.2402   0.3195   0.2769  35.1960 121.7918
   7.000   1.7666   0.01639   0.00430  -0.2328   0.3072   0.3002  35.8115 122.8504
   8.000   1.8405   0.01799   0.00496  -0.2263   0.2973   0.3246  36.3140 123.9516
   9.000   1.9003   0.02055   0.00609  -0.2184   0.2845   0.3472  36.9768 124.9889
  10.000   1.9697   0.02284   0.00704  -0.2126   0.2746   0.3730  37.5212 126.2064
  11.000   2.0271   0.02618   0.00850  -0.2059   0.2587   0.3982  38.4199 127.4305
  12.000   2.0689   0.03108   0.01081  -0.1986   0.2324   0.4250  40.0347 128.7461
  13.000   2.0819   0.03920   0.01520  -0.1904   0.1869   0.4578  43.1555 130.3755
  14.000   2.1030   0.04760   0.02003  -0.1843   0.1691   0.5357  44.4335 134.2369
  15.000   2.1264   0.05628   0.02538  -0.1798   0.1583   1.0000  45.2281 160.0000
