  
       XFOIL         Version 6.99
  
 Calculated polar for: GOE 623 AIRFOIL                                 
  
 1 1 Reynolds number fixed          Mach number fixed         
  
 xtrf =   1.000 (top)        1.000 (bottom)  
 Mach =   0.000     Re =     0.500 e 6     Ncrit =   9.000  9.000
  
   alpha    CL        CD       CDp       CM     Top_Xtr  Bot_Xtr  Top_Itr  Bot_Itr
  ------ -------- --------- --------- -------- -------- -------- -------- --------
  -6.000  -0.2431   0.01437   0.00546  -0.0852   0.8902   0.0383   9.4766  96.8245
  -5.000  -0.1393   0.01194   0.00340  -0.0835   0.8597   0.0422  11.4097  97.2904
  -4.000  -0.0315   0.01064   0.00229  -0.0823   0.8268   0.0474  13.4943  97.8816
  -3.000   0.0780   0.00964   0.00150  -0.0813   0.7880   0.0669  15.9394  99.7850
  -2.000   0.1879   0.00898   0.00124  -0.0808   0.7386   0.1736  19.0952 107.4538
  -1.000   0.2975   0.00854   0.00104  -0.0803   0.6835   0.2853  22.6718 114.5446
   0.000   0.3931   0.00706   0.00116  -0.0770   0.6349   0.8469  25.8087 149.1065
   1.000   0.5398   0.00730   0.00124  -0.0838   0.5931   1.0000  28.4569 160.0000
   2.000   0.6427   0.00768   0.00127  -0.0820   0.5639   1.0000  30.3030 160.0000
   3.000   0.7477   0.00809   0.00134  -0.0807   0.5325   1.0000  32.2859 160.0000
   4.000   0.8535   0.00856   0.00142  -0.0796   0.4935   1.0000  34.7651 160.0000
   5.000   0.9571   0.00923   0.00153  -0.0783   0.4320   1.0000  38.7680 160.0000
   6.000   1.0501   0.01076   0.00198  -0.0755   0.3229   1.0000  45.9676 160.0000
   7.000   1.1418   0.01242   0.00270  -0.0728   0.2539   1.0000  50.4890 160.0000
   8.000   1.2318   0.01401   0.00340  -0.0699   0.2142   1.0000  53.1291 160.0000
   9.000   1.3184   0.01557   0.00405  -0.0666   0.1861   1.0000  55.0328 160.0000
  10.000   1.3971   0.01719   0.00464  -0.0621   0.1570   1.0000  57.0570 160.0000
  11.000   1.4269   0.02166   0.00677  -0.0518   0.0541   1.0000  65.6354 160.0000
  12.000   1.4410   0.02826   0.01075  -0.0428   0.0220   1.0000  70.0140 160.0000
  13.000   1.4512   0.03643   0.01626  -0.0372   0.0174   1.0000  71.0080 160.0000
  14.000   1.4549   0.04657   0.02371  -0.0346   0.0153   1.0000  71.5752 160.0000
  15.000   1.4211   0.06282   0.03663  -0.0351   0.0139   1.0000  71.9393 160.0000
