  
       XFOIL         Version 6.99
  
 Calculated polar for: GOE 646 AIRFOIL                                 
  
 1 1 Reynolds number fixed          Mach number fixed         
  
 xtrf =   1.000 (top)        1.000 (bottom)  
 Mach =   0.000     Re =     0.500 e 6     Ncrit =   9.000  9.000
  
   alpha    CL        CD       CDp       CM     Top_Xtr  Bot_Xtr  Top_Itr  Bot_Itr
  ------ -------- --------- --------- -------- -------- -------- -------- --------
  -6.000  -0.0822   0.01055   0.00207  -0.1352   0.8102   0.1963  12.5617 118.3249
  -5.000   0.0192   0.01006   0.00174  -0.1325   0.7743   0.2335  14.4120 120.5765
  -4.000   0.1190   0.00982   0.00147  -0.1293   0.7285   0.2652  16.8340 122.3610
  -3.000   0.2169   0.00984   0.00129  -0.1257   0.6786   0.2933  19.4732 123.8604
  -2.000   0.3156   0.00997   0.00121  -0.1224   0.6390   0.3207  21.5320 125.2688
  -1.000   0.4170   0.01016   0.00117  -0.1198   0.6098   0.3467  23.0216 126.5681
   0.000   0.5186   0.01029   0.00111  -0.1172   0.5870   0.3714  24.1764 127.7766
   1.000   0.6201   0.01043   0.00104  -0.1146   0.5674   0.3997  25.1588 129.1395
   2.000   0.7188   0.01057   0.00097  -0.1116   0.5488   0.4370  26.0991 130.9151
   4.000   0.8805   0.01064   0.00063  -0.0984   0.5034   0.6348  28.4188 140.2288
   5.000   0.9518   0.01097   0.00032  -0.0900   0.4760   0.7268  29.8560 144.8726
   6.000   1.0683   0.01136   0.00064  -0.0917   0.4352   1.0000  32.0747 160.0000
   7.000   1.1246   0.01279   0.00056  -0.0821   0.3747   1.0000  35.5019 160.0000
   8.000   1.1788   0.01488   0.00095  -0.0734   0.3283   1.0000  38.1077 160.0000
   9.000   1.2422   0.01704   0.00156  -0.0671   0.2991   1.0000  39.7228 160.0000
  10.000   1.3042   0.01957   0.00243  -0.0615   0.2749   1.0000  41.0759 160.0000
  11.000   1.3653   0.02244   0.00354  -0.0567   0.2497   1.0000  42.5339 160.0000
  12.000   1.4138   0.02639   0.00530  -0.0515   0.2250   1.0000  44.0332 160.0000
  13.000   1.4577   0.03104   0.00759  -0.0471   0.2005   1.0000  45.6150 160.0000
  14.000   1.4877   0.03725   0.01099  -0.0429   0.1788   1.0000  47.0896 160.0000
  15.000   1.5095   0.04476   0.01541  -0.0396   0.1559   1.0000  48.7324 160.0000
