  
       XFOIL         Version 6.99
  
 Calculated polar for: GOE 655 AIRFOIL                                 
  
 1 1 Reynolds number fixed          Mach number fixed         
  
 xtrf =   1.000 (top)        1.000 (bottom)  
 Mach =   0.000     Re =     0.500 e 6     Ncrit =   9.000  9.000
  
   alpha    CL        CD       CDp       CM     Top_Xtr  Bot_Xtr  Top_Itr  Bot_Itr
  ------ -------- --------- --------- -------- -------- -------- -------- --------
  -6.000  -0.1344   0.01359   0.00457  -0.1012   0.8494   0.0464  11.6274 100.7711
  -4.000   0.0637   0.01084   0.00200  -0.0948   0.7460   0.0578  17.9483 102.1281
  -3.000   0.1643   0.00998   0.00129  -0.0919   0.7037   0.0788  20.4466 104.0800
  -2.000   0.2621   0.00901   0.00097  -0.0889   0.6590   0.2572  23.0905 115.5805
  -1.000   0.3613   0.00868   0.00089  -0.0859   0.6034   0.3945  26.4459 123.5301
   0.000   0.4484   0.00816   0.00092  -0.0805   0.5349   0.6717  30.6301 139.5328
   2.000   0.7271   0.00928   0.00145  -0.0919   0.3966   1.0000  39.0690 160.0000
   3.000   0.8136   0.00995   0.00165  -0.0867   0.3688   1.0000  40.7657 160.0000
   4.000   0.9011   0.01070   0.00188  -0.0819   0.3482   1.0000  42.0058 160.0000
   6.000   1.0784   0.01215   0.00229  -0.0730   0.3169   1.0000  43.8921 160.0000
   7.000   1.1619   0.01295   0.00244  -0.0679   0.2995   1.0000  44.9522 160.0000
   8.000   1.2383   0.01372   0.00248  -0.0616   0.2797   1.0000  46.2054 160.0000
   9.000   1.3089   0.01481   0.00253  -0.0549   0.2434   1.0000  48.6507 160.0000
  10.000   1.3620   0.01700   0.00311  -0.0465   0.1959   1.0000  52.0847 160.0000
  11.000   1.4144   0.01958   0.00416  -0.0393   0.1765   1.0000  53.4699 160.0000
  12.000   1.4631   0.02274   0.00560  -0.0330   0.1619   1.0000  54.4826 160.0000
  13.000   1.5082   0.02661   0.00747  -0.0279   0.1467   1.0000  55.5404 160.0000
  14.000   1.5426   0.03194   0.01011  -0.0239   0.1173   1.0000  57.7455 160.0000
  15.000   1.4586   0.05003   0.02304  -0.0201   0.0318   1.0000  67.4614 160.0000
