  
       XFOIL         Version 6.99
  
 Calculated polar for: GOE 628 AIRFOIL                                 
  
 1 1 Reynolds number fixed          Mach number fixed         
  
 xtrf =   1.000 (top)        1.000 (bottom)  
 Mach =   0.000     Re =     0.500 e 6     Ncrit =   9.000  9.000
  
   alpha    CL        CD       CDp       CM     Top_Xtr  Bot_Xtr  Top_Itr  Bot_Itr
  ------ -------- --------- --------- -------- -------- -------- -------- --------
  -6.000  -0.0422   0.01294   0.00337  -0.1215   0.7063   0.0676  18.0260 106.2552
  -5.000   0.0602   0.01197   0.00255  -0.1190   0.6762   0.0714  19.5530 106.7635
  -4.000   0.1653   0.01123   0.00187  -0.1169   0.6495   0.0780  20.9150 107.5940
  -3.000   0.2696   0.01026   0.00136  -0.1149   0.6229   0.1619  22.3027 114.7045
  -2.000   0.3759   0.01001   0.00135  -0.1130   0.5939   0.2542  23.8444 120.2403
  -1.000   0.4824   0.01007   0.00135  -0.1110   0.5623   0.2927  25.5488 122.2779
   0.000   0.5868   0.01027   0.00134  -0.1088   0.5285   0.3251  27.3884 123.9529
   1.000   0.6871   0.01055   0.00137  -0.1058   0.4883   0.3601  29.5836 125.7557
   2.000   0.7816   0.01099   0.00138  -0.1020   0.4438   0.3931  32.0449 127.4611
   3.000   0.8712   0.01153   0.00144  -0.0974   0.3995   0.4288  34.5358 129.3128
   4.000   0.9540   0.01213   0.00155  -0.0918   0.3682   0.4846  36.3065 132.2316
   5.000   1.0713   0.01218   0.00216  -0.0937   0.3447   1.0000  37.6346 160.0000
   6.000   1.1465   0.01319   0.00230  -0.0870   0.3284   1.0000  38.5543 160.0000
   7.000   1.2226   0.01438   0.00256  -0.0810   0.3154   1.0000  39.2970 160.0000
   8.000   1.2971   0.01584   0.00291  -0.0754   0.3025   1.0000  40.0301 160.0000
   9.000   1.3711   0.01722   0.00328  -0.0702   0.2919   1.0000  40.6452 160.0000
  10.000   1.4395   0.01906   0.00380  -0.0649   0.2795   1.0000  41.3738 160.0000
  11.000   1.5047   0.02134   0.00449  -0.0601   0.2682   1.0000  42.0415 160.0000
  12.000   1.5662   0.02388   0.00546  -0.0557   0.2585   1.0000  42.6324 160.0000
  13.000   1.6205   0.02722   0.00677  -0.0515   0.2476   1.0000  43.3102 160.0000
  14.000   1.6637   0.03165   0.00868  -0.0478   0.2344   1.0000  44.1457 160.0000
  15.000   1.6962   0.03750   0.01156  -0.0449   0.2190   1.0000  45.1547 160.0000
