  
       XFOIL         Version 6.99
  
 Calculated polar for: GOE 633 AIRFOIL                                 
  
 1 1 Reynolds number fixed          Mach number fixed         
  
 xtrf =   1.000 (top)        1.000 (bottom)  
 Mach =   0.000     Re =     1.000 e 6     Ncrit =   9.000  9.000
  
   alpha    CL        CD       CDp       CM     Top_Xtr  Bot_Xtr  Top_Itr  Bot_Itr
  ------ -------- --------- --------- -------- -------- -------- -------- --------
  -6.000  -0.3576   0.01278   0.00390  -0.0460   0.6513   0.0318  22.1557  98.3989
  -5.000  -0.2544   0.01152   0.00284  -0.0435   0.6280   0.0331  23.4671  98.6560
  -4.000  -0.1484   0.01060   0.00203  -0.0414   0.6048   0.0345  24.7941  98.9501
  -3.000  -0.0414   0.00971   0.00135  -0.0396   0.5838   0.0374  26.0065  99.5017
  -2.000   0.0682   0.00915   0.00093  -0.0382   0.5630   0.0421  27.2103 100.3430
  -1.000   0.1735   0.00823   0.00059  -0.0363   0.5419   0.1601  28.4405 111.2785
   0.000   0.2828   0.00812   0.00061  -0.0351   0.5169   0.2150  29.8971 114.6114
   1.000   0.3924   0.00814   0.00060  -0.0339   0.4861   0.2417  31.7031 116.0670
   2.000   0.4991   0.00823   0.00062  -0.0324   0.4452   0.2816  34.1453 118.2358
   3.000   0.5894   0.00776   0.00073  -0.0280   0.3909   0.6025  37.4389 135.9431
   4.000   0.7234   0.00796   0.00134  -0.0321   0.3418   0.9697  40.3909 157.3065
   5.000   0.8793   0.00892   0.00176  -0.0414   0.3133   0.9821  42.0854 158.2650
   6.000   1.0131   0.00962   0.00203  -0.0462   0.2930   0.9908  43.2972 159.0046
   7.000   1.1528   0.01015   0.00227  -0.0527   0.2734   0.9957  44.4798 159.5289
   8.000   1.2743   0.01088   0.00256  -0.0557   0.2486   1.0000  46.0258 160.0000
   9.000   1.3454   0.01219   0.00308  -0.0489   0.1946   1.0000  49.6280 160.0000
  10.000   1.3798   0.01449   0.00410  -0.0360   0.1380   1.0000  53.7385 160.0000
  11.000   1.3889   0.01607   0.00442  -0.0185   0.1268   1.0000  54.5668 160.0000
  12.000   1.4180   0.01878   0.00538  -0.0083   0.1188   1.0000  55.1650 160.0000
  13.000   1.4549   0.02293   0.00733  -0.0029   0.1105   1.0000  55.7921 160.0000
  14.000   1.4968   0.02745   0.00961   0.0005   0.1044   1.0000  56.2780 160.0000
  15.000   1.5224   0.03368   0.01305   0.0035   0.0951   1.0000  57.0447 160.0000
