  
       XFOIL         Version 6.99
  
 Calculated polar for: GOE 604 AIRFOIL                                 
  
 1 1 Reynolds number fixed          Mach number fixed         
  
 xtrf =   1.000 (top)        1.000 (bottom)  
 Mach =   0.000     Re =     0.500 e 6     Ncrit =   9.000  9.000
  
   alpha    CL        CD       CDp       CM     Top_Xtr  Bot_Xtr  Top_Itr  Bot_Itr
  ------ -------- --------- --------- -------- -------- -------- -------- --------
  -6.000  -0.1324   0.01349   0.00295  -0.0848   0.5811   0.0601  25.3600 106.0412
  -5.000  -0.0350   0.01238   0.00215  -0.0815   0.5582   0.0756  26.5867 107.9470
  -4.000   0.0652   0.01153   0.00182  -0.0789   0.5370   0.1573  27.7353 114.5881
  -3.000   0.1705   0.01131   0.00169  -0.0770   0.5171   0.1924  28.8193 116.6528
  -2.000   0.2748   0.01111   0.00154  -0.0750   0.4968   0.2331  29.9401 118.9769
  -1.000   0.3761   0.01076   0.00149  -0.0726   0.4771   0.3379  31.0483 124.5515
   0.000   0.4736   0.01033   0.00144  -0.0695   0.4562   0.4924  32.2544 132.4405
   1.000   0.5647   0.00951   0.00163  -0.0644   0.4349   0.8887  33.5009 152.6679
   2.000   0.7528   0.01036   0.00201  -0.0800   0.4076   0.9800  35.1254 158.1315
   3.000   0.9164   0.01102   0.00225  -0.0912   0.3841   1.0000  36.5429 160.0000
   4.000   0.9898   0.01159   0.00239  -0.0841   0.3685   1.0000  37.4876 160.0000
   5.000   1.0638   0.01228   0.00253  -0.0772   0.3547   1.0000  38.3148 160.0000
   6.000   1.1368   0.01316   0.00266  -0.0703   0.3430   1.0000  39.0178 160.0000
   7.000   1.2039   0.01387   0.00267  -0.0624   0.3330   1.0000  39.6215 160.0000
   8.000   1.2726   0.01491   0.00273  -0.0555   0.3231   1.0000  40.2175 160.0000
   9.000   1.3400   0.01616   0.00281  -0.0493   0.3117   1.0000  40.9086 160.0000
  10.000   1.4089   0.01758   0.00307  -0.0442   0.3018   1.0000  41.5159 160.0000
  11.000   1.4702   0.01960   0.00351  -0.0390   0.2904   1.0000  42.2308 160.0000
  12.000   1.5230   0.02240   0.00434  -0.0343   0.2761   1.0000  43.1486 160.0000
  13.000   1.5592   0.02693   0.00615  -0.0301   0.2519   1.0000  44.7865 160.0000
  14.000   1.5569   0.03577   0.01085  -0.0265   0.2129   1.0000  47.6521 160.0000
  15.000   1.5210   0.04900   0.01918  -0.0243   0.1858   1.0000  49.7172 160.0000
