  
       XFOIL         Version 6.99
  
 Calculated polar for: GOE 628 AIRFOIL                                 
  
 1 1 Reynolds number fixed          Mach number fixed         
  
 xtrf =   1.000 (top)        1.000 (bottom)  
 Mach =   0.000     Re =     1.000 e 6     Ncrit =   9.000  9.000
  
   alpha    CL        CD       CDp       CM     Top_Xtr  Bot_Xtr  Top_Itr  Bot_Itr
  ------ -------- --------- --------- -------- -------- -------- -------- --------
  -6.000  -0.0488   0.01086   0.00264  -0.1201   0.6571   0.0557  20.5288 104.4887
  -5.000   0.0576   0.01018   0.00198  -0.1182   0.6313   0.0578  21.8597 104.8290
  -4.000   0.1653   0.00956   0.00141  -0.1166   0.6059   0.0610  23.2035 105.3015
  -3.000   0.2738   0.00917   0.00099  -0.1150   0.5777   0.0657  24.7151 105.9973
  -2.000   0.3784   0.00839   0.00059  -0.1130   0.5476   0.1733  26.3470 115.4654
  -1.000   0.4847   0.00829   0.00058  -0.1112   0.5154   0.2508  28.1004 120.0543
   0.000   0.5907   0.00848   0.00061  -0.1093   0.4776   0.2870  30.1753 121.9827
   1.000   0.6936   0.00880   0.00068  -0.1070   0.4343   0.3215  32.5796 123.7704
   2.000   0.7918   0.00930   0.00079  -0.1039   0.3874   0.3521  35.2186 125.3411
   3.000   0.8872   0.00986   0.00092  -0.1003   0.3519   0.3842  37.2264 126.9975
   4.000   0.9795   0.01035   0.00102  -0.0963   0.3292   0.4219  38.5088 128.9524
   5.000   1.0609   0.01075   0.00103  -0.0903   0.3132   0.4916  39.4229 132.5999
   8.000   1.3462   0.01257   0.00186  -0.0831   0.2772   1.0000  41.5108 160.0000
   9.000   1.4235   0.01380   0.00208  -0.0781   0.2653   1.0000  42.2168 160.0000
  10.000   1.4975   0.01537   0.00246  -0.0734   0.2544   1.0000  42.8826 160.0000
  11.000   1.5735   0.01702   0.00291  -0.0696   0.2459   1.0000  43.4156 160.0000
  12.000   1.6372   0.01950   0.00375  -0.0651   0.2351   1.0000  44.0969 160.0000
  13.000   1.6960   0.02255   0.00485  -0.0611   0.2208   1.0000  45.0332 160.0000
  14.000   1.7480   0.02639   0.00638  -0.0574   0.2050   1.0000  46.1100 160.0000
  15.000   1.7868   0.03157   0.00871  -0.0539   0.1872   1.0000  47.3664 160.0000
