  
       XFOIL         Version 6.99
  
 Calculated polar for: GOE 611 AIRFOIL                                 
  
 1 1 Reynolds number fixed          Mach number fixed         
  
 xtrf =   1.000 (top)        1.000 (bottom)  
 Mach =   0.000     Re =     1.000 e 6     Ncrit =   9.000  9.000
  
   alpha    CL        CD       CDp       CM     Top_Xtr  Bot_Xtr  Top_Itr  Bot_Itr
  ------ -------- --------- --------- -------- -------- -------- -------- --------
  -5.000   0.1025   0.02204   0.01586  -0.1176   0.7447   0.0153  20.4265  93.3079
  -4.000   0.2083   0.01593   0.00907  -0.1172   0.7194   0.0206  22.0859  94.5478
  -3.000   0.3202   0.01502   0.00685  -0.1175   0.6811   0.0286  24.5962  95.9471
  -1.000   0.5393   0.01001   0.00215  -0.1173   0.5816   0.0354  31.0961  96.7554
   0.000   0.6493   0.00935   0.00135  -0.1173   0.5391   0.0362  33.8436  96.8564
   1.000   0.7600   0.00919   0.00099  -0.1176   0.5036   0.0380  36.1322  97.0545
   2.000   0.8703   0.00933   0.00090  -0.1180   0.4700   0.0454  38.2918  97.7190
   3.000   0.9734   0.00790   0.00122  -0.1175   0.4345   1.0000  40.5865 160.0000
   4.000   1.0784   0.00859   0.00136  -0.1171   0.3942   1.0000  43.2195 160.0000
   5.000   1.1793   0.00949   0.00160  -0.1161   0.3452   1.0000  46.4755 160.0000
   6.000   1.2664   0.01112   0.00212  -0.1129   0.2591   1.0000  52.2195 160.0000
   7.000   1.3161   0.01433   0.00350  -0.1031   0.1240   1.0000  61.7106 160.0000
   8.000   1.3886   0.01591   0.00414  -0.0975   0.1117   1.0000  62.5397 160.0000
  10.000   1.4650   0.02411   0.00822  -0.0800   0.0118   1.0000  74.4182 160.0000
  11.000   1.4998   0.02958   0.01134  -0.0739   0.0089   1.0000  75.3312 160.0000
  12.000   1.5151   0.03735   0.01620  -0.0680   0.0072   1.0000  75.9650 160.0000
  13.000   1.5286   0.04624   0.02221  -0.0641   0.0063   1.0000  76.3945 160.0000
  14.000   1.5292   0.05760   0.03041  -0.0619   0.0055   1.0000  76.7858 160.0000
  15.000   1.4832   0.07619   0.04523  -0.0614   0.0051   1.0000  77.0146 160.0000
