  
       XFOIL         Version 6.99
  
 Calculated polar for: GOE 645 AIRFOIL                                 
  
 1 1 Reynolds number fixed          Mach number fixed         
  
 xtrf =   1.000 (top)        1.000 (bottom)  
 Mach =   0.000     Re =     1.000 e 6     Ncrit =   9.000  9.000
  
   alpha    CL        CD       CDp       CM     Top_Xtr  Bot_Xtr  Top_Itr  Bot_Itr
  ------ -------- --------- --------- -------- -------- -------- -------- --------
  -6.000  -0.1484   0.00984   0.00170  -0.0996   0.6810   0.0494  20.4582 102.0541
  -5.000  -0.0442   0.00891   0.00111  -0.0975   0.6407   0.1040  22.7184 107.9908
  -4.000   0.0631   0.00865   0.00085  -0.0957   0.5888   0.1247  25.6919 109.4477
  -2.000   0.2750   0.00838   0.00060  -0.0919   0.4835   0.2216  31.7437 115.7999
  -1.000   0.3843   0.00847   0.00066  -0.0905   0.4540   0.2582  33.4220 117.8968
   1.000   0.6009   0.00880   0.00075  -0.0878   0.4019   0.3062  36.4240 120.5455
   3.000   0.8105   0.00932   0.00090  -0.0842   0.3451   0.3861  39.8563 124.9597
   4.000   0.9050   0.00935   0.00109  -0.0808   0.3082   0.6220  42.1915 137.9742
   5.000   1.0480   0.00970   0.00171  -0.0880   0.2602   1.0000  45.2114 160.0000
   6.000   1.1345   0.01063   0.00199  -0.0831   0.2307   1.0000  47.0068 160.0000
   7.000   1.2198   0.01150   0.00221  -0.0782   0.2102   1.0000  48.2719 160.0000
   8.000   1.2914   0.01260   0.00242  -0.0709   0.1853   1.0000  49.9295 160.0000
   9.000   1.3330   0.01495   0.00318  -0.0596   0.1242   1.0000  54.8863 160.0000
  10.000   1.3979   0.01674   0.00382  -0.0532   0.1188   1.0000  55.3160 160.0000
  11.000   1.4543   0.01940   0.00500  -0.0473   0.1132   1.0000  55.7578 160.0000
  12.000   1.5062   0.02291   0.00675  -0.0426   0.1100   1.0000  56.0111 160.0000
  13.000   1.5578   0.02698   0.00889  -0.0394   0.1076   1.0000  56.1995 160.0000
  14.000   1.5935   0.03277   0.01220  -0.0366   0.1039   1.0000  56.5000 160.0000
  15.000   1.6004   0.04182   0.01794  -0.0342   0.0985   1.0000  56.9363 160.0000
