  
       XFOIL         Version 6.99
  
 Calculated polar for: GOE 622 AIRFOIL                                 
  
 1 1 Reynolds number fixed          Mach number fixed         
  
 xtrf =   1.000 (top)        1.000 (bottom)  
 Mach =   0.000     Re =     0.500 e 6     Ncrit =   9.000  9.000
  
   alpha    CL        CD       CDp       CM     Top_Xtr  Bot_Xtr  Top_Itr  Bot_Itr
  ------ -------- --------- --------- -------- -------- -------- -------- --------
  -6.000  -0.4566   0.02077   0.01094  -0.0458   0.9968   0.0123   1.4711  88.5555
  -5.000  -0.3243   0.01289   0.00382  -0.0511   0.9875   0.0160   2.6752  89.1045
  -4.000  -0.1859   0.00985   0.00191  -0.0570   0.9762   0.0434   3.8560  91.7617
  -3.000  -0.0547   0.00866   0.00137  -0.0613   0.9559   0.1118   5.5777  96.8128
  -2.000   0.0644   0.00784   0.00092  -0.0626   0.9247   0.1722   7.8333 101.0630
   0.000   0.2891   0.00535   0.00067  -0.0615   0.8113   1.0000  15.9188 160.0000
   1.000   0.3918   0.00565   0.00049  -0.0592   0.7209   1.0000  22.2219 160.0000
   2.000   0.4951   0.00628   0.00048  -0.0572   0.6230   1.0000  29.0823 160.0000
   3.000   0.6000   0.00698   0.00060  -0.0558   0.5386   1.0000  34.9446 160.0000
   4.000   0.7038   0.00787   0.00073  -0.0545   0.4129   1.0000  43.7064 160.0000
   5.000   0.7984   0.01015   0.00138  -0.0523   0.1744   1.0000  60.4736 160.0000
   6.000   0.8910   0.01297   0.00241  -0.0497   0.0190   1.0000  73.2049 160.0000
   7.000   0.9760   0.01702   0.00424  -0.0449   0.0116   1.0000  73.9836 160.0000
   8.000   1.0569   0.02182   0.00694  -0.0399   0.0102   1.0000  74.2856 160.0000
   9.000   1.1249   0.03122   0.01280  -0.0334   0.0104   1.0000  74.2361 160.0000
