  
       XFOIL         Version 6.99
  
 Calculated polar for: GOE 650 AIRFOIL                                 
  
 1 1 Reynolds number fixed          Mach number fixed         
  
 xtrf =   1.000 (top)        1.000 (bottom)  
 Mach =   0.000     Re =     0.500 e 6     Ncrit =   9.000  9.000
  
   alpha    CL        CD       CDp       CM     Top_Xtr  Bot_Xtr  Top_Itr  Bot_Itr
  ------ -------- --------- --------- -------- -------- -------- -------- --------
  -6.000  -0.1129   0.01077   0.00266  -0.1342   0.8907   0.1254   9.0051 108.8797
  -5.000  -0.0052   0.01023   0.00229  -0.1326   0.8632   0.1428  10.5980 110.0839
  -4.000   0.1058   0.00965   0.00188  -0.1318   0.8403   0.1640  11.9178 111.4435
  -3.000   0.2148   0.00925   0.00158  -0.1305   0.8184   0.1908  13.1855 113.0835
  -2.000   0.3214   0.00880   0.00131  -0.1286   0.7914   0.2353  14.7451 115.7162
  -1.000   0.4273   0.00853   0.00117  -0.1265   0.7611   0.3069  16.4888 119.8061
   0.000   0.5335   0.00849   0.00112  -0.1243   0.7307   0.3672  18.2168 123.1443
   1.000   0.6366   0.00853   0.00106  -0.1215   0.6948   0.4185  20.2437 125.9408
   2.000   0.7339   0.00860   0.00095  -0.1176   0.6442   0.4697  23.1534 128.7458
   3.000   0.8188   0.00900   0.00084  -0.1112   0.5599   0.5319  28.1616 132.2085
   4.000   0.8941   0.00958   0.00099  -0.1033   0.4788   0.6702  32.7795 139.9894
   5.000   1.0037   0.01050   0.00145  -0.1034   0.3650   1.0000  39.4103 160.0000
   6.000   1.0674   0.01193   0.00175  -0.0939   0.3009   1.0000  43.1608 160.0000
   7.000   1.1393   0.01327   0.00208  -0.0863   0.2574   1.0000  45.6999 160.0000
   8.000   1.2099   0.01479   0.00250  -0.0792   0.2202   1.0000  47.9351 160.0000
  10.000   1.3430   0.01867   0.00389  -0.0656   0.1599   1.0000  51.8495 160.0000
  11.000   1.4045   0.02116   0.00499  -0.0592   0.1390   1.0000  53.3280 160.0000
  12.000   1.4603   0.02423   0.00642  -0.0532   0.1200   1.0000  54.7491 160.0000
  13.000   1.5109   0.02791   0.00823  -0.0476   0.1001   1.0000  56.3697 160.0000
  14.000   1.5386   0.03373   0.01144  -0.0414   0.0601   1.0000  60.5065 160.0000
  15.000   1.5381   0.04277   0.01750  -0.0357   0.0399   1.0000  63.5997 160.0000
