  
       XFOIL         Version 6.99
  
 Calculated polar for: GOE 614 AIRFOIL                                 
  
 1 1 Reynolds number fixed          Mach number fixed         
  
 xtrf =   1.000 (top)        1.000 (bottom)  
 Mach =   0.000     Re =     1.000 e 6     Ncrit =   9.000  9.000
  
   alpha    CL        CD       CDp       CM     Top_Xtr  Bot_Xtr  Top_Itr  Bot_Itr
  ------ -------- --------- --------- -------- -------- -------- -------- --------
  -6.000   0.0491   0.01193   0.00289  -0.1440   0.6519   0.0307  21.7935  99.6796
  -5.000   0.1359   0.01118   0.00208  -0.1389   0.6098   0.0314  24.0818  99.8452
  -4.000   0.2254   0.01060   0.00140  -0.1342   0.5736   0.0323  26.0484 100.0765
  -3.000   0.3150   0.01014   0.00082  -0.1294   0.5409   0.0346  27.8228 100.5779
  -2.000   0.4017   0.00992   0.00038  -0.1239   0.5134   0.0382  29.3204 101.3385
  -1.000   0.4862   0.00951  -0.00006  -0.1183   0.4874   0.1231  30.7454 111.7123
   0.000   0.5716   0.00943  -0.00025  -0.1131   0.4648   0.2302  31.9865 118.4763
   1.000   0.6613   0.00963  -0.00043  -0.1086   0.4455   0.2776  33.0514 120.8430
   2.000   0.7483   0.00983  -0.00060  -0.1039   0.4270   0.3645  34.0837 125.2649
   3.000   0.8321   0.01009  -0.00075  -0.0987   0.4101   0.4741  35.0347 130.6626
   4.000   0.9113   0.01040  -0.00094  -0.0929   0.3930   0.6111  36.0108 137.6155
   6.000   1.1742   0.01150   0.00019  -0.1043   0.3524   1.0000  38.4239 160.0000
   7.000   1.2502   0.01278   0.00028  -0.0992   0.3261   1.0000  40.0615 160.0000
   8.000   1.3176   0.01459   0.00060  -0.0934   0.2889   1.0000  42.4338 160.0000
   9.000   1.3675   0.01749   0.00147  -0.0861   0.2439   1.0000  45.2660 160.0000
  10.000   1.4169   0.02080   0.00268  -0.0798   0.2149   1.0000  47.0750 160.0000
  11.000   1.4543   0.02528   0.00461  -0.0736   0.1822   1.0000  49.2928 160.0000
  12.000   1.4345   0.03474   0.01005  -0.0646   0.1187   1.0000  54.7285 160.0000
  13.000   1.4598   0.04176   0.01414  -0.0609   0.1123   1.0000  55.2945 160.0000
  14.000   1.4751   0.05030   0.01946  -0.0580   0.1086   1.0000  55.6276 160.0000
  15.000   1.4796   0.06044   0.02617  -0.0559   0.1050   1.0000  55.9408 160.0000
