  
       XFOIL         Version 6.99
  
 Calculated polar for: GOE 692 AIRFOIL                                 
  
 1 1 Reynolds number fixed          Mach number fixed         
  
 xtrf =   1.000 (top)        1.000 (bottom)  
 Mach =   0.000     Re =     0.500 e 6     Ncrit =   9.000  9.000
  
   alpha    CL        CD       CDp       CM     Top_Xtr  Bot_Xtr  Top_Itr  Bot_Itr
  ------ -------- --------- --------- -------- -------- -------- -------- --------
  -6.000  -0.0925   0.01265   0.00374  -0.1252   0.8081   0.0737  13.6286 107.6136
  -5.000   0.0170   0.01176   0.00302  -0.1248   0.7855   0.0898  14.8909 109.2809
  -4.000   0.1273   0.01111   0.00252  -0.1244   0.7604   0.1075  16.3117 110.8561
  -3.000   0.2381   0.01059   0.00214  -0.1242   0.7337   0.1383  17.8486 113.1471
  -2.000   0.3495   0.01026   0.00193  -0.1241   0.7082   0.1828  19.3444 115.8682
  -1.000   0.4608   0.01005   0.00173  -0.1240   0.6844   0.2237  20.7496 118.1049
   0.000   0.5713   0.00978   0.00161  -0.1240   0.6626   0.3194  22.0247 123.1192
   1.000   0.6635   0.00844   0.00189  -0.1199   0.6418   0.8838  23.2262 152.3874
   2.000   0.8262   0.00885   0.00208  -0.1304   0.6169   0.9981  24.6439 159.8081
   3.000   0.9199   0.00922   0.00193  -0.1270   0.5881   1.0000  26.2788 160.0000
   4.000   1.0101   0.00964   0.00182  -0.1228   0.5605   1.0000  27.8570 160.0000
   5.000   1.1008   0.01017   0.00175  -0.1189   0.5268   1.0000  29.8221 160.0000
   6.000   1.1858   0.01093   0.00173  -0.1140   0.4868   1.0000  32.2014 160.0000
   7.000   1.2585   0.01200   0.00182  -0.1070   0.4448   1.0000  34.7044 160.0000
   8.000   1.3266   0.01353   0.00215  -0.0999   0.4005   1.0000  37.3240 160.0000
   9.000   1.3868   0.01570   0.00279  -0.0925   0.3495   1.0000  40.3738 160.0000
  10.000   1.4325   0.01904   0.00407  -0.0842   0.2912   1.0000  43.9463 160.0000
  11.000   1.4695   0.02348   0.00610  -0.0763   0.2407   1.0000  47.0561 160.0000
  12.000   1.5023   0.02873   0.00876  -0.0694   0.1996   1.0000  49.6377 160.0000
  13.000   1.5302   0.03492   0.01212  -0.0635   0.1693   1.0000  51.6857 160.0000
  14.000   1.5552   0.04194   0.01617  -0.0587   0.1504   1.0000  53.0523 160.0000
  15.000   1.5791   0.04960   0.02074  -0.0550   0.1373   1.0000  54.0301 160.0000
