  
       XFOIL         Version 6.99
  
 Calculated polar for: GOE 693 AIRFOIL                                 
  
 1 1 Reynolds number fixed          Mach number fixed         
  
 xtrf =   1.000 (top)        1.000 (bottom)  
 Mach =   0.000     Re =     1.000 e 6     Ncrit =   9.000  9.000
  
   alpha    CL        CD       CDp       CM     Top_Xtr  Bot_Xtr  Top_Itr  Bot_Itr
  ------ -------- --------- --------- -------- -------- -------- -------- --------
  -6.000  -0.2893   0.01006   0.00262  -0.0838   0.8522   0.0403  11.8497  97.9561
  -5.000  -0.1800   0.00912   0.00176  -0.0832   0.8033   0.0469  15.0041  98.7747
  -3.000   0.0455   0.00816   0.00112  -0.0835   0.7297   0.1009  19.6165 103.5128
  -2.000   0.1599   0.00796   0.00095  -0.0839   0.7000   0.1190  21.4727 104.6945
  -1.000   0.2742   0.00775   0.00079  -0.0844   0.6715   0.1465  23.2643 106.4311
   0.000   0.3873   0.00719   0.00070  -0.0849   0.6465   0.3128  24.8420 116.6804
   1.000   0.4905   0.00574   0.00079  -0.0835   0.6202   0.8547  26.5100 149.6640
   2.000   0.6373   0.00592   0.00090  -0.0908   0.5771   0.9996  29.2573 159.9568
   3.000   0.7393   0.00645   0.00090  -0.0889   0.5012   1.0000  34.1523 160.0000
   4.000   0.8345   0.00760   0.00118  -0.0859   0.3821   1.0000  41.8739 160.0000
   5.000   0.9356   0.00850   0.00148  -0.0842   0.3229   1.0000  45.5703 160.0000
   6.000   1.0373   0.00938   0.00178  -0.0827   0.2730   1.0000  48.7647 160.0000
   7.000   1.1252   0.01122   0.00250  -0.0792   0.1693   1.0000  56.0494 160.0000
   8.000   1.2207   0.01232   0.00297  -0.0768   0.1467   1.0000  57.5252 160.0000
   9.000   1.3038   0.01404   0.00359  -0.0726   0.0902   1.0000  61.9694 160.0000
  10.000   1.3676   0.01625   0.00458  -0.0652   0.0498   1.0000  65.6415 160.0000
  11.000   1.4084   0.01989   0.00650  -0.0552   0.0181   1.0000  70.7719 160.0000
  12.000   1.4577   0.02347   0.00848  -0.0481   0.0142   1.0000  71.7791 160.0000
  13.000   1.4980   0.02819   0.01132  -0.0419   0.0122   1.0000  72.4010 160.0000
  14.000   1.5181   0.03529   0.01596  -0.0362   0.0105   1.0000  72.9486 160.0000
  15.000   1.5343   0.04364   0.02174  -0.0327   0.0097   1.0000  73.2461 160.0000
