  
       XFOIL         Version 6.99
  
 Calculated polar for: GOE 673 AIRFOIL                                 
  
 1 1 Reynolds number fixed          Mach number fixed         
  
 xtrf =   1.000 (top)        1.000 (bottom)  
 Mach =   0.000     Re =     1.000 e 6     Ncrit =   9.000  9.000
  
   alpha    CL        CD       CDp       CM     Top_Xtr  Bot_Xtr  Top_Itr  Bot_Itr
  ------ -------- --------- --------- -------- -------- -------- -------- --------
  -5.000  -0.1843   0.00383   0.00156  -0.0807   0.9000   0.0086   9.6922  87.5893
  -4.000  -0.0793   0.00850   0.00136  -0.0820   0.8831   0.0134  10.9106  88.3738
  -3.000   0.0316   0.00683   0.00059  -0.0827   0.8557   0.1900  12.9259 101.9259
  -2.000   0.1433   0.00570   0.00046  -0.0838   0.8245   0.4706  15.2036 121.5013
  -1.000   0.2560   0.00527   0.00042  -0.0845   0.7861   0.6288  17.9397 132.4904
   0.000   0.3681   0.00515   0.00044  -0.0849   0.7364   0.7521  21.4242 141.0588
   1.000   0.4722   0.00506   0.00051  -0.0833   0.6738   0.9029  25.8346 151.6931
   2.000   0.5869   0.00534   0.00049  -0.0843   0.6137   1.0000  30.0628 160.0000
   3.000   0.6979   0.00581   0.00056  -0.0849   0.5623   1.0000  33.6624 160.0000
   4.000   0.8023   0.00687   0.00072  -0.0843   0.4320   1.0000  42.7956 160.0000
   5.000   0.8769   0.01119   0.00222  -0.0792   0.0146   1.0000  73.9227 160.0000
   6.000   0.9701   0.01341   0.00318  -0.0762   0.0077   1.0000  75.0842 160.0000
   7.000   1.0548   0.01603   0.00452  -0.0721   0.0059   1.0000  75.7199 160.0000
   8.000   1.1169   0.02100   0.00719  -0.0643   0.0048   1.0000  76.1495 160.0000
   9.000   1.1911   0.02924   0.01207  -0.0583   0.0043   1.0000  76.3692 160.0000
