  
       XFOIL         Version 6.99
  
 Calculated polar for: GOE 610-B MOD. AIRFOIL                          
  
 1 1 Reynolds number fixed          Mach number fixed         
  
 xtrf =   1.000 (top)        1.000 (bottom)  
 Mach =   0.000     Re =     1.000 e 6     Ncrit =   9.000  9.000
  
   alpha    CL        CD       CDp       CM     Top_Xtr  Bot_Xtr  Top_Itr  Bot_Itr
  ------ -------- --------- --------- -------- -------- -------- -------- --------
  -4.000   0.1010   0.00576   0.00626  -0.1111   0.7800   0.0165  18.8376  90.1719
  -3.000   0.2116   0.00640   0.00650  -0.1109   0.7414   0.0225  21.4900  90.9273
  -2.000   0.3270   0.00511   0.00444  -0.1130   0.7077   0.0319  23.7760  91.7833
  -1.000   0.4513   0.01020   0.00340  -0.1175   0.6743   0.0413  26.0142  92.5026
   0.000   0.5675   0.00892   0.00175  -0.1183   0.5877   0.0377  31.9098  92.2401
   1.000   0.6819   0.00887   0.00123  -0.1191   0.5228   0.0347  36.3180  92.0225
   2.000   0.7971   0.00869   0.00097  -0.1200   0.4884   0.0400  38.6175  92.4101
   4.000   1.0186   0.00776   0.00135  -0.1210   0.4227   1.0000  43.0202 160.0000
   5.000   1.1277   0.00867   0.00152  -0.1212   0.3371   1.0000  48.8454 160.0000
   6.000   1.2131   0.01323   0.00353  -0.1186   0.0143   1.0000  73.9001 160.0000
   7.000   1.3090   0.01544   0.00455  -0.1164   0.0084   1.0000  75.0441 160.0000
   8.000   1.3981   0.01785   0.00583  -0.1134   0.0061   1.0000  75.8512 160.0000
   9.000   1.4575   0.02236   0.00824  -0.1057   0.0051   1.0000  76.2953 160.0000
  10.000   1.4851   0.02744   0.01116  -0.0934   0.0044   1.0000  76.6275 160.0000
  11.000   1.5053   0.03400   0.01544  -0.0837   0.0039   1.0000  76.8884 160.0000
  12.000   1.5294   0.04332   0.02072  -0.0750   0.0038   1.0000  76.9396 160.0000
