  
       XFOIL         Version 6.99
  
 Calculated polar for: GOE 767 AIRFOIL                                 
  
 1 1 Reynolds number fixed          Mach number fixed         
  
 xtrf =   1.000 (top)        1.000 (bottom)  
 Mach =   0.000     Re =     0.500 e 6     Ncrit =   9.000  9.000
  
   alpha    CL        CD       CDp       CM     Top_Xtr  Bot_Xtr  Top_Itr  Bot_Itr
  ------ -------- --------- --------- -------- -------- -------- -------- --------
  -6.000  -0.6238   0.01156   0.00288   0.0011   1.0000   0.0877   1.0000 107.9058
  -5.000  -0.5046   0.01089   0.00266   0.0005   0.9889   0.1064   2.1673 109.6029
  -4.000  -0.3470   0.01081   0.00205  -0.0071   0.6691   0.1230  20.2779 110.9083
  -3.000  -0.2440   0.01070   0.00165  -0.0041   0.5320   0.1392  27.5479 112.0640
  -2.000  -0.1372   0.01033   0.00131  -0.0019   0.4606   0.1681  31.2810 113.9506
  -1.000  -0.0326   0.00956   0.00100   0.0004   0.4087   0.2989  34.0160 121.3843
   0.000   0.0648   0.00833   0.00097   0.0041   0.3636   0.6472  36.4284 139.7746
   1.000   0.1654   0.00799   0.00117   0.0085   0.3197   0.8734  38.8268 151.5864
   2.000   0.3110   0.00857   0.00144   0.0034   0.2787   0.9679  41.1569 157.1418
   3.000   0.4857   0.00922   0.00162  -0.0084   0.2516   0.9955  42.7707 159.5131
   4.000   0.5982   0.00972   0.00186  -0.0081   0.2330   1.0000  43.8944 160.0000
   5.000   0.6917   0.01035   0.00220  -0.0038   0.2154   1.0000  44.9658 160.0000
   6.000   0.7885   0.01091   0.00253  -0.0000   0.1947   1.0000  46.2694 160.0000
   7.000   0.8857   0.01167   0.00285   0.0035   0.1641   1.0000  48.3892 160.0000
   8.000   0.9804   0.01286   0.00346   0.0070   0.1356   1.0000  50.6149 160.0000
   9.000   1.0715   0.01445   0.00445   0.0108   0.1198   1.0000  51.9243 160.0000
  10.000   1.1604   0.01620   0.00557   0.0146   0.1078   1.0000  52.9777 160.0000
  11.000   1.2466   0.01801   0.00674   0.0184   0.0971   1.0000  53.9645 160.0000
  12.000   1.3287   0.01987   0.00787   0.0224   0.0857   1.0000  55.1158 160.0000
  13.000   1.3990   0.02215   0.00915   0.0273   0.0721   1.0000  56.6833 160.0000
  14.000   1.4190   0.02624   0.01139   0.0370   0.0617   1.0000  58.0602 160.0000
  15.000   1.4040   0.03695   0.01887   0.0364   0.0559   1.0000  58.9286 160.0000
