  
       XFOIL         Version 6.99
  
 Calculated polar for: GOE 735 AIRFOIL                                 
  
 1 1 Reynolds number fixed          Mach number fixed         
  
 xtrf =   1.000 (top)        1.000 (bottom)  
 Mach =   0.000     Re =     1.000 e 6     Ncrit =   9.000  9.000
  
   alpha    CL        CD       CDp       CM     Top_Xtr  Bot_Xtr  Top_Itr  Bot_Itr
  ------ -------- --------- --------- -------- -------- -------- -------- --------
  -5.000  -0.2736   0.01096   0.00167  -0.0198   0.4791   0.1088  29.1649 113.4132
  -4.000  -0.1672   0.01062   0.00147  -0.0179   0.4588   0.1177  30.2139 114.2160
  -3.000  -0.0604   0.01033   0.00131  -0.0162   0.4400   0.1306  31.2001 115.2627
  -2.000   0.0464   0.01010   0.00120  -0.0146   0.4232   0.1511  32.0973 116.7437
  -1.000   0.1516   0.00987   0.00111  -0.0129   0.4067   0.1943  32.9835 119.3988
   0.000   0.2526   0.00933   0.00107  -0.0105   0.3944   0.3290  33.6607 126.2356
   1.000   0.3396   0.00848   0.00103  -0.0055   0.3818   0.6020  34.3585 139.0108
   2.000   0.4210   0.00794   0.00118   0.0013   0.3693   0.8736  35.0586 152.0856
   3.000   0.5658   0.00845   0.00153  -0.0052   0.3567   0.9355  35.7771 155.4254
   4.000   0.7039   0.00931   0.00196  -0.0103   0.3460   0.9616  36.3954 157.0357
   5.000   0.8631   0.01025   0.00238  -0.0204   0.3337   0.9680  37.1126 157.4662
   6.000   0.9980   0.01099   0.00263  -0.0258   0.3234   0.9781  37.7251 158.1742
   7.000   1.1325   0.01166   0.00283  -0.0317   0.3130   0.9849  38.3575 158.6761
   8.000   1.2518   0.01253   0.00308  -0.0351   0.3021   0.9921  39.0208 159.2715
   9.000   1.3776   0.01312   0.00326  -0.0400   0.2941   0.9983  39.5151 159.8407
  10.000   1.4075   0.01435   0.00325  -0.0277   0.2858   1.0000  40.0392 160.0000
  11.000   1.4329   0.01612   0.00331  -0.0164   0.2791   1.0000  40.4640 160.0000
  12.000   1.4617   0.01913   0.00395  -0.0081   0.2702   1.0000  41.0392 160.0000
  13.000   1.5078   0.02209   0.00469  -0.0032   0.2624   1.0000  41.5518 160.0000
  14.000   1.5399   0.02643   0.00608   0.0013   0.2504   1.0000  42.3523 160.0000
  15.000   1.5624   0.03210   0.00829   0.0048   0.2373   1.0000  43.2443 160.0000
