  
       XFOIL         Version 6.99
  
 Calculated polar for: GOE 741 AIRFOIL                                 
  
 1 1 Reynolds number fixed          Mach number fixed         
  
 xtrf =   1.000 (top)        1.000 (bottom)  
 Mach =   0.000     Re =     1.000 e 6     Ncrit =   9.000  9.000
  
   alpha    CL        CD       CDp       CM     Top_Xtr  Bot_Xtr  Top_Itr  Bot_Itr
  ------ -------- --------- --------- -------- -------- -------- -------- --------
  -6.000  -0.4318   0.01378   0.00425  -0.0114   0.5098   0.0318  29.0880 100.0848
  -5.000  -0.3249   0.01241   0.00322  -0.0095   0.5001   0.0336  29.6013 100.4920
  -4.000  -0.2147   0.01160   0.00251  -0.0081   0.4895   0.0355  30.1579 100.9503
  -3.000  -0.1044   0.01069   0.00188  -0.0068   0.4802   0.0388  30.6568 101.6499
  -2.000   0.0072   0.01014   0.00148  -0.0057   0.4707   0.0450  31.1707 102.8928
  -1.000   0.1181   0.00950   0.00122  -0.0046   0.4613   0.0864  31.6869 108.6611
   0.000   0.2306   0.00925   0.00111  -0.0040   0.4500   0.1179  32.3154 111.3674
   1.000   0.3415   0.00898   0.00107  -0.0032   0.4371   0.2003  33.0469 116.7811
   2.000   0.4539   0.00881   0.00107  -0.0028   0.4267   0.2610  33.6493 119.9229
   3.000   0.5365   0.00708   0.00122   0.0036   0.4163   0.9326  34.2609 154.9640
   4.000   0.6839   0.00776   0.00158  -0.0030   0.4023   0.9671  35.0988 157.1801
   5.000   0.8310   0.00841   0.00181  -0.0100   0.3850   0.9780  36.1542 157.9881
   6.000   0.9898   0.00890   0.00197  -0.0200   0.3660   0.9829  37.3382 158.3886
   7.000   1.1116   0.00949   0.00212  -0.0227   0.3422   0.9883  38.8455 158.8310
   8.000   1.2345   0.01022   0.00238  -0.0262   0.3132   0.9925  40.6983 159.2187
   9.000   1.3583   0.01139   0.00286  -0.0308   0.2771   0.9973  42.9982 159.7156
  10.000   1.4656   0.01261   0.00340  -0.0323   0.2537   1.0000  44.4694 160.0000
  11.000   1.5330   0.01412   0.00400  -0.0266   0.2378   1.0000  45.4644 160.0000
  12.000   1.5348   0.01672   0.00461  -0.0119   0.2268   1.0000  46.1593 160.0000
  13.000   1.5324   0.02211   0.00673  -0.0029   0.2130   1.0000  47.0431 160.0000
  14.000   1.5425   0.02872   0.00991   0.0016   0.1992   1.0000  47.9650 160.0000
  15.000   1.5484   0.03660   0.01409   0.0042   0.1829   1.0000  49.1146 160.0000
