  
       XFOIL         Version 6.99
  
 Calculated polar for: Gottingen 765 airfoil (recovered). Thick: .144 L
  
 1 1 Reynolds number fixed          Mach number fixed         
  
 xtrf =   1.000 (top)        1.000 (bottom)  
 Mach =   0.000     Re =     1.000 e 6     Ncrit =   9.000  9.000
  
   alpha    CL        CD       CDp       CM     Top_Xtr  Bot_Xtr  Top_Itr  Bot_Itr
  ------ -------- --------- --------- -------- -------- -------- -------- --------
  -6.000  -0.5651   0.01065   0.00122   0.0079   0.7209   0.0628  18.2032 103.2468
  -5.000  -0.4686   0.00992   0.00090   0.0114   0.6873   0.0850  20.0096 105.6488
  -4.000  -0.3705   0.00923   0.00067   0.0147   0.6561   0.1247  21.7001 108.8426
  -3.000  -0.2728   0.00858   0.00049   0.0180   0.6244   0.1927  23.4340 113.1215
  -2.000  -0.1774   0.00790   0.00038   0.0216   0.5917   0.3048  25.2387 119.3750
  -1.000  -0.1148   0.00626   0.00019   0.0320   0.5592   0.6508  27.0438 138.1286
   0.000  -0.0251   0.00568   0.00046   0.0379   0.5240   0.8849  29.0197 151.5625
   1.000   0.0900   0.00619   0.00081   0.0382   0.4849   0.9249  31.2279 154.0522
   2.000   0.2273   0.00704   0.00127   0.0334   0.4413   0.9403  33.7162 155.0592
   3.000   0.3903   0.00804   0.00172   0.0229   0.3962   0.9429  36.3122 155.2425
   4.000   0.5231   0.00872   0.00198   0.0184   0.3573   0.9482  38.5709 155.6028
   5.000   0.6306   0.00917   0.00214   0.0190   0.3240   0.9561  40.5339 156.1538
   6.000   0.7549   0.00979   0.00236   0.0158   0.2871   0.9597  42.7454 156.4188
   7.000   0.8530   0.01050   0.00260   0.0179   0.2491   0.9686  45.0879 157.0760
   8.000   0.9739   0.01146   0.00299   0.0147   0.2030   0.9718  48.0463 157.3330
   9.000   1.0652   0.01277   0.00349   0.0172   0.1579   0.9806  51.1134 158.0398
  10.000   1.1742   0.01447   0.00433   0.0149   0.1088   0.9844  54.8619 158.3766
  11.000   1.2583   0.01661   0.00534   0.0170   0.0745   0.9923  58.1120 159.1066
  12.000   1.3375   0.01897   0.00658   0.0179   0.0530   0.9993  60.8056 159.9236
  13.000   1.3348   0.02261   0.00822   0.0308   0.0444   1.0000  62.1480 160.0000
  14.000   1.3346   0.02783   0.01103   0.0400   0.0380   1.0000  63.3141 160.0000
  15.000   1.3320   0.03497   0.01539   0.0457   0.0331   1.0000  64.3161 160.0000
