  
       XFOIL         Version 6.99
  
 Calculated polar for: GOE 796 AIRFOIL                                 
  
 1 1 Reynolds number fixed          Mach number fixed         
  
 xtrf =   1.000 (top)        1.000 (bottom)  
 Mach =   0.000     Re =     1.000 e 6     Ncrit =   9.000  9.000
  
   alpha    CL        CD       CDp       CM     Top_Xtr  Bot_Xtr  Top_Itr  Bot_Itr
  ------ -------- --------- --------- -------- -------- -------- -------- --------
  -6.000  -0.2825   0.01018   0.00250  -0.0846   0.8665   0.0205  10.8012  93.5336
  -5.000  -0.1727   0.00931   0.00173  -0.0839   0.8224   0.0214  13.7272  93.7348
  -3.000   0.0499   0.00821   0.00093  -0.0834   0.7377   0.0598  19.2385  99.0417
  -2.000   0.1629   0.00791   0.00083  -0.0836   0.7096   0.1048  21.0299 102.6254
  -1.000   0.2771   0.00776   0.00072  -0.0841   0.6832   0.1253  22.7177 103.9293
   0.000   0.3900   0.00732   0.00065  -0.0845   0.6600   0.2448  24.2069 111.5522
   1.000   0.4959   0.00605   0.00068  -0.0839   0.6312   0.7272  26.0578 141.6389
   2.000   0.6305   0.00580   0.00087  -0.0882   0.5965   0.9944  28.3131 159.3659
   3.000   0.7519   0.00621   0.00088  -0.0906   0.5439   1.0000  31.7453 160.0000
   4.000   0.8470   0.00706   0.00101  -0.0874   0.4452   1.0000  38.2184 160.0000
   5.000   0.9393   0.00825   0.00138  -0.0840   0.3475   1.0000  44.5680 160.0000
   6.000   1.0372   0.00921   0.00169  -0.0817   0.2947   1.0000  47.9395 160.0000
   7.000   1.1320   0.01040   0.00205  -0.0792   0.2201   1.0000  53.0380 160.0000
   9.000   1.3026   0.01361   0.00335  -0.0712   0.1118   1.0000  60.6137 160.0000
  10.000   1.3681   0.01570   0.00422  -0.0641   0.0693   1.0000  64.0685 160.0000
  11.000   1.4277   0.01818   0.00537  -0.0568   0.0426   1.0000  66.7552 160.0000
  12.000   1.4702   0.02203   0.00744  -0.0486   0.0192   1.0000  70.6500 160.0000
  13.000   1.5107   0.02652   0.01003  -0.0419   0.0140   1.0000  72.0188 160.0000
  14.000   1.5496   0.03166   0.01313  -0.0368   0.0116   1.0000  72.8243 160.0000
  15.000   1.5774   0.03835   0.01739  -0.0327   0.0098   1.0000  73.5143 160.0000
