  
       XFOIL         Version 6.99
  
 Calculated polar for: GOE 766 AIRFOIL                                 
  
 1 1 Reynolds number fixed          Mach number fixed         
  
 xtrf =   1.000 (top)        1.000 (bottom)  
 Mach =   0.000     Re =     0.500 e 6     Ncrit =   9.000  9.000
  
   alpha    CL        CD       CDp       CM     Top_Xtr  Bot_Xtr  Top_Itr  Bot_Itr
  ------ -------- --------- --------- -------- -------- -------- -------- --------
  -6.000  -0.6458   0.01402   0.00436   0.0086   1.0000   0.0496   1.0000 100.9699
  -5.000  -0.5004   0.01197   0.00296   0.0015   0.9832   0.0573   2.7341 101.9457
  -4.000  -0.3455   0.01005   0.00177  -0.0068   0.9393   0.0806   5.9353 104.2795
  -3.000  -0.2295   0.00928   0.00115  -0.0064   0.7345   0.1771  17.7736 111.1068
  -2.000  -0.1424   0.00846   0.00080  -0.0011   0.5826   0.3988  26.2957 124.0807
  -1.000  -0.0560   0.00752   0.00080   0.0049   0.5071   0.6978  30.5459 141.1816
   0.000   0.0438   0.00738   0.00096   0.0089   0.4575   0.8397  33.3348 149.2317
   1.000   0.1659   0.00772   0.00120   0.0084   0.4138   0.9264  35.8055 154.2221
   2.000   0.3126   0.00838   0.00143   0.0022   0.3648   0.9590  38.6363 156.3432
   3.000   0.4659   0.00917   0.00164  -0.0058   0.3146   0.9807  41.6490 158.0270
   4.000   0.6185   0.00979   0.00177  -0.0143   0.2747   0.9937  44.0980 159.2683
   5.000   0.7394   0.01025   0.00194  -0.0166   0.2458   1.0000  45.8879 160.0000
   6.000   0.8265   0.01076   0.00225  -0.0116   0.2231   1.0000  47.3086 160.0000
   7.000   0.9142   0.01146   0.00257  -0.0069   0.1950   1.0000  49.1191 160.0000
   8.000   1.0005   0.01249   0.00298  -0.0021   0.1451   1.0000  52.6433 160.0000
   9.000   1.0749   0.01463   0.00420   0.0041   0.0933   1.0000  56.8414 160.0000
  10.000   1.1476   0.01673   0.00554   0.0105   0.0741   1.0000  58.5988 160.0000
  11.000   1.2122   0.01910   0.00703   0.0176   0.0644   1.0000  59.6069 160.0000
  12.000   1.2533   0.02207   0.00878   0.0276   0.0586   1.0000  60.2604 160.0000
  13.000   1.2763   0.02580   0.01092   0.0374   0.0545   1.0000  60.7712 160.0000
  14.000   1.2867   0.03290   0.01573   0.0410   0.0511   1.0000  61.2064 160.0000
  15.000   1.2978   0.04283   0.02310   0.0383   0.0480   1.0000  61.6465 160.0000
