  
       XFOIL         Version 6.99
  
 Calculated polar for: GOE 723 AIRFOIL                                 
  
 1 1 Reynolds number fixed          Mach number fixed         
  
 xtrf =   1.000 (top)        1.000 (bottom)  
 Mach =   0.000     Re =     0.500 e 6     Ncrit =   9.000  9.000
  
   alpha    CL        CD       CDp       CM     Top_Xtr  Bot_Xtr  Top_Itr  Bot_Itr
  ------ -------- --------- --------- -------- -------- -------- -------- --------
  -6.000  -0.1155   0.01555   0.01552  -0.1175   0.8134   0.0583  13.9203 100.4608
  -5.000  -0.0311   0.01675   0.00799  -0.1175   0.7858   0.0437  15.5653  98.7007
  -4.000   0.0671   0.01330   0.00453  -0.1142   0.7505   0.0409  17.6798  98.3051
  -3.000   0.1683   0.01158   0.00291  -0.1115   0.7203   0.0415  19.4739  98.3927
  -2.000   0.2710   0.01059   0.00193  -0.1091   0.6933   0.0439  21.0778  98.7240
  -1.000   0.3747   0.00988   0.00126  -0.1068   0.6644   0.0481  22.7972  99.2760
   0.000   0.4762   0.00881   0.00095  -0.1045   0.6382   0.2965  24.3638 116.2596
   1.000   0.5800   0.00856   0.00107  -0.1024   0.6140   0.4815  25.8247 127.1549
   2.000   0.6753   0.00802   0.00115  -0.0985   0.5861   0.7451  27.5250 142.8562
   3.000   0.8513   0.00807   0.00121  -0.1125   0.5481   1.0000  29.8476 160.0000
   4.000   0.9513   0.00856   0.00127  -0.1097   0.5103   1.0000  32.1691 160.0000
   5.000   1.0470   0.00921   0.00137  -0.1061   0.4569   1.0000  35.4776 160.0000
   6.000   1.1313   0.01042   0.00166  -0.1007   0.3679   1.0000  41.1007 160.0000
   7.000   1.1793   0.01366   0.00287  -0.0895   0.1581   1.0000  54.8634 160.0000
   8.000   1.2185   0.01675   0.00434  -0.0770   0.0726   1.0000  61.0938 160.0000
   9.000   1.2648   0.01939   0.00570  -0.0667   0.0630   1.0000  62.0028 160.0000
  10.000   1.3120   0.02250   0.00756  -0.0586   0.0572   1.0000  62.5911 160.0000
  11.000   1.3381   0.02785   0.01100  -0.0508   0.0521   1.0000  63.1194 160.0000
  12.000   1.3751   0.03325   0.01468  -0.0460   0.0472   1.0000  63.6758 160.0000
  13.000   1.3971   0.04047   0.01969  -0.0416   0.0426   1.0000  64.2481 160.0000
  14.000   1.4203   0.04812   0.02505  -0.0389   0.0375   1.0000  64.9588 160.0000
  15.000   1.4481   0.05610   0.03088  -0.0379   0.0327   1.0000  65.7571 160.0000
