  
       XFOIL         Version 6.99
  
 Calculated polar for: GOE 744 AIRFOIL                                 
  
 1 1 Reynolds number fixed          Mach number fixed         
  
 xtrf =   1.000 (top)        1.000 (bottom)  
 Mach =   0.000     Re =     1.000 e 6     Ncrit =   9.000  9.000
  
   alpha    CL        CD       CDp       CM     Top_Xtr  Bot_Xtr  Top_Itr  Bot_Itr
  ------ -------- --------- --------- -------- -------- -------- -------- --------
  -6.000  -0.1673   0.06448   0.05799  -0.0145   0.4754   0.0270  30.9694  99.0746
  -5.000  -0.1030   0.05571   0.04997  -0.0175   0.4693   0.0278  31.2998  99.2892
  -4.000  -0.0298   0.03937   0.03257  -0.0225   0.4626   0.0308  31.6684 100.0971
  -3.000   0.0610   0.03238   0.02585  -0.0221   0.4540   0.0321  32.1418 100.4120
  -2.000   0.1494   0.02046   0.01317  -0.0183   0.4463   0.0363  32.5805 101.4305
  -1.000   0.2505   0.01224   0.00379  -0.0139   0.4369   0.0314  33.1161 100.2346
   0.000   0.3654   0.01120   0.00272  -0.0135   0.4265   0.0333  33.7306 100.7217
   1.000   0.4789   0.01036   0.00195  -0.0129   0.4149   0.0356  34.4219 101.2826
   2.000   0.5919   0.01003   0.00158  -0.0125   0.4023   0.0400  35.1820 102.2731
   3.000   0.7042   0.00991   0.00137  -0.0121   0.3884   0.0481  36.0395 103.9062
   4.000   0.8127   0.00967   0.00138  -0.0114   0.3744   0.2060  36.9137 117.2753
   7.000   1.2915   0.01010   0.00241  -0.0433   0.3238   1.0000  40.1188 160.0000
   8.000   1.3925   0.01098   0.00278  -0.0427   0.3086   1.0000  41.0953 160.0000
   9.000   1.4887   0.01209   0.00323  -0.0417   0.2932   1.0000  42.0820 160.0000
  10.000   1.5762   0.01358   0.00382  -0.0400   0.2788   1.0000  43.0133 160.0000
  11.000   1.6489   0.01552   0.00448  -0.0369   0.2667   1.0000  43.7929 160.0000
  12.000   1.6489   0.02066   0.00631  -0.0282   0.2550   1.0000  44.5639 160.0000
  13.000   1.6529   0.02727   0.00926  -0.0229   0.2430   1.0000  45.3561 160.0000
  14.000   1.6489   0.03545   0.01336  -0.0193   0.2320   1.0000  46.0920 160.0000
  15.000   1.6533   0.04394   0.01789  -0.0176   0.2211   1.0000  46.8303 160.0000
