  
       XFOIL         Version 6.99
  
 Calculated polar for: GOE 701 AIRFOIL                                 
  
 1 1 Reynolds number fixed          Mach number fixed         
  
 xtrf =   1.000 (top)        1.000 (bottom)  
 Mach =   0.000     Re =     1.000 e 6     Ncrit =   9.000  9.000
  
   alpha    CL        CD       CDp       CM     Top_Xtr  Bot_Xtr  Top_Itr  Bot_Itr
  ------ -------- --------- --------- -------- -------- -------- -------- --------
  -6.000  -0.1144   0.00938   0.00184  -0.1165   0.8111   0.0580  14.0857 101.8531
  -5.000  -0.0116   0.00869   0.00126  -0.1142   0.7832   0.0650  15.7584 102.6432
  -4.000   0.0934   0.00824   0.00092  -0.1122   0.7581   0.0781  17.2492 103.9835
  -3.000   0.1997   0.00803   0.00084  -0.1105   0.7332   0.1008  18.7322 105.8872
  -2.000   0.3046   0.00787   0.00069  -0.1085   0.7044   0.1150  20.4580 106.8470
  -1.000   0.4076   0.00773   0.00049  -0.1061   0.6718   0.1274  22.4303 107.6395
   0.000   0.5091   0.00769   0.00033  -0.1035   0.6352   0.1448  24.6660 108.7395
   1.000   0.6089   0.00768   0.00026  -0.1006   0.5993   0.1968  26.8642 112.0324
   2.000   0.7048   0.00774   0.00021  -0.0970   0.5559   0.2726  29.5182 116.4383
   3.000   0.8594   0.00699   0.00070  -0.1069   0.5005   0.9874  32.9068 158.6578
   4.000   0.9981   0.00790   0.00095  -0.1133   0.4269   1.0000  37.4048 160.0000
   5.000   1.0553   0.00905   0.00118  -0.1022   0.3368   1.0000  42.9887 160.0000
   6.000   1.0996   0.01032   0.00138  -0.0887   0.2595   1.0000  47.8234 160.0000
   7.000   1.1619   0.01136   0.00152  -0.0792   0.2270   1.0000  49.8406 160.0000
   8.000   1.2330   0.01243   0.00172  -0.0721   0.2072   1.0000  51.0799 160.0000
   9.000   1.3055   0.01364   0.00197  -0.0657   0.1885   1.0000  52.2875 160.0000
  10.000   1.3725   0.01528   0.00239  -0.0592   0.1631   1.0000  54.0116 160.0000
  11.000   1.4270   0.01777   0.00323  -0.0519   0.1234   1.0000  56.9774 160.0000
  12.000   1.4529   0.02237   0.00542  -0.0424   0.0672   1.0000  61.9203 160.0000
  13.000   1.4622   0.02894   0.00924  -0.0336   0.0274   1.0000  67.7633 160.0000
  14.000   1.4918   0.03479   0.01274  -0.0285   0.0226   1.0000  68.7971 160.0000
  15.000   1.5168   0.04164   0.01705  -0.0247   0.0191   1.0000  69.6594 160.0000
