  
       XFOIL         Version 6.99
  
 Calculated polar for: GOE 795 AIRFOIL                                 
  
 1 1 Reynolds number fixed          Mach number fixed         
  
 xtrf =   1.000 (top)        1.000 (bottom)  
 Mach =   0.000     Re =     1.000 e 6     Ncrit =   9.000  9.000
  
   alpha    CL        CD       CDp       CM     Top_Xtr  Bot_Xtr  Top_Itr  Bot_Itr
  ------ -------- --------- --------- -------- -------- -------- -------- --------
   0.000   0.2650   0.00523  -0.00004  -0.0577   0.7318   0.6172  21.1203 131.9437
   1.000   0.4495   0.00492   0.00009  -0.0739   0.6682   0.9906  25.7185 158.9403
   2.000   0.5808   0.00557   0.00002  -0.0786   0.5288   1.0000  35.8323 160.0000
   3.000   0.6615   0.00680   0.00033  -0.0723   0.3346   1.0000  49.9186 160.0000
   4.000   0.7446   0.00818   0.00077  -0.0668   0.1711   1.0000  61.8877 160.0000
   5.000   0.8271   0.00975   0.00142  -0.0611   0.0559   1.0000  70.6777 160.0000
   6.000   0.9160   0.01087   0.00201  -0.0567   0.0402   1.0000  72.0373 160.0000
   7.000   1.0011   0.01228   0.00243  -0.0517   0.0083   1.0000  76.0179 160.0000
   8.000   1.0765   0.01458   0.00352  -0.0449   0.0047   1.0000  77.1362 160.0000
   9.000   1.1476   0.01710   0.00492  -0.0377   0.0038   1.0000  77.5410 160.0000
  10.000   1.1873   0.02223   0.00790  -0.0262   0.0028   1.0000  77.9761 160.0000
  11.000   1.2091   0.02776   0.01148  -0.0129   0.0027   1.0000  78.0719 160.0000
  12.000   1.2006   0.03630   0.01788  -0.0009   0.0026   1.0000  78.0900 160.0000
  13.000   1.1475   0.05161   0.03089   0.0033   0.0027   1.0000  78.0596 160.0000
