  
       XFOIL         Version 6.99
  
 Calculated polar for: GOE 711 AIRFOIL                                 
  
 1 1 Reynolds number fixed          Mach number fixed         
  
 xtrf =   1.000 (top)        1.000 (bottom)  
 Mach =   0.000     Re =     1.000 e 6     Ncrit =   9.000  9.000
  
   alpha    CL        CD       CDp       CM     Top_Xtr  Bot_Xtr  Top_Itr  Bot_Itr
  ------ -------- --------- --------- -------- -------- -------- -------- --------
  -3.000   0.3601   0.01402   0.00627  -0.1358   0.6742   0.0338  23.3981 100.1144
  -2.000   0.4698   0.01179   0.00369  -0.1358   0.6099   0.0338  27.3938 100.1166
  -1.000   0.5781   0.01082   0.00252  -0.1357   0.5442   0.0351  31.4587 100.2940
   0.000   0.6863   0.01065   0.00194  -0.1357   0.4846   0.0380  35.1431 100.7053
   1.000   0.7944   0.01070   0.00161  -0.1358   0.4345   0.0414  38.2448 101.1457
   2.000   0.9009   0.01101   0.00153  -0.1356   0.3927   0.0605  40.8472 103.1032
   3.000   0.9975   0.00971   0.00187  -0.1339   0.3614   1.0000  42.8131 160.0000
   4.000   1.0992   0.01049   0.00200  -0.1331   0.3319   1.0000  44.6807 160.0000
   5.000   1.1977   0.01129   0.00216  -0.1317   0.3133   1.0000  45.8654 160.0000
   6.000   1.2887   0.01216   0.00231  -0.1288   0.2969   1.0000  46.9144 160.0000
   7.000   1.3752   0.01318   0.00250  -0.1254   0.2773   1.0000  48.1722 160.0000
   8.000   1.4577   0.01452   0.00276  -0.1217   0.2516   1.0000  49.8491 160.0000
   9.000   1.5307   0.01639   0.00326  -0.1168   0.2142   1.0000  52.3861 160.0000
  10.000   1.5436   0.02190   0.00585  -0.1033   0.1045   1.0000  60.9059 160.0000
  11.000   1.5617   0.02777   0.00899  -0.0927   0.0403   1.0000  68.9028 160.0000
  12.000   1.5828   0.03432   0.01262  -0.0849   0.0136   1.0000  74.9117 160.0000
  13.000   1.6059   0.04177   0.01718  -0.0798   0.0113   1.0000  75.6825 160.0000
  14.000   1.6049   0.05287   0.02469  -0.0757   0.0099   1.0000  76.1899 160.0000
  15.000   1.5919   0.06673   0.03484  -0.0740   0.0089   1.0000  76.6008 160.0000
