  
       XFOIL         Version 6.99
  
 Calculated polar for: GOE 769 AIRFOIL                                 
  
 1 1 Reynolds number fixed          Mach number fixed         
  
 xtrf =   1.000 (top)        1.000 (bottom)  
 Mach =   0.000     Re =     0.500 e 6     Ncrit =   9.000  9.000
  
   alpha    CL        CD       CDp       CM     Top_Xtr  Bot_Xtr  Top_Itr  Bot_Itr
  ------ -------- --------- --------- -------- -------- -------- -------- --------
  -6.000  -0.2119   0.01847   0.00924  -0.0740   0.6679   0.0388  19.0762 103.5207
  -5.000  -0.1105   0.01551   0.00588  -0.0711   0.6291   0.0402  20.9290 103.8584
  -4.000  -0.0046   0.01350   0.00398  -0.0686   0.5898   0.0424  22.8363 104.3286
  -3.000   0.1030   0.01229   0.00276  -0.0663   0.5395   0.0462  25.3565 105.1502
  -2.000   0.2106   0.01151   0.00200  -0.0640   0.4877   0.0530  28.0667 106.4638
  -1.000   0.3191   0.01108   0.00163  -0.0619   0.4419   0.0771  30.5094 110.1634
   0.000   0.4284   0.01108   0.00163  -0.0601   0.4057   0.1134  32.4356 113.8456
   1.000   0.5367   0.01109   0.00161  -0.0583   0.3746   0.1551  34.0928 116.7514
   3.000   0.7864   0.00990   0.00204  -0.0622   0.3127   1.0000  37.5034 160.0000
   4.000   0.8854   0.01066   0.00231  -0.0588   0.2819   1.0000  39.3041 160.0000
   5.000   0.9826   0.01161   0.00269  -0.0555   0.2540   1.0000  41.0213 160.0000
   6.000   1.0796   0.01259   0.00318  -0.0523   0.2341   1.0000  42.3024 160.0000
   7.000   1.1733   0.01374   0.00376  -0.0488   0.2184   1.0000  43.3311 160.0000
   8.000   1.2621   0.01508   0.00444  -0.0449   0.2056   1.0000  44.1844 160.0000
   9.000   1.3432   0.01666   0.00516  -0.0400   0.1939   1.0000  44.9831 160.0000
  10.000   1.4188   0.01797   0.00574  -0.0344   0.1852   1.0000  45.6090 160.0000
  11.000   1.4731   0.02002   0.00653  -0.0263   0.1769   1.0000  46.2071 160.0000
  12.000   1.5241   0.02261   0.00763  -0.0198   0.1691   1.0000  46.7961 160.0000
  13.000   1.5690   0.02633   0.00952  -0.0149   0.1622   1.0000  47.3393 160.0000
  14.000   1.6058   0.03137   0.01219  -0.0117   0.1555   1.0000  47.8751 160.0000
  15.000   1.6370   0.03754   0.01583  -0.0099   0.1496   1.0000  48.3713 160.0000
