  
       XFOIL         Version 6.99
  
 Calculated polar for: GOE 798 AIRFOIL                                 
  
 1 1 Reynolds number fixed          Mach number fixed         
  
 xtrf =   1.000 (top)        1.000 (bottom)  
 Mach =   0.000     Re =     0.500 e 6     Ncrit =   9.000  9.000
  
   alpha    CL        CD       CDp       CM     Top_Xtr  Bot_Xtr  Top_Itr  Bot_Itr
  ------ -------- --------- --------- -------- -------- -------- -------- --------
  -6.000  -0.0181   0.01484   0.00500  -0.1374   0.7121   0.0948  17.6731 113.9013
  -5.000   0.0938   0.01453   0.00482  -0.1377   0.6998   0.1064  18.2776 115.1594
  -4.000   0.2065   0.01416   0.00440  -0.1381   0.6855   0.1162  18.9763 116.1160
  -3.000   0.3167   0.01357   0.00396  -0.1380   0.6724   0.1246  19.6219 116.8641
  -2.000   0.4269   0.01298   0.00344  -0.1380   0.6588   0.1321  20.2981 117.4909
  -1.000   0.5385   0.01266   0.00295  -0.1381   0.6442   0.1400  21.0321 118.1303
   0.000   0.6461   0.01227   0.00259  -0.1374   0.6309   0.1481  21.7147 118.7538
   2.000   0.8548   0.01127   0.00216  -0.1357   0.6012   0.4652  23.2659 134.2206
   3.000   0.9840   0.01068   0.00257  -0.1392   0.5822   0.9892  24.2867 159.0410
   4.000   1.0967   0.01113   0.00237  -0.1404   0.5572   1.0000  25.6454 160.0000
   5.000   1.1383   0.01167   0.00188  -0.1265   0.5271   1.0000  27.2972 160.0000
   6.000   1.1819   0.01312   0.00179  -0.1145   0.4758   1.0000  30.1532 160.0000
   7.000   1.2201   0.01588   0.00248  -0.1035   0.4145   1.0000  33.5780 160.0000
   8.000   1.2707   0.01892   0.00351  -0.0959   0.3801   1.0000  35.4793 160.0000
   9.000   1.3292   0.02195   0.00459  -0.0903   0.3596   1.0000  36.6011 160.0000
  10.000   1.3921   0.02499   0.00567  -0.0860   0.3461   1.0000  37.3344 160.0000
  11.000   1.4522   0.02838   0.00681  -0.0819   0.3322   1.0000  38.0837 160.0000
  12.000   1.5130   0.03198   0.00812  -0.0786   0.3210   1.0000  38.6923 160.0000
  13.000   1.5708   0.03587   0.00948  -0.0754   0.3096   1.0000  39.3216 160.0000
  14.000   1.6217   0.04039   0.01106  -0.0722   0.2963   1.0000  40.0614 160.0000
  15.000   1.6609   0.04625   0.01361  -0.0690   0.2815   1.0000  40.9106 160.0000
