  
       XFOIL         Version 6.99
  
 Calculated polar for: GOE 777 AIRFOIL                                 
  
 1 1 Reynolds number fixed          Mach number fixed         
  
 xtrf =   1.000 (top)        1.000 (bottom)  
 Mach =   0.000     Re =     1.000 e 6     Ncrit =   9.000  9.000
  
   alpha    CL        CD       CDp       CM     Top_Xtr  Bot_Xtr  Top_Itr  Bot_Itr
  ------ -------- --------- --------- -------- -------- -------- -------- --------
  -6.000  -0.1563   0.01208   0.00299  -0.0630   0.4962   0.0777  25.5343 111.4249
  -5.000  -0.0439   0.01175   0.00272  -0.0625   0.4878   0.0856  25.9402 112.4558
  -4.000   0.0702   0.01129   0.00243  -0.0624   0.4832   0.0933  26.1720 113.3744
  -3.000   0.1849   0.01086   0.00215  -0.0624   0.4774   0.1054  26.4709 114.6583
  -2.000   0.2927   0.00989   0.00179  -0.0617   0.4707   0.2596  26.8188 124.8937
  -1.000   0.4014   0.00904   0.00166  -0.0613   0.4644   0.4741  27.1566 134.7655
   0.000   0.5150   0.00867   0.00168  -0.0614   0.4562   0.6228  27.6111 141.4758
   1.000   0.6311   0.00873   0.00167  -0.0622   0.4465   0.6698  28.1645 143.4471
   2.000   0.7466   0.00878   0.00161  -0.0630   0.4331   0.7118  28.9566 145.2179
   3.000   0.8593   0.00882   0.00160  -0.0634   0.4135   0.7801  30.1778 148.1385
   4.000   0.9595   0.00918   0.00177  -0.0615   0.3730   0.9059  32.7909 153.8520
   5.000   1.0912   0.01029   0.00235  -0.0669   0.3423   0.9893  34.7177 158.9936
   6.000   1.2203   0.01130   0.00278  -0.0725   0.3274   1.0000  35.6301 160.0000
   7.000   1.2874   0.01221   0.00292  -0.0654   0.3185   1.0000  36.1663 160.0000
   8.000   1.3551   0.01335   0.00314  -0.0592   0.3114   1.0000  36.5970 160.0000
   9.000   1.4215   0.01531   0.00376  -0.0548   0.3041   1.0000  37.0414 160.0000
  10.000   1.4980   0.01733   0.00443  -0.0530   0.2991   1.0000  37.3460 160.0000
  11.000   1.5576   0.02083   0.00581  -0.0509   0.2927   1.0000  37.7380 160.0000
  12.000   1.6112   0.02521   0.00762  -0.0495   0.2863   1.0000  38.1404 160.0000
  13.000   1.6586   0.03038   0.00982  -0.0487   0.2799   1.0000  38.5434 160.0000
  14.000   1.6873   0.03682   0.01254  -0.0468   0.2725   1.0000  39.0206 160.0000
  15.000   1.7197   0.04371   0.01565  -0.0465   0.2668   1.0000  39.4050 160.0000
