  
       XFOIL         Version 6.99
  
 Calculated polar for: GOE 711 AIRFOIL                                 
  
 1 1 Reynolds number fixed          Mach number fixed         
  
 xtrf =   1.000 (top)        1.000 (bottom)  
 Mach =   0.000     Re =     0.500 e 6     Ncrit =   9.000  9.000
  
   alpha    CL        CD       CDp       CM     Top_Xtr  Bot_Xtr  Top_Itr  Bot_Itr
  ------ -------- --------- --------- -------- -------- -------- -------- --------
  -6.000   0.0678   0.04225   0.03608  -0.1351   0.8910   0.0339   9.4658 100.1278
  -5.000   0.1541   0.03088   0.02333  -0.1370   0.8567   0.0408  11.8054 101.0827
  -3.000   0.3593   0.01979   0.01190  -0.1379   0.7534   0.0555  18.4745 102.6484
  -2.000   0.4681   0.01731   0.00812  -0.1376   0.6912   0.0700  22.3377 103.8741
  -1.000   0.5737   0.01468   0.00566  -0.1374   0.6259   0.0954  26.3998 105.5854
   1.000   0.7836   0.01223   0.00210  -0.1335   0.4997   0.0553  34.2107 102.6254
   2.000   0.8773   0.01054   0.00215  -0.1308   0.4490   1.0000  37.3500 160.0000
   3.000   0.9749   0.01151   0.00227  -0.1290   0.4075   1.0000  39.9233 160.0000
   4.000   1.0708   0.01247   0.00249  -0.1269   0.3776   1.0000  41.7973 160.0000
   5.000   1.1608   0.01349   0.00270  -0.1239   0.3506   1.0000  43.4920 160.0000
   6.000   1.2445   0.01467   0.00300  -0.1198   0.3308   1.0000  44.7493 160.0000
   7.000   1.3288   0.01597   0.00337  -0.1162   0.3150   1.0000  45.7519 160.0000
   8.000   1.4076   0.01755   0.00379  -0.1122   0.2956   1.0000  46.9992 160.0000
   9.000   1.4873   0.01911   0.00417  -0.1087   0.2738   1.0000  48.3999 160.0000
  10.000   1.5568   0.02131   0.00478  -0.1042   0.2456   1.0000  50.2520 160.0000
  11.000   1.6008   0.02528   0.00630  -0.0968   0.1855   1.0000  54.4846 160.0000
  12.000   1.5506   0.03713   0.01365  -0.0813   0.0555   1.0000  66.7471 160.0000
  13.000   1.5464   0.04768   0.02052  -0.0752   0.0194   1.0000  73.2628 160.0000
  14.000   1.5327   0.06101   0.03015  -0.0720   0.0161   1.0000  74.1585 160.0000
  15.000   1.4968   0.07884   0.04436  -0.0717   0.0146   1.0000  74.6132 160.0000
