  
       XFOIL         Version 6.99
  
 Calculated polar for: GOE 723 AIRFOIL                                 
  
 1 1 Reynolds number fixed          Mach number fixed         
  
 xtrf =   1.000 (top)        1.000 (bottom)  
 Mach =   0.000     Re =     1.000 e 6     Ncrit =   9.000  9.000
  
   alpha    CL        CD       CDp       CM     Top_Xtr  Bot_Xtr  Top_Itr  Bot_Itr
  ------ -------- --------- --------- -------- -------- -------- -------- --------
  -4.000   0.0621   0.01110   0.00337  -0.1124   0.6996   0.0314  20.7045  96.7796
  -3.000   0.1650   0.00991   0.00218  -0.1102   0.6735   0.0323  22.2551  96.9423
  -2.000   0.2671   0.00886   0.00129  -0.1077   0.6459   0.0333  23.9022  97.1253
  -1.000   0.3727   0.00828   0.00075  -0.1059   0.6185   0.0366  25.5567  97.6524
   0.000   0.4794   0.00805   0.00044  -0.1042   0.5945   0.0418  27.0127  98.4302
   1.000   0.5805   0.00711   0.00036  -0.1019   0.5674   0.3783  28.6671 121.1021
   2.000   0.6850   0.00706   0.00042  -0.1000   0.5384   0.5015  30.4382 128.3250
   5.000   1.0534   0.00824   0.00117  -0.1080   0.3462   1.0000  42.4771 160.0000
   6.000   1.1272   0.01030   0.00196  -0.1009   0.2004   1.0000  51.8530 160.0000
   7.000   1.1842   0.01314   0.00330  -0.0911   0.0617   1.0000  62.1344 160.0000
   8.000   1.2565   0.01474   0.00408  -0.0840   0.0533   1.0000  62.9877 160.0000
   9.000   1.3219   0.01613   0.00472  -0.0759   0.0492   1.0000  63.4473 160.0000
  10.000   1.3712   0.01862   0.00599  -0.0665   0.0443   1.0000  64.0227 160.0000
  11.000   1.4333   0.02083   0.00714  -0.0604   0.0411   1.0000  64.4529 160.0000
  12.000   1.4763   0.02473   0.00936  -0.0539   0.0369   1.0000  65.0459 160.0000
  13.000   1.5324   0.02822   0.01127  -0.0499   0.0328   1.0000  65.7304 160.0000
  14.000   1.5732   0.03335   0.01433  -0.0460   0.0278   1.0000  66.6990 160.0000
  15.000   1.5963   0.04057   0.01897  -0.0425   0.0221   1.0000  67.9819 160.0000
