  
       XFOIL         Version 6.99
  
 Calculated polar for: GOE 775 AIRFOIL                                 
  
 1 1 Reynolds number fixed          Mach number fixed         
  
 xtrf =   1.000 (top)        1.000 (bottom)  
 Mach =   0.000     Re =     1.000 e 6     Ncrit =   9.000  9.000
  
   alpha    CL        CD       CDp       CM     Top_Xtr  Bot_Xtr  Top_Itr  Bot_Itr
  ------ -------- --------- --------- -------- -------- -------- -------- --------
  -6.000  -0.6413   0.00958   0.00186  -0.0106   0.8600   0.2579   9.2006 122.8956
  -5.000  -0.5411   0.00899   0.00156  -0.0081   0.7951   0.2943  12.3306 124.9202
  -3.000  -0.3343   0.00840   0.00125  -0.0042   0.6703   0.3738  18.0564 129.0796
  -2.000  -0.2282   0.00813   0.00117  -0.0028   0.6233   0.4208  20.1411 131.3883
  -1.000  -0.1208   0.00798   0.00110  -0.0016   0.5733   0.4640  22.4165 133.4578
   0.000  -0.0134   0.00792   0.00107  -0.0003   0.5238   0.5115  24.7220 135.7076
   1.000   0.0940   0.00800   0.00109   0.0009   0.4752   0.5602  27.0149 137.9842
   2.000   0.2014   0.00810   0.00115   0.0022   0.4324   0.6095  29.0587 140.2431
   3.000   0.3081   0.00830   0.00123   0.0035   0.3862   0.6588  31.3105 142.4383
   4.000   0.4142   0.00856   0.00133   0.0049   0.3460   0.7072  33.3467 144.5762
   5.000   0.5169   0.00886   0.00149   0.0069   0.3059   0.7736  35.4598 147.6339
   6.000   0.6172   0.00938   0.00178   0.0095   0.2680   0.8471  37.5475 151.1858
   7.000   0.7160   0.01010   0.00208   0.0121   0.2349   0.8894  39.4447 153.2193
   8.000   0.8091   0.01094   0.00240   0.0158   0.2053   0.9224  41.2679 154.8866
   9.000   0.8889   0.01196   0.00275   0.0219   0.1764   0.9552  43.2351 156.7415
  10.000   0.9806   0.01350   0.00337   0.0245   0.1445   0.9800  45.7336 158.3705
  11.000   1.0940   0.01541   0.00426   0.0215   0.1223   0.9916  47.7209 159.2521
  12.000   1.2060   0.01757   0.00531   0.0179   0.1082   0.9997  49.1348 159.9779
  13.000   1.2244   0.01961   0.00579   0.0313   0.0997   1.0000  50.0728 160.0000
  14.000   1.2761   0.02266   0.00710   0.0366   0.0906   1.0000  51.1464 160.0000
  15.000   1.3241   0.02686   0.00916   0.0402   0.0817   1.0000  52.2986 160.0000
