  
       XFOIL         Version 6.99
  
 Calculated polar for: GOE 758 AIRFOIL                                 
  
 1 1 Reynolds number fixed          Mach number fixed         
  
 xtrf =   1.000 (top)        1.000 (bottom)  
 Mach =   0.000     Re =     1.000 e 6     Ncrit =   9.000  9.000
  
   alpha    CL        CD       CDp       CM     Top_Xtr  Bot_Xtr  Top_Itr  Bot_Itr
  ------ -------- --------- --------- -------- -------- -------- -------- --------
  -6.000  -0.1379   0.01831   0.00998  -0.1024   0.6299   0.0371  25.4222  98.2955
  -5.000  -0.0402   0.01350   0.00504  -0.0994   0.6120   0.0307  26.5084  97.2410
  -4.000   0.0639   0.01160   0.00332  -0.0978   0.5965   0.0310  27.4502  97.2958
  -3.000   0.1687   0.01033   0.00220  -0.0963   0.5807   0.0315  28.4131  97.3852
  -2.000   0.2754   0.00951   0.00146  -0.0951   0.5664   0.0332  29.2904  97.6743
  -1.000   0.3840   0.00902   0.00099  -0.0943   0.5517   0.0349  30.1982  97.9682
   0.000   0.4934   0.00869   0.00070  -0.0936   0.5359   0.0396  31.1791  98.6710
   1.000   0.5942   0.00740   0.00061  -0.0920   0.5188   0.4903  32.2614 128.1022
   2.000   0.6903   0.00670   0.00072  -0.0888   0.4990   0.8239  33.5229 148.1102
   3.000   0.8609   0.00687   0.00088  -0.1018   0.4724   1.0000  35.2397 160.0000
   4.000   0.9586   0.00732   0.00095  -0.0991   0.4407   1.0000  37.2994 160.0000
   5.000   1.0548   0.00791   0.00108  -0.0963   0.4061   1.0000  39.5441 160.0000
   6.000   1.1484   0.00861   0.00126  -0.0931   0.3726   1.0000  41.7156 160.0000
   7.000   1.2377   0.00950   0.00149  -0.0894   0.3361   1.0000  44.0678 160.0000
   8.000   1.3235   0.01045   0.00172  -0.0852   0.3028   1.0000  46.2290 160.0000
   9.000   1.3958   0.01164   0.00194  -0.0786   0.2635   1.0000  48.8269 160.0000
  10.000   1.4336   0.01396   0.00248  -0.0668   0.1890   1.0000  54.0088 160.0000
  11.000   1.4148   0.02027   0.00547  -0.0513   0.0686   1.0000  63.4626 160.0000
  12.000   1.4097   0.02844   0.01039  -0.0434   0.0181   1.0000  70.7664 160.0000
  13.000   1.4289   0.03615   0.01542  -0.0402   0.0148   1.0000  71.6699 160.0000
  14.000   1.4334   0.04621   0.02246  -0.0382   0.0130   1.0000  72.2219 160.0000
  15.000   1.4310   0.05757   0.03085  -0.0374   0.0117   1.0000  72.6695 160.0000
