  
       XFOIL         Version 6.99
  
 Calculated polar for: GOE 796 AIRFOIL                                 
  
 1 1 Reynolds number fixed          Mach number fixed         
  
 xtrf =   1.000 (top)        1.000 (bottom)  
 Mach =   0.000     Re =     0.500 e 6     Ncrit =   9.000  9.000
  
   alpha    CL        CD       CDp       CM     Top_Xtr  Bot_Xtr  Top_Itr  Bot_Itr
  ------ -------- --------- --------- -------- -------- -------- -------- --------
  -6.000  -0.2682   0.01228   0.00335  -0.0889   0.9112   0.0288   7.8609  95.2122
  -5.000  -0.1630   0.01097   0.00242  -0.0871   0.8773   0.0382  10.0884  96.6880
  -4.000  -0.0544   0.01011   0.00192  -0.0861   0.8384   0.0688  12.6696  99.8434
  -3.000   0.0564   0.00970   0.00169  -0.0856   0.7990   0.1009  15.2706 102.3666
  -2.000   0.1680   0.00942   0.00145  -0.0854   0.7648   0.1304  17.4936 104.2471
  -1.000   0.2794   0.00907   0.00127  -0.0853   0.7341   0.1817  19.4629 107.5686
   0.000   0.3840   0.00768   0.00124  -0.0845   0.7079   0.6155  21.1416 134.6753
   1.000   0.5418   0.00715   0.00148  -0.0934   0.6802   0.9993  22.9112 159.9198
   2.000   0.6465   0.00737   0.00139  -0.0919   0.6494   1.0000  24.8884 160.0000
   3.000   0.7481   0.00764   0.00133  -0.0897   0.6110   1.0000  27.3694 160.0000
   4.000   0.8475   0.00809   0.00131  -0.0872   0.5579   1.0000  30.8308 160.0000
   5.000   0.9405   0.00904   0.00143  -0.0836   0.4600   1.0000  37.2464 160.0000
   6.000   1.0289   0.01052   0.00188  -0.0797   0.3658   1.0000  43.3983 160.0000
   7.000   1.1209   0.01177   0.00234  -0.0765   0.3133   1.0000  46.7438 160.0000
   8.000   1.2068   0.01328   0.00280  -0.0726   0.2348   1.0000  51.9945 160.0000
   9.000   1.2728   0.01566   0.00379  -0.0656   0.1587   1.0000  57.3134 160.0000
  10.000   1.3365   0.01785   0.00475  -0.0585   0.1210   1.0000  59.9221 160.0000
  11.000   1.3919   0.02082   0.00614  -0.0514   0.0813   1.0000  63.0407 160.0000
  12.000   1.4366   0.02480   0.00828  -0.0443   0.0520   1.0000  65.7125 160.0000
  13.000   1.4588   0.03110   0.01204  -0.0370   0.0251   1.0000  69.3963 160.0000
  14.000   1.4701   0.03932   0.01758  -0.0315   0.0191   1.0000  70.6698 160.0000
  15.000   1.4668   0.05013   0.02546  -0.0283   0.0163   1.0000  71.3844 160.0000
