  
       XFOIL         Version 6.99
  
 Calculated polar for: GOE 804 (EA 8) AIRFOIL                          
  
 1 1 Reynolds number fixed          Mach number fixed         
  
 xtrf =   1.000 (top)        1.000 (bottom)  
 Mach =   0.000     Re =     1.000 e 6     Ncrit =   9.000  9.000
  
   alpha    CL        CD       CDp       CM     Top_Xtr  Bot_Xtr  Top_Itr  Bot_Itr
  ------ -------- --------- --------- -------- -------- -------- -------- --------
  -5.000   0.3501   0.01072   0.00475  -0.2215   0.9292   0.0088   7.6765  89.4155
  -4.000   0.4796   0.00796   0.00208  -0.2266   0.9212   0.0132   8.2202  90.8358
  -3.000   0.6036   0.00682   0.00123  -0.2297   0.9091   0.0444   9.0523  94.5193
  -2.000   0.7160   0.00660   0.00108  -0.2302   0.8981   0.0612   9.7965  95.9498
  -1.000   0.8305   0.00625   0.00073  -0.2311   0.8828   0.0745  10.8528  96.9986
   0.000   0.9403   0.00602   0.00051  -0.2309   0.8615   0.1241  12.3343 100.4719
   1.000   1.0578   0.00502   0.00076  -0.2334   0.8377   0.8335  13.9979 147.0275
   2.000   1.1480   0.00517   0.00067  -0.2283   0.7779   0.9379  18.0893 154.0658
   3.000   1.2181   0.00669   0.00085  -0.2193   0.6107   1.0000  29.1782 160.0000
   4.000   1.2684   0.01062   0.00209  -0.2077   0.2471   1.0000  53.1283 160.0000
   5.000   1.3386   0.01360   0.00318  -0.2004   0.0572   1.0000  66.2989 160.0000
   6.000   1.4110   0.01644   0.00427  -0.1931   0.0081   1.0000  73.2455 160.0000
   7.000   1.4810   0.01946   0.00557  -0.1856   0.0055   1.0000  74.5745 160.0000
   8.000   1.5374   0.02392   0.00777  -0.1760   0.0042   1.0000  75.3552 160.0000
   9.000   1.5942   0.02954   0.01072  -0.1675   0.0035   1.0000  75.8767 160.0000
