  
       XFOIL         Version 6.99
  
 Calculated polar for: GOE 803 (HACKLINGER) AIRFOIL                    
  
 1 1 Reynolds number fixed          Mach number fixed         
  
 xtrf =   1.000 (top)        1.000 (bottom)  
 Mach =   0.000     Re =     1.000 e 6     Ncrit =   9.000  9.000
  
   alpha    CL        CD       CDp       CM     Top_Xtr  Bot_Xtr  Top_Itr  Bot_Itr
  ------ -------- --------- --------- -------- -------- -------- -------- --------
   0.000   0.7572   0.00847   0.00154  -0.1611   0.6064   0.0281  27.7365  94.0477
   1.000   0.8694   0.00822   0.00099  -0.1606   0.5347   0.0343  32.2971  95.1583
   2.000   0.9778   0.00880   0.00105  -0.1595   0.4361   0.0489  38.5544  97.1812
   3.000   1.0817   0.00995   0.00137  -0.1581   0.2982   0.0615  47.4108  98.4751
   4.000   1.1885   0.01062   0.00161  -0.1569   0.2503   0.0763  50.4064  99.7280
   6.000   1.3982   0.01097   0.00257  -0.1545   0.2075   1.0000  53.0792 160.0000
   7.000   1.5002   0.01191   0.00293  -0.1527   0.1779   1.0000  55.0701 160.0000
   8.000   1.5794   0.01523   0.00465  -0.1476   0.0502   1.0000  65.4054 160.0000
   9.000   1.6685   0.01703   0.00569  -0.1440   0.0400   1.0000  66.5047 160.0000
  10.000   1.7520   0.01899   0.00683  -0.1395   0.0352   1.0000  67.0308 160.0000
  11.000   1.8293   0.02095   0.00797  -0.1343   0.0321   1.0000  67.4149 160.0000
  12.000   1.8865   0.02345   0.00931  -0.1260   0.0267   1.0000  68.1080 160.0000
  13.000   1.9243   0.02697   0.01108  -0.1160   0.0123   1.0000  71.2434 160.0000
  14.000   1.9346   0.03382   0.01546  -0.1061   0.0077   1.0000  73.0162 160.0000
  15.000   1.9368   0.04312   0.02192  -0.1000   0.0070   1.0000  73.3977 160.0000
