  
       XFOIL         Version 6.99
  
 Calculated polar for: GOE 92 AIRFOIL                                  
  
 1 1 Reynolds number fixed          Mach number fixed         
  
 xtrf =   1.000 (top)        1.000 (bottom)  
 Mach =   0.000     Re =     0.500 e 6     Ncrit =   9.000  9.000
  
   alpha    CL        CD       CDp       CM     Top_Xtr  Bot_Xtr  Top_Itr  Bot_Itr
  ------ -------- --------- --------- -------- -------- -------- -------- --------
   1.000   0.6431   0.01176   0.00209  -0.0887   0.3984   0.0517  44.1195  94.0181
   2.000   0.7500   0.01122   0.00167  -0.0880   0.3629   0.0457  46.5497  93.5482
   3.000   0.8572   0.01157   0.00165  -0.0875   0.3412   0.0565  48.0270  94.3434
   4.000   0.9619   0.01053   0.00212  -0.0871   0.3265   1.0000  49.0306 160.0000
   5.000   1.0677   0.01127   0.00244  -0.0866   0.3136   1.0000  49.9062 160.0000
   6.000   1.1724   0.01187   0.00249  -0.0862   0.2823   1.0000  52.0312 160.0000
   7.000   1.2491   0.01559   0.00395  -0.0824   0.0633   1.0000  68.4118 160.0000
   8.000   1.3258   0.01898   0.00542  -0.0776   0.0122   1.0000  74.2400 160.0000
   9.000   1.3736   0.02364   0.00797  -0.0693   0.0094   1.0000  74.8076 160.0000
  10.000   1.3678   0.03146   0.01282  -0.0578   0.0092   1.0000  74.8572 160.0000
  11.000   1.3436   0.04363   0.02084  -0.0508   0.0087   1.0000  74.9564 160.0000
