  
       XFOIL         Version 6.99
  
 Calculated polar for: Griffith 30% Suction Airfoil                    
  
 1 1 Reynolds number fixed          Mach number fixed         
  
 xtrf =   1.000 (top)        1.000 (bottom)  
 Mach =   0.000     Re =     1.000 e 6     Ncrit =   9.000  9.000
  
   alpha    CL        CD       CDp       CM     Top_Xtr  Bot_Xtr  Top_Itr  Bot_Itr
  ------ -------- --------- --------- -------- -------- -------- -------- --------
  -6.000  -0.5397   0.03490   0.00994  -0.0068   0.7385   0.6537  25.8320 129.0994
  -5.000  -0.4812   0.03561   0.01121   0.0001   0.7295   0.6714  26.6214 130.1337
  -4.000  -0.3897   0.03513   0.01120   0.0008   0.7272   0.6854  26.8187 131.0209
  -3.000  -0.2540   0.03605   0.01216  -0.0061   0.7260   0.6884  26.9182 131.2288
  -2.000  -0.1778   0.03761   0.01380  -0.0025   0.7159   0.6931  27.7503 131.5501
   0.000   0.0474   0.03694   0.01337  -0.0082   0.7132   0.7035  27.9704 132.2940
   2.000   0.2129   0.03627   0.01271  -0.0036   0.7004   0.7155  28.9423 133.2201
   3.000   0.2540   0.03605   0.01220   0.0061   0.6884   0.7260  29.7702 134.0823
   4.000   0.3897   0.03513   0.01125  -0.0008   0.6854   0.7272  29.9784 134.1824
   5.000   0.4811   0.03560   0.01127  -0.0001   0.6714   0.7295  30.8652 134.3813
   6.000   0.5397   0.03490   0.01001   0.0068   0.6538   0.7385  31.8988 135.1693
   7.000   0.6062   0.03631   0.01046   0.0118   0.6265   0.7408  33.3714 135.3752
   8.000   0.6113   0.03740   0.01023   0.0282   0.5765   0.7498  35.8514 136.2073
   9.000   0.5349   0.04243   0.01268   0.0554   0.4330   0.7593  42.1161 137.1223
  10.000   0.5442   0.04687   0.01525   0.0673   0.3259   0.7610  46.3996 137.2991
  11.000   0.5701   0.04992   0.01639   0.0750   0.2626   0.7689  49.0677 138.1286
  12.000   0.6274   0.05239   0.01726   0.0792   0.2403   0.7705  50.0421 138.3088
  14.000   0.7724   0.05803   0.01759   0.0748   0.1960   0.7846  52.1573 140.0090
  15.000   0.8149   0.05936   0.01771   0.0806   0.1732   0.7851  53.4116 140.0715
