  
       XFOIL         Version 6.99
  
 Calculated polar for: SIKORSKY GS-1 AIRFOIL                           
  
 1 1 Reynolds number fixed          Mach number fixed         
  
 xtrf =   1.000 (top)        1.000 (bottom)  
 Mach =   0.000     Re =     1.000 e 6     Ncrit =   9.000  9.000
  
   alpha    CL        CD       CDp       CM     Top_Xtr  Bot_Xtr  Top_Itr  Bot_Itr
  ------ -------- --------- --------- -------- -------- -------- -------- --------
  -6.000  -0.1820   0.00911   0.00168  -0.1117   0.7945   0.0621  14.1991 103.8619
  -5.000  -0.0745   0.00852   0.00121  -0.1103   0.7511   0.0812  16.6467 105.9660
  -4.000   0.0334   0.00810   0.00089  -0.1090   0.7038   0.1118  19.3501 108.4861
  -3.000   0.1420   0.00791   0.00071  -0.1077   0.6593   0.1423  21.8980 110.5733
  -1.000   0.3613   0.00755   0.00052  -0.1058   0.5923   0.2434  25.6886 116.7027
   0.000   0.4711   0.00749   0.00053  -0.1049   0.5630   0.3128  27.3528 120.5538
   1.000   0.5800   0.00756   0.00057  -0.1038   0.5325   0.3734  29.0973 123.8506
   2.000   0.6876   0.00764   0.00063  -0.1025   0.5009   0.4544  30.9281 128.2731
   3.000   0.7906   0.00739   0.00077  -0.1005   0.4712   0.6912  32.6702 141.2882
   4.000   0.9140   0.00731   0.00100  -0.1025   0.4415   1.0000  34.4135 160.0000
   5.000   1.0133   0.00790   0.00111  -0.0997   0.4057   1.0000  36.5320 160.0000
   6.000   1.1099   0.00862   0.00126  -0.0966   0.3664   1.0000  38.8803 160.0000
   7.000   1.2022   0.00949   0.00146  -0.0928   0.3210   1.0000  41.6570 160.0000
   8.000   1.2844   0.01067   0.00176  -0.0874   0.2686   1.0000  44.9220 160.0000
   9.000   1.3390   0.01247   0.00220  -0.0772   0.1944   1.0000  49.7101 160.0000
  10.000   1.3505   0.01632   0.00371  -0.0618   0.0824   1.0000  58.1486 160.0000
  11.000   1.3942   0.01925   0.00502  -0.0529   0.0611   1.0000  60.3263 160.0000
  12.000   1.4370   0.02276   0.00676  -0.0457   0.0517   1.0000  61.5248 160.0000
  13.000   1.4743   0.02729   0.00928  -0.0396   0.0456   1.0000  62.4092 160.0000
  14.000   1.5013   0.03339   0.01298  -0.0348   0.0410   1.0000  63.1606 160.0000
  15.000   1.5218   0.04098   0.01791  -0.0317   0.0373   1.0000  63.8291 160.0000
