  
       XFOIL         Version 6.99
  
 Calculated polar for: GW 25                                           
  
 1 1 Reynolds number fixed          Mach number fixed         
  
 xtrf =   1.000 (top)        1.000 (bottom)  
 Mach =   0.000     Re =     1.000 e 6     Ncrit =   9.000  9.000
  
   alpha    CL        CD       CDp       CM     Top_Xtr  Bot_Xtr  Top_Itr  Bot_Itr
  ------ -------- --------- --------- -------- -------- -------- -------- --------
  -6.000   0.1693   0.01111   0.00283  -0.1867   0.7311   0.0118  19.8801  90.5723
  -5.000   0.2951   0.00976   0.00192  -0.1910   0.7227   0.0161  20.4579  91.8099
  -4.000   0.4200   0.00885   0.00136  -0.1949   0.7138   0.0403  21.0640  95.7999
  -2.000   0.6699   0.00711   0.00102  -0.2033   0.6953   0.4350  22.3304 122.1453
  -1.000   0.7898   0.00709   0.00109  -0.2057   0.6849   0.5223  23.0406 127.6710
   0.000   0.9084   0.00717   0.00118  -0.2078   0.6741   0.5697  23.7866 130.6578
   1.000   1.0257   0.00734   0.00128  -0.2097   0.6620   0.6025  24.6125 132.7176
   2.000   1.1417   0.00758   0.00137  -0.2114   0.6489   0.6286  25.5135 134.3561
   3.000   1.2561   0.00788   0.00145  -0.2130   0.6340   0.6497  26.5297 135.6877
   4.000   1.3683   0.00824   0.00150  -0.2141   0.6168   0.6673  27.7112 136.8076
   5.000   1.4774   0.00870   0.00155  -0.2148   0.5955   0.6829  29.1662 137.8200
   6.000   1.5813   0.00934   0.00162  -0.2147   0.5685   0.6977  31.0016 138.7900
   7.000   1.6779   0.01019   0.00174  -0.2132   0.5322   0.7119  33.4574 139.7377
   8.000   1.7415   0.01199   0.00210  -0.2060   0.4700   0.7257  37.6490 140.6751
   9.000   1.7672   0.01623   0.00374  -0.1944   0.3876   0.7399  43.1787 141.6435
  10.000   1.7643   0.02339   0.00718  -0.1812   0.2882   0.7546  49.8833 142.6443
  11.000   1.7462   0.03243   0.01209  -0.1681   0.1900   0.7707  56.6857 143.7457
  12.000   1.7378   0.04190   0.01772  -0.1581   0.1154   0.7957  62.1780 145.4361
  13.000   1.7348   0.05137   0.02382  -0.1498   0.0645   1.0000  66.3824 160.0000
  14.000   1.7382   0.06135   0.03028  -0.1436   0.0351   1.0000  69.4284 160.0000
  15.000   1.7433   0.07170   0.03724  -0.1387   0.0199   1.0000  71.7420 160.0000
