  
       XFOIL         Version 6.99
  
 Calculated polar for: GW 27                                           
  
 1 1 Reynolds number fixed          Mach number fixed         
  
 xtrf =   1.000 (top)        1.000 (bottom)  
 Mach =   0.000     Re =     1.000 e 6     Ncrit =   9.000  9.000
  
   alpha    CL        CD       CDp       CM     Top_Xtr  Bot_Xtr  Top_Itr  Bot_Itr
  ------ -------- --------- --------- -------- -------- -------- -------- --------
  -6.000   0.1261   0.01058   0.00266  -0.1792   0.7730   0.0102  16.6464  90.2166
  -5.000   0.2500   0.00931   0.00177  -0.1826   0.7591   0.0145  17.5552  91.6796
  -4.000   0.3736   0.00834   0.00117  -0.1857   0.7445   0.0331  18.5143  95.7707
  -3.000   0.4980   0.00726   0.00077  -0.1894   0.7291   0.1937  19.5288 108.0974
  -2.000   0.6195   0.00673   0.00070  -0.1921   0.7121   0.3594  20.6486 118.3772
  -1.000   0.7383   0.00665   0.00076  -0.1939   0.6935   0.4614  21.8687 124.6024
   0.000   0.8557   0.00674   0.00082  -0.1953   0.6734   0.5167  23.1878 127.9356
   1.000   0.9718   0.00691   0.00091  -0.1966   0.6508   0.5619  24.6756 130.6627
   2.000   1.0863   0.00719   0.00102  -0.1976   0.6258   0.6026  26.3169 133.1326
   3.000   1.1984   0.00758   0.00117  -0.1982   0.5966   0.6425  28.2304 135.5771
   4.000   1.3079   0.00811   0.00135  -0.1984   0.5617   0.6771  30.5095 137.7133
   5.000   1.4131   0.00885   0.00157  -0.1979   0.5207   0.7063  33.1840 139.5494
   6.000   1.5131   0.00980   0.00185  -0.1966   0.4737   0.7320  36.2399 141.2423
   7.000   1.6033   0.01112   0.00225  -0.1937   0.4165   0.7575  39.9616 142.9629
   9.000   1.7244   0.01531   0.00388  -0.1783   0.2829   1.0000  48.7644 160.0000
  10.000   1.7553   0.01994   0.00596  -0.1681   0.2007   1.0000  54.3761 160.0000
  11.000   1.7730   0.02606   0.00910  -0.1578   0.1284   1.0000  59.6009 160.0000
  12.000   1.7838   0.03327   0.01316  -0.1482   0.0774   1.0000  63.7222 160.0000
  13.000   1.7932   0.04146   0.01812  -0.1403   0.0461   1.0000  66.8238 160.0000
  14.000   1.8030   0.05045   0.02385  -0.1341   0.0288   1.0000  69.2026 160.0000
  15.000   1.8037   0.06115   0.03109  -0.1289   0.0169   1.0000  71.6536 160.0000
