  
       XFOIL         Version 6.99
  
 Calculated polar for: GW 30                                           
  
 1 1 Reynolds number fixed          Mach number fixed         
  
 xtrf =   1.000 (top)        1.000 (bottom)  
 Mach =   0.000     Re =     0.500 e 6     Ncrit =   9.000  9.000
  
   alpha    CL        CD       CDp       CM     Top_Xtr  Bot_Xtr  Top_Itr  Bot_Itr
  ------ -------- --------- --------- -------- -------- -------- -------- --------
  -6.000  -0.0067   0.01403   0.00465  -0.1519   0.8385   0.0174  12.4684  91.8105
  -5.000   0.1132   0.01148   0.00281  -0.1547   0.8200   0.0218  13.6665  92.8392
  -4.000   0.2359   0.00938   0.00165  -0.1580   0.8016   0.1282  14.8649 102.7952
  -3.000   0.3549   0.00859   0.00151  -0.1601   0.7824   0.2919  16.1182 113.4892
  -2.000   0.4725   0.00834   0.00149  -0.1613   0.7614   0.3828  17.4923 119.2244
  -1.000   0.5892   0.00825   0.00147  -0.1622   0.7399   0.4577  18.9075 123.8967
   0.000   0.7051   0.00821   0.00152  -0.1630   0.7157   0.5271  20.5056 128.2459
   1.000   0.8198   0.00827   0.00156  -0.1636   0.6897   0.6001  22.2175 132.8494
   2.000   0.9328   0.00839   0.00165  -0.1639   0.6601   0.6836  24.1779 138.1719
   3.000   1.0420   0.00849   0.00177  -0.1634   0.6255   0.8006  26.4645 145.7313
   4.000   1.1437   0.00868   0.00174  -0.1612   0.5866   1.0000  29.0357 160.0000
   5.000   1.2509   0.00943   0.00188  -0.1608   0.5395   1.0000  32.1386 160.0000
   6.000   1.3518   0.01048   0.00212  -0.1593   0.4814   1.0000  35.9688 160.0000
   7.000   1.4453   0.01190   0.00253  -0.1566   0.4112   1.0000  40.6045 160.0000
   8.000   1.5243   0.01400   0.00325  -0.1517   0.3238   1.0000  46.4094 160.0000
   9.000   1.5746   0.01714   0.00451  -0.1424   0.2249   1.0000  53.1192 160.0000
  10.000   1.6066   0.02163   0.00673  -0.1320   0.1377   1.0000  59.3157 160.0000
  11.000   1.6302   0.02748   0.01004  -0.1226   0.0777   1.0000  64.0234 160.0000
  12.000   1.6495   0.03440   0.01430  -0.1147   0.0449   1.0000  67.1553 160.0000
  13.000   1.6584   0.04295   0.01994  -0.1078   0.0278   1.0000  69.4231 160.0000
  14.000   1.6534   0.05404   0.02782  -0.1024   0.0198   1.0000  70.9018 160.0000
  15.000   1.6420   0.06722   0.03782  -0.0993   0.0156   1.0000  71.8989 160.0000
