  
       XFOIL         Version 6.99
  
 Calculated polar for: HOBIESMO1.DAT                                   
  
 1 1 Reynolds number fixed          Mach number fixed         
  
 xtrf =   1.000 (top)        1.000 (bottom)  
 Mach =   0.000     Re =     0.500 e 6     Ncrit =   9.000  9.000
  
   alpha    CL        CD       CDp       CM     Top_Xtr  Bot_Xtr  Top_Itr  Bot_Itr
  ------ -------- --------- --------- -------- -------- -------- -------- --------
  -6.000  -0.2070   0.01328   0.00476  -0.1039   0.9542   0.0250   4.9029  89.5665
  -5.000  -0.0868   0.01035   0.00227  -0.1057   0.9231   0.0315   7.1510  90.2325
  -4.000   0.0224   0.00868   0.00115  -0.1047   0.8862   0.0869   9.7861  94.7489
  -3.000   0.1311   0.00826   0.00096  -0.1037   0.8510   0.1369  12.2864  98.3767
  -2.000   0.2392   0.00780   0.00079  -0.1027   0.8156   0.2138  14.8125 103.8533
  -1.000   0.3473   0.00742   0.00072  -0.1017   0.7776   0.3333  17.5195 112.2876
   0.000   0.4540   0.00701   0.00069  -0.1005   0.7351   0.5064  20.5604 124.5438
   1.000   0.5676   0.00613   0.00065  -0.1004   0.6860   1.0000  24.0825 160.0000
   2.000   0.6735   0.00657   0.00064  -0.0989   0.6292   1.0000  28.1530 160.0000
   3.000   0.7784   0.00715   0.00073  -0.0974   0.5706   1.0000  32.3436 160.0000
   4.000   0.8797   0.00796   0.00087  -0.0953   0.4895   1.0000  38.1271 160.0000
   5.000   0.9654   0.01021   0.00137  -0.0910   0.2561   1.0000  54.8997 160.0000
   6.000   1.0322   0.01490   0.00359  -0.0838   0.0182   1.0000  73.6467 160.0000
   7.000   1.0991   0.01900   0.00586  -0.0762   0.0136   1.0000  74.3249 160.0000
   8.000   1.1644   0.02331   0.00835  -0.0693   0.0106   1.0000  74.8520 160.0000
   9.000   1.2518   0.03316   0.01430  -0.0652   0.0111   1.0000  74.7537 160.0000
