  
       XFOIL         Version 6.99
  
 Calculated polar for: HOBIESMO1.DAT                                   
  
 1 1 Reynolds number fixed          Mach number fixed         
  
 xtrf =   1.000 (top)        1.000 (bottom)  
 Mach =   0.000     Re =     1.000 e 6     Ncrit =   9.000  9.000
  
   alpha    CL        CD       CDp       CM     Top_Xtr  Bot_Xtr  Top_Itr  Bot_Itr
  ------ -------- --------- --------- -------- -------- -------- -------- --------
  -6.000  -0.1975   0.00995   0.00276  -0.1046   0.9016   0.0183   8.6847  88.7747
  -5.000  -0.0913   0.00842   0.00140  -0.1034   0.8630   0.0232  11.4344  89.3638
  -4.000   0.0176   0.00758   0.00067  -0.1024   0.8294   0.0283  13.8250  89.9282
  -3.000   0.1266   0.00682   0.00033  -0.1018   0.7969   0.1092  16.1456  96.3841
  -2.000   0.2366   0.00651   0.00019  -0.1012   0.7617   0.1592  18.6573  99.9681
  -1.000   0.3459   0.00619   0.00014  -0.1006   0.7219   0.2647  21.5051 107.4516
   0.000   0.4547   0.00608   0.00013  -0.0999   0.6741   0.3683  24.9359 114.7701
   1.000   0.5608   0.00575   0.00022  -0.0988   0.6185   0.6216  28.9173 132.6864
   2.000   0.6738   0.00539   0.00033  -0.0990   0.5610   1.0000  33.0242 160.0000
   3.000   0.7797   0.00596   0.00043  -0.0978   0.4961   1.0000  37.6604 160.0000
   4.000   0.8815   0.00692   0.00064  -0.0960   0.3908   1.0000  45.1885 160.0000
   5.000   0.9556   0.01080   0.00216  -0.0903   0.0297   1.0000  72.3829 160.0000
   6.000   1.0506   0.01247   0.00296  -0.0873   0.0115   1.0000  74.6833 160.0000
   7.000   1.1368   0.01478   0.00423  -0.0829   0.0079   1.0000  75.4689 160.0000
   8.000   1.2035   0.01841   0.00631  -0.0758   0.0062   1.0000  75.9231 160.0000
   9.000   1.2577   0.02375   0.00957  -0.0670   0.0054   1.0000  76.2050 160.0000
  10.000   1.3115   0.02976   0.01370  -0.0591   0.0047   1.0000  76.4805 160.0000
  11.000   1.3190   0.04324   0.02374  -0.0471   0.0049   1.0000  76.4092 160.0000
  12.000   1.2503   0.05925   0.03708  -0.0364   0.0052   1.0000  76.2527 160.0000
