  
       XFOIL         Version 6.99
  
 Calculated polar for: ONERA HOR12 AIRFOIL                             
  
 1 1 Reynolds number fixed          Mach number fixed         
  
 xtrf =   1.000 (top)        1.000 (bottom)  
 Mach =   0.000     Re =     0.500 e 6     Ncrit =   9.000  9.000
  
   alpha    CL        CD       CDp       CM     Top_Xtr  Bot_Xtr  Top_Itr  Bot_Itr
  ------ -------- --------- --------- -------- -------- -------- -------- --------
  -6.000  -0.2236   0.01147   0.00327  -0.1055   0.9108   0.0544   7.6997  98.6905
  -5.000  -0.1109   0.01045   0.00246  -0.1049   0.8341   0.0861  12.4725 101.6375
  -4.000   0.0060   0.01006   0.00212  -0.1052   0.7732   0.1235  16.2285 104.3719
  -3.000   0.1246   0.00977   0.00186  -0.1060   0.7247   0.1611  19.1983 106.8724
  -2.000   0.2438   0.00953   0.00172  -0.1069   0.6822   0.2151  21.8108 110.3191
  -1.000   0.3629   0.00936   0.00164  -0.1078   0.6413   0.2807  24.3353 114.3537
   0.000   0.4816   0.00927   0.00170  -0.1087   0.6002   0.3871  26.8862 120.9638
   1.000   0.5995   0.00939   0.00182  -0.1093   0.5588   0.4762  29.4663 126.4303
   2.000   0.7166   0.00961   0.00190  -0.1099   0.5181   0.5443  32.0088 130.6805
   3.000   0.8274   0.00917   0.00212  -0.1091   0.4767   0.8623  34.6047 150.3338
   4.000   0.9400   0.00958   0.00212  -0.1086   0.4351   0.9995  37.2214 160.0000
   5.000   1.0544   0.01035   0.00235  -0.1089   0.3926   0.9995  39.9107 160.0000
   6.000   1.1667   0.01125   0.00262  -0.1089   0.3403   0.9995  43.2400 160.0000
   7.000   1.2762   0.01239   0.00305  -0.1086   0.2868   0.9995  46.6923 160.0000
   8.000   1.3803   0.01403   0.00374  -0.1078   0.2194   0.9995  51.1272 160.0000
   9.000   1.4712   0.01696   0.00519  -0.1054   0.1180   0.9995  58.1705 160.0000
  10.000   1.5447   0.02095   0.00752  -0.1005   0.0533   0.9995  63.6198 160.0000
  11.000   1.6086   0.02438   0.00964  -0.0941   0.0438   0.9995  64.7106 160.0000
  12.000   1.6398   0.02893   0.01262  -0.0843   0.0386   0.9995  65.4007 160.0000
  13.000   1.6495   0.03732   0.01858  -0.0783   0.0343   0.9995  66.0186 160.0000
  14.000   1.6642   0.04712   0.02594  -0.0764   0.0310   0.9995  66.5727 160.0000
  15.000   1.6360   0.06293   0.03838  -0.0765   0.0282   0.9995  67.0551 160.0000
