  
       XFOIL         Version 6.99
  
 Calculated polar for: HQ 0/10 AIRFOIL                                 
  
 1 1 Reynolds number fixed          Mach number fixed         
  
 xtrf =   1.000 (top)        1.000 (bottom)  
 Mach =   0.000     Re =     0.500 e 6     Ncrit =   9.000  9.000
  
   alpha    CL        CD       CDp       CM     Top_Xtr  Bot_Xtr  Top_Itr  Bot_Itr
  ------ -------- --------- --------- -------- -------- -------- -------- --------
  -6.000  -0.6598   0.01225   0.00269  -0.0003   1.0000   0.0362   1.0000  89.4657
  -5.000  -0.5601   0.01033   0.00162   0.0008   0.9922   0.0763   1.8741  92.6924
  -4.000  -0.4207   0.00809   0.00087  -0.0069   0.9532   0.2934   4.8439 108.5980
  -3.000  -0.3224   0.00660   0.00067  -0.0044   0.8877   0.5676   9.5617 128.3878
  -2.000  -0.2186   0.00647   0.00079  -0.0020   0.8406   0.6763  12.9639 136.2270
  -1.000  -0.1096   0.00644   0.00085  -0.0010   0.8037   0.7276  15.6230 139.9108
   0.000  -0.0000   0.00642   0.00085   0.0000   0.7669   0.7669  18.2684 142.7321
   1.000   0.1096   0.00644   0.00085   0.0010   0.7276   0.8037  21.0893 145.3757
   2.000   0.2186   0.00647   0.00079   0.0020   0.6763   0.8406  24.7730 148.0361
   3.000   0.3224   0.00660   0.00067   0.0044   0.5676   0.8877  32.6122 151.4383
   4.000   0.4207   0.00809   0.00087   0.0069   0.2934   0.9532  52.4022 156.1564
   5.000   0.5601   0.01033   0.00162  -0.0008   0.0763   0.9922  68.3083 159.1272
   6.000   0.6598   0.01225   0.00269   0.0003   0.0362   1.0000  71.5343 160.0000
   7.000   0.7472   0.01476   0.00435   0.0042   0.0276   1.0000  72.3377 160.0000
   8.000   0.8391   0.01683   0.00565   0.0067   0.0197   1.0000  73.1986 160.0000
   9.000   0.9344   0.01821   0.00618   0.0085   0.0110   1.0000  74.5465 160.0000
  10.000   1.0111   0.02186   0.00815   0.0126   0.0063   1.0000  75.7285 160.0000
  11.000   1.0378   0.03011   0.01420   0.0214   0.0054   1.0000  76.0139 160.0000
  12.000   1.0049   0.04013   0.02248   0.0311   0.0053   1.0000  76.0421 160.0000
  13.000   0.9325   0.06093   0.04176   0.0233   0.0054   1.0000  76.0196 160.0000
  14.000   0.8639   0.09478   0.07614   0.0009   0.0056   1.0000  75.9512 160.0000
