  
       XFOIL         Version 6.99
  
 Calculated polar for: HQ 1.0/8 AIRFOIL                                
  
 1 1 Reynolds number fixed          Mach number fixed         
  
 xtrf =   1.000 (top)        1.000 (bottom)  
 Mach =   0.000     Re =     0.500 e 6     Ncrit =   9.000  9.000
  
   alpha    CL        CD       CDp       CM     Top_Xtr  Bot_Xtr  Top_Itr  Bot_Itr
  ------ -------- --------- --------- -------- -------- -------- -------- --------
  -4.000  -0.3215   0.01023   0.00147  -0.0281   0.9854   0.0203   2.7106  86.5097
  -3.000  -0.1838   0.00737   0.00052  -0.0350   0.9657   0.2967   4.2980 107.3587
  -2.000  -0.0701   0.00586   0.00054  -0.0357   0.9271   0.6682   7.1826 134.7472
  -1.000   0.0335   0.00570   0.00064  -0.0329   0.8806   0.7694  10.6324 142.1942
   0.000   0.1367   0.00563   0.00062  -0.0302   0.8302   0.8361  14.3590 147.1146
   1.000   0.2395   0.00550   0.00053  -0.0275   0.7808   0.9067  18.0061 152.3377
   2.000   0.3797   0.00555   0.00036  -0.0333   0.7169   0.9974  22.7249 159.6378
   3.000   0.4806   0.00612   0.00025  -0.0312   0.5936   1.0000  31.8358 160.0000
   4.000   0.5742   0.00809   0.00055  -0.0285   0.2912   1.0000  54.1909 160.0000
   5.000   0.6704   0.01034   0.00123  -0.0268   0.0799   1.0000  70.0135 160.0000
   6.000   0.7633   0.01368   0.00249  -0.0236   0.0095   1.0000  76.2888 160.0000
   7.000   0.8486   0.01962   0.00592  -0.0187   0.0083   1.0000  76.5046 160.0000
   8.000   0.9261   0.02831   0.01255  -0.0137   0.0074   1.0000  76.6656 160.0000
