  
       XFOIL         Version 6.99
  
 Calculated polar for: HQ 1.0/8 AIRFOIL                                
  
 1 1 Reynolds number fixed          Mach number fixed         
  
 xtrf =   1.000 (top)        1.000 (bottom)  
 Mach =   0.000     Re =     1.000 e 6     Ncrit =   9.000  9.000
  
   alpha    CL        CD       CDp       CM     Top_Xtr  Bot_Xtr  Top_Itr  Bot_Itr
  ------ -------- --------- --------- -------- -------- -------- -------- --------
  -6.000  -0.5471   0.01505   0.00568  -0.0255   0.9999   0.0050   1.0166  84.2515
  -5.000  -0.4144   0.01104   0.00256  -0.0310   0.9874   0.0069   2.5215  84.7242
  -4.000  -0.2855   0.00799   0.00073  -0.0348   0.9615   0.0142   4.6161  85.8649
  -3.000  -0.1780   0.00676   0.00025  -0.0339   0.9093   0.1173   8.5064  94.0903
  -2.000  -0.0776   0.00497  -0.00006  -0.0325   0.8604   0.5310  12.1254 124.6392
  -1.000   0.0299   0.00463  -0.00002  -0.0314   0.8122   0.6779  15.6845 135.4615
   0.000   0.1388   0.00457   0.00002  -0.0306   0.7629   0.7565  19.3285 141.2442
   1.000   0.2477   0.00459   0.00004  -0.0297   0.7126   0.8192  23.0430 145.8653
   2.000   0.3538   0.00471   0.00002  -0.0283   0.6270   0.8830  29.3694 150.5827
   3.000   0.4747   0.00569   0.00011  -0.0308   0.3956   1.0000  46.4733 160.0000
   4.000   0.5746   0.00726   0.00049  -0.0293   0.1852   1.0000  62.0384 160.0000
   5.000   0.6748   0.00900   0.00107  -0.0280   0.0387   1.0000  73.2969 160.0000
   6.000   0.7732   0.01141   0.00192  -0.0256   0.0050   1.0000  77.2174 160.0000
   7.000   0.8649   0.01499   0.00393  -0.0222   0.0043   1.0000  77.4683 160.0000
   8.000   0.9496   0.02036   0.00766  -0.0182   0.0037   1.0000  77.6467 160.0000
   9.000   1.0025   0.03038   0.01545  -0.0118   0.0029   1.0000  77.9430 160.0000
