  
       XFOIL         Version 6.99
  
 Calculated polar for: HQ 1.0/10 AIRFOIL                               
  
 1 1 Reynolds number fixed          Mach number fixed         
  
 xtrf =   1.000 (top)        1.000 (bottom)  
 Mach =   0.000     Re =     1.000 e 6     Ncrit =   9.000  9.000
  
   alpha    CL        CD       CDp       CM     Top_Xtr  Bot_Xtr  Top_Itr  Bot_Itr
  ------ -------- --------- --------- -------- -------- -------- -------- --------
  -6.000  -0.5044   0.00963   0.00173  -0.0348   0.9618   0.0152   4.4789  87.6279
  -5.000  -0.3964   0.00854   0.00117  -0.0342   0.9067   0.0412   8.4487  90.4109
  -4.000  -0.2914   0.00772   0.00073  -0.0329   0.8649   0.0911  11.4394  94.2585
  -3.000  -0.1877   0.00641   0.00031  -0.0320   0.8295   0.2937  13.9729 108.8598
  -2.000  -0.0822   0.00529   0.00014  -0.0312   0.7950   0.5544  16.4348 127.4743
  -1.000   0.0277   0.00508   0.00016  -0.0306   0.7556   0.6580  19.2404 134.8476
   0.000   0.1391   0.00507   0.00018  -0.0302   0.7148   0.7089  22.1552 138.4579
   1.000   0.2505   0.00513   0.00021  -0.0300   0.6733   0.7519  25.1208 141.5084
   2.000   0.3608   0.00530   0.00022  -0.0295   0.6100   0.7902  29.6456 144.2359
   3.000   0.4667   0.00588   0.00029  -0.0284   0.4791   0.8309  39.0318 147.1416
   4.000   0.5643   0.00705   0.00065  -0.0260   0.2789   0.8942  53.3642 151.6670
   5.000   0.6880   0.00808   0.00102  -0.0294   0.1658   1.0000  61.5107 160.0000
   6.000   0.7850   0.00966   0.00164  -0.0274   0.0662   1.0000  69.0295 160.0000
   7.000   0.8838   0.01106   0.00229  -0.0256   0.0275   1.0000  72.3908 160.0000
   8.000   0.9767   0.01314   0.00324  -0.0230   0.0066   1.0000  75.7738 160.0000
   9.000   1.0644   0.01566   0.00455  -0.0195   0.0047   1.0000  76.5065 160.0000
  10.000   1.1352   0.01946   0.00684  -0.0140   0.0038   1.0000  76.8907 160.0000
  11.000   1.1710   0.02545   0.01082  -0.0045   0.0035   1.0000  77.0325 160.0000
  12.000   1.1764   0.03153   0.01522   0.0068   0.0034   1.0000  77.0791 160.0000
  13.000   1.1555   0.04187   0.02363   0.0121   0.0034   1.0000  77.1120 160.0000
  14.000   1.1050   0.06032   0.04020   0.0066   0.0033   1.0000  77.1185 160.0000
  15.000   1.0214   0.09417   0.07348  -0.0141   0.0034   1.0000  77.0734 160.0000
