  
       XFOIL         Version 6.99
  
 Calculated polar for: HQ 1.5/8.5 AIRFOIL                              
  
 1 1 Reynolds number fixed          Mach number fixed         
  
 xtrf =   1.000 (top)        1.000 (bottom)  
 Mach =   0.000     Re =     0.500 e 6     Ncrit =   9.000  9.000
  
   alpha    CL        CD       CDp       CM     Top_Xtr  Bot_Xtr  Top_Itr  Bot_Itr
  ------ -------- --------- --------- -------- -------- -------- -------- --------
  -6.000  -0.4752   0.01643   0.00692  -0.0436   0.9894   0.0180   2.3846  88.2701
  -5.000  -0.3368   0.01230   0.00364  -0.0502   0.9719   0.0270   4.1129  89.2731
  -4.000  -0.2132   0.01024   0.00202  -0.0529   0.9407   0.0353   6.5160  89.9896
  -3.000  -0.1100   0.00787   0.00085  -0.0517   0.9074   0.2218   8.9146 103.5884
  -2.000  -0.0084   0.00630   0.00075  -0.0502   0.8781   0.6092  11.0233 130.9533
  -1.000   0.0965   0.00613   0.00092  -0.0478   0.8416   0.7429  13.6415 140.3857
   0.000   0.2038   0.00615   0.00089  -0.0460   0.8034   0.7959  16.3594 144.2066
   1.000   0.3104   0.00603   0.00086  -0.0442   0.7697   0.8515  18.7727 148.1525
   2.000   0.4147   0.00579   0.00063  -0.0416   0.7030   0.9400  23.5623 154.4426
   3.000   0.5361   0.00642   0.00046  -0.0439   0.5554   1.0000  34.0673 160.0000
   4.000   0.6329   0.00838   0.00088  -0.0420   0.2932   1.0000  52.6791 160.0000
   5.000   0.7275   0.01097   0.00177  -0.0401   0.0600   1.0000  70.0327 160.0000
   6.000   0.8287   0.01261   0.00273  -0.0386   0.0408   1.0000  71.6687 160.0000
   7.000   0.9277   0.01436   0.00367  -0.0370   0.0237   1.0000  73.1096 160.0000
   8.000   1.0193   0.01708   0.00472  -0.0341   0.0106   1.0000  75.1680 160.0000
   9.000   1.0958   0.02179   0.00762  -0.0292   0.0085   1.0000  75.6237 160.0000
  10.000   1.1524   0.02950   0.01315  -0.0228   0.0076   1.0000  75.8385 160.0000
  11.000   1.1381   0.04164   0.02316  -0.0108   0.0072   1.0000  75.9371 160.0000
  12.000   1.0838   0.05592   0.03632  -0.0067   0.0072   1.0000  75.9168 160.0000
  13.000   1.0152   0.08231   0.06264  -0.0222   0.0075   1.0000  75.8664 160.0000
