  
       XFOIL         Version 6.99
  
 Calculated polar for: HQ 2.0/10 AIRFOIL                               
  
 1 1 Reynolds number fixed          Mach number fixed         
  
 xtrf =   1.000 (top)        1.000 (bottom)  
 Mach =   0.000     Re =     1.000 e 6     Ncrit =   9.000  9.000
  
   alpha    CL        CD       CDp       CM     Top_Xtr  Bot_Xtr  Top_Itr  Bot_Itr
  ------ -------- --------- --------- -------- -------- -------- -------- --------
  -6.000  -0.3676   0.01095   0.00268  -0.0643   0.9080   0.0097   8.3768  86.9724
  -5.000  -0.2654   0.00896   0.00134  -0.0626   0.8781   0.0144  10.5110  87.9097
  -4.000  -0.1577   0.00792   0.00081  -0.0618   0.8524   0.0426  12.3480  90.9089
  -3.000  -0.0489   0.00704   0.00043  -0.0615   0.8271   0.1325  14.1551  97.5729
  -2.000   0.0562   0.00537   0.00014  -0.0611   0.7953   0.5167  16.4319 124.8709
   0.000   0.2777   0.00513   0.00019  -0.0602   0.7178   0.7011  21.9846 137.9138
   1.000   0.3886   0.00522   0.00024  -0.0599   0.6750   0.7482  25.0508 141.2395
   2.000   0.4986   0.00543   0.00028  -0.0594   0.6192   0.7853  29.0350 143.8831
   3.000   0.6043   0.00590   0.00038  -0.0582   0.5193   0.8307  36.1832 147.1156
   4.000   0.7022   0.00710   0.00075  -0.0559   0.3044   0.9654  51.5423 156.7854
   5.000   0.8105   0.00825   0.00113  -0.0562   0.2130   1.0000  58.0722 160.0000
   6.000   0.9056   0.01005   0.00178  -0.0540   0.0832   1.0000  67.7614 160.0000
   7.000   1.0016   0.01166   0.00249  -0.0520   0.0325   1.0000  71.9925 160.0000
   8.000   1.0921   0.01370   0.00331  -0.0490   0.0049   1.0000  76.6263 160.0000
   9.000   1.1798   0.01579   0.00417  -0.0455   0.0038   1.0000  77.1662 160.0000
  10.000   1.2523   0.01885   0.00574  -0.0399   0.0031   1.0000  77.5729 160.0000
  11.000   1.2930   0.02290   0.00795  -0.0299   0.0028   1.0000  77.7352 160.0000
  12.000   1.3047   0.02845   0.01138  -0.0185   0.0027   1.0000  77.7696 160.0000
  13.000   1.3007   0.03684   0.01741  -0.0109   0.0028   1.0000  77.7460 160.0000
  14.000   1.2728   0.05030   0.02831  -0.0090   0.0029   1.0000  77.6653 160.0000
  15.000   1.2135   0.07304   0.04878  -0.0172   0.0031   1.0000  77.5464 160.0000
