  
       XFOIL         Version 6.99
  
 Calculated polar for: HQ-2.0/9  9.0%   smoothed                       
  
 1 1 Reynolds number fixed          Mach number fixed         
  
 xtrf =   1.000 (top)        1.000 (bottom)  
 Mach =   0.000     Re =     0.500 e 6     Ncrit =   9.000  9.000
  
   alpha    CL        CD       CDp       CM     Top_Xtr  Bot_Xtr  Top_Itr  Bot_Itr
  ------ -------- --------- --------- -------- -------- -------- -------- --------
  -6.000  -0.3952   0.01700   0.00698  -0.0605   0.9796   0.0119   3.4958  87.2391
  -5.000  -0.2598   0.01230   0.00322  -0.0660   0.9665   0.0161   4.7025  87.9851
  -4.000  -0.1423   0.00975   0.00180  -0.0675   0.9412   0.0432   6.6347  90.5098
  -3.000  -0.0365   0.00829   0.00101  -0.0663   0.9099   0.1389   8.9009  97.6452
  -2.000   0.0629   0.00631   0.00080  -0.0644   0.8738   0.6190  11.4905 131.5656
  -1.000   0.1706   0.00623   0.00089  -0.0628   0.8414   0.7232  13.7950 138.9201
   0.000   0.2764   0.00617   0.00092  -0.0607   0.8016   0.7962  16.6187 144.1028
   1.000   0.3840   0.00611   0.00084  -0.0594   0.7623   0.8419  19.4139 147.3361
   2.000   0.4877   0.00597   0.00074  -0.0569   0.7148   0.9306  22.7972 153.6509
   3.000   0.6113   0.00626   0.00061  -0.0596   0.6423   1.0000  27.9518 160.0000
   4.000   0.7089   0.00758   0.00071  -0.0572   0.4453   1.0000  41.9739 160.0000
   5.000   0.8046   0.00948   0.00129  -0.0551   0.2559   1.0000  55.4350 160.0000
   6.000   0.8987   0.01162   0.00207  -0.0530   0.1033   1.0000  66.5113 160.0000
   7.000   0.9913   0.01389   0.00317  -0.0505   0.0401   1.0000  71.6737 160.0000
   8.000   1.0775   0.01684   0.00437  -0.0469   0.0119   1.0000  74.8458 160.0000
   9.000   1.1474   0.02138   0.00686  -0.0407   0.0090   1.0000  75.4626 160.0000
  10.000   1.2001   0.02771   0.01085  -0.0334   0.0070   1.0000  75.9134 160.0000
  11.000   1.1905   0.03992   0.01985  -0.0205   0.0066   1.0000  76.0063 160.0000
  12.000   1.1505   0.05238   0.03083  -0.0135   0.0065   1.0000  76.0421 160.0000
  13.000   1.0735   0.07607   0.05327  -0.0217   0.0066   1.0000  75.9906 160.0000
  14.000   1.0225   0.10630   0.08493  -0.0419   0.0068   1.0000  75.9601 160.0000
