  
       XFOIL         Version 6.99
  
 Calculated polar for: HQ-2.0/9  9.0%   smoothed                       
  
 1 1 Reynolds number fixed          Mach number fixed         
  
 xtrf =   1.000 (top)        1.000 (bottom)  
 Mach =   0.000     Re =     1.000 e 6     Ncrit =   9.000  9.000
  
   alpha    CL        CD       CDp       CM     Top_Xtr  Bot_Xtr  Top_Itr  Bot_Itr
  ------ -------- --------- --------- -------- -------- -------- -------- --------
  -6.000  -0.3637   0.01088   0.00285  -0.0662   0.9609   0.0074   5.1715  86.2596
  -5.000  -0.2609   0.00899   0.00154  -0.0644   0.9259   0.0104   7.7453  86.9725
  -4.000  -0.1552   0.00776   0.00088  -0.0631   0.8893   0.0315  10.3776  89.6108
  -3.000  -0.0468   0.00707   0.00045  -0.0623   0.8525   0.0767  13.0128  93.1410
  -2.000   0.0594   0.00540   0.00010  -0.0622   0.8185   0.4535  15.4171 119.8896
  -1.000   0.1685   0.00493   0.00014  -0.0616   0.7821   0.6513  18.0006 133.8483
   0.000   0.2794   0.00491   0.00021  -0.0612   0.7456   0.7271  20.6017 139.2016
   1.000   0.3901   0.00499   0.00023  -0.0607   0.7009   0.7700  23.7844 142.2418
   2.000   0.4997   0.00514   0.00024  -0.0602   0.6427   0.8107  27.9199 145.1335
   3.000   0.6000   0.00567   0.00035  -0.0578   0.4968   0.8968  38.3203 151.2508
   4.000   0.7081   0.00704   0.00070  -0.0579   0.2956   1.0000  52.6070 160.0000
   5.000   0.8102   0.00840   0.00116  -0.0568   0.1745   1.0000  61.2942 160.0000
   6.000   0.9070   0.01030   0.00194  -0.0550   0.0549   1.0000  70.4765 160.0000
   7.000   1.0068   0.01174   0.00262  -0.0535   0.0241   1.0000  73.0654 160.0000
   8.000   1.0966   0.01436   0.00377  -0.0502   0.0065   1.0000  76.0362 160.0000
   9.000   1.1835   0.01691   0.00527  -0.0468   0.0048   1.0000  76.6333 160.0000
  10.000   1.2363   0.02286   0.00892  -0.0387   0.0038   1.0000  76.9775 160.0000
  11.000   1.2817   0.02765   0.01231  -0.0302   0.0034   1.0000  77.1699 160.0000
  12.000   1.2844   0.03458   0.01754  -0.0191   0.0031   1.0000  77.3648 160.0000
  13.000   1.2510   0.04697   0.02793  -0.0135   0.0029   1.0000  77.4484 160.0000
  14.000   1.1840   0.06961   0.04881  -0.0212   0.0029   1.0000  77.4411 160.0000
  15.000   1.0951   0.10885   0.08876  -0.0456   0.0031   1.0000  77.3532 160.0000
