  
       XFOIL         Version 6.99
  
 Calculated polar for: HQ 2.0/8 AIRFOIL                                
  
 1 1 Reynolds number fixed          Mach number fixed         
  
 xtrf =   1.000 (top)        1.000 (bottom)  
 Mach =   0.000     Re =     1.000 e 6     Ncrit =   9.000  9.000
  
   alpha    CL        CD       CDp       CM     Top_Xtr  Bot_Xtr  Top_Itr  Bot_Itr
  ------ -------- --------- --------- -------- -------- -------- -------- --------
  -4.000  -0.1507   0.00874   0.00133  -0.0645   0.9176   0.0078   7.9372  85.2316
  -3.000  -0.0437   0.00734   0.00038  -0.0632   0.8853   0.0157  10.3276  86.3704
  -2.000   0.0638   0.00616   0.00002  -0.0626   0.8514   0.2038  12.8332 100.6779
  -1.000   0.1691   0.00475  -0.00002  -0.0620   0.8115   0.6448  15.7748 133.0494
   0.000   0.2778   0.00463   0.00004  -0.0610   0.7678   0.7520  19.0198 140.9064
   1.000   0.3867   0.00464   0.00007  -0.0602   0.7183   0.8159  22.6827 145.6170
   2.000   0.4899   0.00464   0.00007  -0.0581   0.6484   0.9182  27.8494 153.1682
   3.000   0.5989   0.00614   0.00026  -0.0584   0.3755   1.0000  47.9776 160.0000
   4.000   0.7018   0.00744   0.00062  -0.0574   0.2285   1.0000  58.8248 160.0000
   5.000   0.7986   0.00953   0.00131  -0.0556   0.0445   1.0000  72.9050 160.0000
   6.000   0.8986   0.01124   0.00178  -0.0539   0.0042   1.0000  77.7091 160.0000
   7.000   0.9936   0.01374   0.00247  -0.0510   0.0029   1.0000  78.2265 160.0000
   8.000   1.0712   0.01898   0.00491  -0.0453   0.0031   1.0000  78.1544 160.0000
