  
       XFOIL         Version 6.99
  
 Calculated polar for: HQ 2.0/10 AIRFOIL                               
  
 1 1 Reynolds number fixed          Mach number fixed         
  
 xtrf =   1.000 (top)        1.000 (bottom)  
 Mach =   0.000     Re =     0.500 e 6     Ncrit =   9.000  9.000
  
   alpha    CL        CD       CDp       CM     Top_Xtr  Bot_Xtr  Top_Itr  Bot_Itr
  ------ -------- --------- --------- -------- -------- -------- -------- --------
  -6.000  -0.3612   0.01497   0.00486  -0.0668   0.9629   0.0148   4.4305  87.9780
  -5.000  -0.2498   0.01141   0.00251  -0.0672   0.9338   0.0220   6.5235  88.9945
  -4.000  -0.1461   0.00957   0.00149  -0.0656   0.9041   0.0592   8.6501  92.2081
  -3.000  -0.0443   0.00766   0.00086  -0.0645   0.8756   0.3141  10.6899 110.4739
  -2.000   0.0594   0.00665   0.00091  -0.0629   0.8473   0.6211  12.7117 132.2720
  -1.000   0.1668   0.00656   0.00099  -0.0612   0.8133   0.7095  15.1462 138.5085
   0.000   0.2750   0.00651   0.00098  -0.0598   0.7758   0.7651  17.8327 142.4442
   1.000   0.3836   0.00649   0.00092  -0.0587   0.7358   0.8086  20.6971 145.5449
   2.000   0.4907   0.00650   0.00084  -0.0574   0.6908   0.8565  23.9182 148.9734
   3.000   0.6061   0.00648   0.00073  -0.0577   0.6258   0.9713  28.5666 157.2224
   4.000   0.7115   0.00752   0.00075  -0.0570   0.4665   1.0000  39.9514 160.0000
   5.000   0.8042   0.00941   0.00129  -0.0544   0.2848   1.0000  52.9439 160.0000
   6.000   0.9011   0.01093   0.00180  -0.0525   0.1856   1.0000  60.0569 160.0000
   7.000   0.9885   0.01336   0.00278  -0.0493   0.0615   1.0000  69.4845 160.0000
   8.000   1.0788   0.01529   0.00360  -0.0465   0.0322   1.0000  72.0245 160.0000
   9.000   1.1591   0.01797   0.00448  -0.0422   0.0080   1.0000  75.5471 160.0000
  10.000   1.2221   0.02164   0.00618  -0.0353   0.0059   1.0000  76.1796 160.0000
  11.000   1.2516   0.02624   0.00869  -0.0244   0.0053   1.0000  76.4691 160.0000
  12.000   1.2605   0.03313   0.01322  -0.0150   0.0050   1.0000  76.5987 160.0000
  13.000   1.2497   0.04366   0.02123  -0.0095   0.0049   1.0000  76.6203 160.0000
  14.000   1.2109   0.06037   0.03561  -0.0107   0.0050   1.0000  76.5711 160.0000
  15.000   1.1449   0.08716   0.06126  -0.0236   0.0052   1.0000  76.4923 160.0000
