  
       XFOIL         Version 6.99
  
 Calculated polar for: HQ 2.5/9 B AIRFOIL                              
  
 1 1 Reynolds number fixed          Mach number fixed         
  
 xtrf =   1.000 (top)        1.000 (bottom)  
 Mach =   0.000     Re =     0.500 e 6     Ncrit =   9.000  9.000
  
   alpha    CL        CD       CDp       CM     Top_Xtr  Bot_Xtr  Top_Itr  Bot_Itr
  ------ -------- --------- --------- -------- -------- -------- -------- --------
  -5.000  -0.1658   0.01468   0.00620  -0.0883   0.9447   0.0269   5.5378  91.7772
  -4.000  -0.0562   0.01091   0.00303  -0.0878   0.9192   0.0308   7.3012  92.2289
  -3.000   0.0518   0.00945   0.00178  -0.0869   0.8925   0.0385   9.1416  92.9912
  -2.000   0.1558   0.00685   0.00090  -0.0863   0.8599   0.4770  11.3774 123.3669
  -1.000   0.2627   0.00644   0.00106  -0.0847   0.8315   0.6953  13.3238 138.1929
   0.000   0.3706   0.00638   0.00113  -0.0831   0.8059   0.7779  15.0840 143.8414
   1.000   0.4791   0.00635   0.00112  -0.0819   0.7773   0.8272  17.0542 147.1985
   2.000   0.5827   0.00626   0.00105  -0.0794   0.7378   0.8964  19.7740 152.0204
   3.000   0.6922   0.00650   0.00071  -0.0785   0.6006   1.0000  29.2903 160.0000
   4.000   0.7850   0.00838   0.00116  -0.0754   0.3899   1.0000  43.8142 160.0000
   5.000   0.8850   0.00971   0.00160  -0.0738   0.2816   1.0000  51.2504 160.0000
   6.000   0.9760   0.01199   0.00245  -0.0710   0.1156   1.0000  63.1512 160.0000
   7.000   1.0673   0.01424   0.00360  -0.0682   0.0498   1.0000  68.2912 160.0000
   8.000   1.1525   0.01693   0.00513  -0.0642   0.0309   1.0000  70.1449 160.0000
   9.000   1.2269   0.02029   0.00721  -0.0588   0.0239   1.0000  71.0463 160.0000
  10.000   1.2946   0.02367   0.00937  -0.0530   0.0187   1.0000  71.8841 160.0000
  11.000   1.3377   0.02815   0.01242  -0.0438   0.0152   1.0000  72.5774 160.0000
  12.000   1.3588   0.03460   0.01697  -0.0347   0.0126   1.0000  73.1586 160.0000
  13.000   1.3688   0.04231   0.02305  -0.0280   0.0110   1.0000  73.5996 160.0000
  14.000   1.3578   0.05356   0.03231  -0.0255   0.0100   1.0000  73.8625 160.0000
  15.000   1.2940   0.07624   0.05277  -0.0319   0.0096   1.0000  73.9783 160.0000
