  
       XFOIL         Version 6.99
  
 Calculated polar for: HQ 2.5/9 AIRFOIL                                
  
 1 1 Reynolds number fixed          Mach number fixed         
  
 xtrf =   1.000 (top)        1.000 (bottom)  
 Mach =   0.000     Re =     1.000 e 6     Ncrit =   9.000  9.000
  
   alpha    CL        CD       CDp       CM     Top_Xtr  Bot_Xtr  Top_Itr  Bot_Itr
  ------ -------- --------- --------- -------- -------- -------- -------- --------
  -6.000  -0.2737   0.02728   0.01794  -0.0845   0.9500   0.0082   5.5069  85.5894
  -5.000  -0.1897   0.01162   0.00317  -0.0799   0.9113   0.0052   8.3831  84.9239
  -4.000  -0.0867   0.00849   0.00103  -0.0782   0.8819   0.0093  10.5543  85.8232
  -3.000   0.0219   0.00721   0.00030  -0.0773   0.8522   0.0375  12.7462  88.7140
  -2.000   0.1312   0.00632   0.00005  -0.0772   0.8221   0.1975  14.9595 100.5482
  -1.000   0.2381   0.00499   0.00001  -0.0770   0.7860   0.6164  17.6277 131.1173
   0.000   0.3477   0.00491   0.00010  -0.0763   0.7457   0.7254  20.6000 139.0572
   1.000   0.4573   0.00501   0.00014  -0.0757   0.6986   0.7773  24.0744 142.8506
   2.000   0.5651   0.00521   0.00016  -0.0748   0.6334   0.8266  28.8762 146.4670
   3.000   0.6737   0.00550   0.00021  -0.0742   0.5224   1.0000  37.0433 160.0000
   4.000   0.7721   0.00707   0.00056  -0.0725   0.3226   1.0000  51.6998 160.0000
   5.000   0.8669   0.00907   0.00113  -0.0704   0.1339   1.0000  65.6928 160.0000
   6.000   0.9563   0.01174   0.00198  -0.0671   0.0043   1.0000  77.7681 160.0000
   7.000   1.0303   0.00650   0.00015  -0.0616   0.0034   1.0000  78.0844 160.0000
   8.000   1.1020   0.00993   0.00129  -0.0556   0.0040   1.0000  77.8654 160.0000
