  
       XFOIL         Version 6.99
  
 Calculated polar for: HQ 3.0/14 AIRFOIL                               
  
 1 1 Reynolds number fixed          Mach number fixed         
  
 xtrf =   1.000 (top)        1.000 (bottom)  
 Mach =   0.000     Re =     0.500 e 6     Ncrit =   9.000  9.000
  
   alpha    CL        CD       CDp       CM     Top_Xtr  Bot_Xtr  Top_Itr  Bot_Itr
  ------ -------- --------- --------- -------- -------- -------- -------- --------
  -6.000  -0.2304   0.01234   0.00324  -0.0925   0.8480   0.0538  11.9189  97.1115
  -5.000  -0.1281   0.01107   0.00243  -0.0912   0.8257   0.0705  13.3596  98.4958
  -4.000  -0.0230   0.00986   0.00170  -0.0903   0.8042   0.1263  14.7516 102.4444
  -3.000   0.0774   0.00793   0.00126  -0.0894   0.7822   0.4780  16.1875 125.2708
  -2.000   0.1881   0.00776   0.00139  -0.0888   0.7604   0.5882  17.6127 132.3456
  -1.000   0.3004   0.00788   0.00150  -0.0885   0.7389   0.6450  19.0200 135.9526
   0.000   0.4113   0.00790   0.00147  -0.0879   0.7106   0.6785  20.8742 138.0693
   1.000   0.5219   0.00799   0.00149  -0.0874   0.6830   0.7099  22.6875 140.0654
   2.000   0.6307   0.00810   0.00141  -0.0866   0.6484   0.7348  24.9557 141.6548
   3.000   0.7373   0.00827   0.00139  -0.0855   0.6077   0.7624  27.6241 143.4285
   4.000   0.8385   0.00862   0.00136  -0.0834   0.5510   0.7939  31.3616 145.4778
   5.000   0.9301   0.00933   0.00144  -0.0796   0.4703   0.8334  36.6739 148.0630
   6.000   1.0129   0.01025   0.00170  -0.0744   0.3759   0.9424  42.8545 155.3353
   7.000   1.0969   0.01192   0.00218  -0.0707   0.2911   1.0000  48.4577 160.0000
   8.000   1.1614   0.01358   0.00262  -0.0631   0.2361   1.0000  52.0952 160.0000
   9.000   1.2224   0.01545   0.00317  -0.0555   0.1885   1.0000  55.3421 160.0000
  10.000   1.2777   0.01784   0.00403  -0.0483   0.1480   1.0000  58.1701 160.0000
  11.000   1.3297   0.02075   0.00526  -0.0417   0.1131   1.0000  60.7274 160.0000
  12.000   1.3733   0.02457   0.00712  -0.0354   0.0826   1.0000  63.1317 160.0000
  13.000   1.4072   0.02954   0.00986  -0.0298   0.0563   1.0000  65.4588 160.0000
  14.000   1.4335   0.03570   0.01359  -0.0252   0.0404   1.0000  67.1322 160.0000
  15.000   1.4513   0.04345   0.01863  -0.0220   0.0279   1.0000  68.8145 160.0000
