  
       XFOIL         Version 6.99
  
 Calculated polar for: HQ 3.0/12 AIRFOIL                               
  
 1 1 Reynolds number fixed          Mach number fixed         
  
 xtrf =   1.000 (top)        1.000 (bottom)  
 Mach =   0.000     Re =     0.500 e 6     Ncrit =   9.000  9.000
  
   alpha    CL        CD       CDp       CM     Top_Xtr  Bot_Xtr  Top_Itr  Bot_Itr
  ------ -------- --------- --------- -------- -------- -------- -------- --------
  -6.000  -0.2306   0.01221   0.00309  -0.0940   0.8942   0.0220   9.1825  91.2051
  -5.000  -0.1256   0.01102   0.00251  -0.0929   0.8685   0.0453  10.9501  93.8503
  -4.000  -0.0191   0.01000   0.00185  -0.0921   0.8433   0.0663  12.6720  95.5045
  -3.000   0.0868   0.00849   0.00118  -0.0916   0.8190   0.2361  14.3307 107.2286
  -2.000   0.1920   0.00726   0.00111  -0.0908   0.7930   0.5817  16.1174 130.6203
  -1.000   0.3030   0.00729   0.00124  -0.0901   0.7682   0.6576  17.8210 135.7218
   0.000   0.4126   0.00737   0.00130  -0.0891   0.7376   0.7106  19.9201 139.2841
   1.000   0.5231   0.00744   0.00129  -0.0886   0.7081   0.7430  21.9459 141.4733
   2.000   0.6317   0.00752   0.00123  -0.0877   0.6690   0.7735  24.6417 143.5461
   3.000   0.7381   0.00768   0.00119  -0.0865   0.6239   0.8102  27.7309 146.0584
   4.000   0.8370   0.00794   0.00115  -0.0838   0.5528   0.8646  32.6310 149.8047
   5.000   0.9386   0.00884   0.00128  -0.0824   0.4368   1.0000  40.6075 160.0000
   6.000   1.0266   0.01048   0.00177  -0.0788   0.3219   1.0000  48.4920 160.0000
   7.000   1.1097   0.01229   0.00240  -0.0746   0.2303   1.0000  54.8201 160.0000
   8.000   1.1881   0.01412   0.00303  -0.0697   0.1614   1.0000  59.7090 160.0000
   9.000   1.2548   0.01603   0.00368  -0.0628   0.1129   1.0000  63.2786 160.0000
  10.000   1.3073   0.01868   0.00470  -0.0545   0.0634   1.0000  67.2378 160.0000
  11.000   1.3525   0.02206   0.00624  -0.0466   0.0332   1.0000  70.1328 160.0000
  12.000   1.3818   0.02703   0.00881  -0.0387   0.0099   1.0000  74.0692 160.0000
  13.000   1.4066   0.03309   0.01237  -0.0324   0.0067   1.0000  75.2231 160.0000
  14.000   1.4187   0.04117   0.01789  -0.0279   0.0059   1.0000  75.6153 160.0000
  15.000   1.4043   0.05361   0.02747  -0.0264   0.0053   1.0000  75.9019 160.0000
