  
       XFOIL         Version 6.99
  
 Calculated polar for: HQ 3.0/9 AIRFOIL                                
  
 1 1 Reynolds number fixed          Mach number fixed         
  
 xtrf =   1.000 (top)        1.000 (bottom)  
 Mach =   0.000     Re =     0.500 e 6     Ncrit =   9.000  9.000
  
   alpha    CL        CD       CDp       CM     Top_Xtr  Bot_Xtr  Top_Itr  Bot_Itr
  ------ -------- --------- --------- -------- -------- -------- -------- --------
  -4.000  -0.0102   0.01170   0.00321  -0.0967   0.9220   0.0152   7.5650  87.4267
  -3.000   0.0962   0.00919   0.00132  -0.0951   0.8971   0.0233   9.3812  88.3568
  -2.000   0.2026   0.00740   0.00078  -0.0945   0.8687   0.3106  11.4557 109.3671
  -1.000   0.3078   0.00644   0.00091  -0.0931   0.8393   0.6811  13.5988 136.0386
   0.000   0.4124   0.00632   0.00098  -0.0907   0.8028   0.7926  16.2630 144.0927
   1.000   0.5191   0.00622   0.00085  -0.0892   0.7628   0.8463  19.1927 147.9994
   2.000   0.6332   0.00606   0.00067  -0.0893   0.7138   1.0000  22.7689 160.0000
   3.000   0.7409   0.00652   0.00063  -0.0886   0.6467   1.0000  27.6595 160.0000
   4.000   0.8419   0.00741   0.00070  -0.0867   0.5303   1.0000  36.1330 160.0000
   5.000   0.9322   0.00932   0.00116  -0.0834   0.3379   1.0000  50.0874 160.0000
   6.000   1.0203   0.01162   0.00185  -0.0803   0.1685   1.0000  62.4896 160.0000
   7.000   1.1028   0.01447   0.00273  -0.0763   0.0355   1.0000  72.9950 160.0000
   8.000   1.1832   0.01747   0.00347  -0.0715   0.0062   1.0000  76.8693 160.0000
   9.000   1.2442   0.02179   0.00522  -0.0637   0.0056   1.0000  77.0430 160.0000
  10.000   1.2827   0.02660   0.00779  -0.0533   0.0049   1.0000  77.3172 160.0000
  11.000   1.3005   0.03421   0.01242  -0.0427   0.0047   1.0000  77.4127 160.0000
  12.000   1.2850   0.04668   0.02150  -0.0338   0.0048   1.0000  77.3575 160.0000
  13.000   1.2234   0.06622   0.03862  -0.0329   0.0052   1.0000  77.1949 160.0000
  14.000   1.1504   0.09428   0.06652  -0.0464   0.0054   1.0000  77.1240 160.0000
  15.000   1.0866   0.13107   0.10830  -0.0701   0.0054   1.0000  77.1113 160.0000
