  
       XFOIL         Version 6.99
  
 Calculated polar for: HQ 3.0/15 AIRFOIL                               
  
 1 1 Reynolds number fixed          Mach number fixed         
  
 xtrf =   1.000 (top)        1.000 (bottom)  
 Mach =   0.000     Re =     0.500 e 6     Ncrit =   9.000  9.000
  
   alpha    CL        CD       CDp       CM     Top_Xtr  Bot_Xtr  Top_Itr  Bot_Itr
  ------ -------- --------- --------- -------- -------- -------- -------- --------
  -6.000  -0.2313   0.01221   0.00305  -0.0918   0.8281   0.0645  12.9785  99.2288
  -5.000  -0.1291   0.01105   0.00229  -0.0904   0.8067   0.0867  14.3272 101.0123
  -4.000  -0.0271   0.00955   0.00164  -0.0894   0.7861   0.2139  15.6409 109.4358
  -3.000   0.0750   0.00808   0.00135  -0.0884   0.7654   0.5085  16.9563 127.9937
  -2.000   0.1866   0.00804   0.00148  -0.0880   0.7449   0.5867  18.2609 132.8818
  -1.000   0.2986   0.00816   0.00163  -0.0876   0.7231   0.6371  19.6492 135.9944
   0.000   0.4100   0.00819   0.00159  -0.0872   0.6967   0.6655  21.3399 137.7367
   1.000   0.5211   0.00830   0.00159  -0.0868   0.6716   0.6941  22.9460 139.4946
   2.000   0.6304   0.00842   0.00152  -0.0862   0.6404   0.7175  24.9387 140.9402
   3.000   0.7366   0.00856   0.00148  -0.0849   0.6018   0.7417  27.4107 142.4461
   4.000   0.8380   0.00890   0.00144  -0.0829   0.5511   0.7691  30.6781 144.1607
   5.000   0.9296   0.00957   0.00148  -0.0792   0.4789   0.8005  35.3255 146.1529
   6.000   1.0071   0.01062   0.00169  -0.0731   0.3940   0.8421  40.7709 148.8208
   8.000   1.1445   0.01350   0.00242  -0.0594   0.2618   1.0000  49.3032 160.0000
   9.000   1.2040   0.01544   0.00297  -0.0520   0.2180   1.0000  52.1736 160.0000
  10.000   1.2579   0.01793   0.00384  -0.0449   0.1780   1.0000  54.8793 160.0000
  11.000   1.3089   0.02094   0.00511  -0.0385   0.1461   1.0000  57.0961 160.0000
  12.000   1.3565   0.02453   0.00678  -0.0329   0.1174   1.0000  59.1896 160.0000
  13.000   1.3958   0.02909   0.00917  -0.0278   0.0919   1.0000  61.1676 160.0000
  14.000   1.4249   0.03495   0.01257  -0.0234   0.0684   1.0000  63.1851 160.0000
  15.000   1.4448   0.04235   0.01728  -0.0201   0.0518   1.0000  64.8140 160.0000
