  
       XFOIL         Version 6.99
  
 Calculated polar for: HQ 3.5/14 AIRFOIL                               
  
 1 1 Reynolds number fixed          Mach number fixed         
  
 xtrf =   1.000 (top)        1.000 (bottom)  
 Mach =   0.000     Re =     0.500 e 6     Ncrit =   9.000  9.000
  
   alpha    CL        CD       CDp       CM     Top_Xtr  Bot_Xtr  Top_Itr  Bot_Itr
  ------ -------- --------- --------- -------- -------- -------- -------- --------
  -6.000  -0.1704   0.01282   0.00380  -0.1050   0.8304   0.0515  13.4819  97.7682
  -5.000  -0.0654   0.01152   0.00284  -0.1041   0.8091   0.0636  14.8602  98.8792
  -4.000   0.0423   0.01041   0.00207  -0.1037   0.7893   0.0848  16.1337 100.4832
  -3.000   0.1503   0.00918   0.00141  -0.1036   0.7674   0.1978  17.5392 108.2289
  -2.000   0.2574   0.00786   0.00123  -0.1036   0.7461   0.5415  18.8997 129.9195
  -1.000   0.3702   0.00787   0.00134  -0.1035   0.7272   0.6018  20.0990 133.6144
   0.000   0.4823   0.00797   0.00144  -0.1033   0.7050   0.6453  21.5023 136.3375
   1.000   0.5942   0.00812   0.00149  -0.1031   0.6822   0.6802  22.9278 138.5278
   2.000   0.7029   0.00824   0.00143  -0.1023   0.6491   0.7126  25.0041 140.5439
   3.000   0.8077   0.00843   0.00137  -0.1009   0.6019   0.7465  27.9801 142.6496
   4.000   0.9037   0.00897   0.00135  -0.0978   0.5167   0.7800  33.5437 144.7213
   5.000   0.9900   0.01003   0.00163  -0.0933   0.4396   0.8180  38.4134 147.1028
   6.000   1.0706   0.01080   0.00190  -0.0877   0.3742   0.8923  42.4216 151.8544
   7.000   1.1477   0.01237   0.00230  -0.0825   0.2966   1.0000  47.5274 160.0000
   8.000   1.2135   0.01401   0.00278  -0.0753   0.2481   1.0000  50.5483 160.0000
   9.000   1.2691   0.01630   0.00351  -0.0675   0.1863   1.0000  54.7599 160.0000
  10.000   1.3226   0.01901   0.00472  -0.0603   0.1592   1.0000  56.6237 160.0000
  11.000   1.3761   0.02205   0.00615  -0.0543   0.1377   1.0000  58.0855 160.0000
  12.000   1.4322   0.02523   0.00762  -0.0495   0.1143   1.0000  59.7504 160.0000
  13.000   1.4695   0.03009   0.01014  -0.0441   0.0750   1.0000  63.0118 160.0000
  14.000   1.4740   0.03835   0.01547  -0.0384   0.0383   1.0000  66.9580 160.0000
  15.000   1.4788   0.04788   0.02218  -0.0352   0.0256   1.0000  68.8161 160.0000
