  
       XFOIL         Version 6.99
  
 Calculated polar for: HQ 3.5/13 AIRFOIL                               
  
 1 1 Reynolds number fixed          Mach number fixed         
  
 xtrf =   1.000 (top)        1.000 (bottom)  
 Mach =   0.000     Re =     0.500 e 6     Ncrit =   9.000  9.000
  
   alpha    CL        CD       CDp       CM     Top_Xtr  Bot_Xtr  Top_Itr  Bot_Itr
  ------ -------- --------- --------- -------- -------- -------- -------- --------
  -6.000  -0.1677   0.01215   0.00303  -0.1065   0.8649   0.0260  11.0807  92.8118
  -5.000  -0.0619   0.01110   0.00257  -0.1057   0.8417   0.0481  12.6321  95.3568
  -4.000   0.0467   0.01027   0.00198  -0.1053   0.8203   0.0659  14.0641  96.8017
  -3.000   0.1532   0.00886   0.00134  -0.1050   0.7973   0.2071  15.6166 106.4260
  -2.000   0.2581   0.00751   0.00122  -0.1042   0.7713   0.5728  17.3679 130.5693
  -1.000   0.3688   0.00757   0.00131  -0.1035   0.7444   0.6507  19.1834 135.6719
   0.000   0.4786   0.00773   0.00144  -0.1026   0.7178   0.7057  20.9750 139.2769
   1.000   0.5887   0.00784   0.00140  -0.1020   0.6880   0.7335  22.9875 141.1085
   2.000   0.6974   0.00797   0.00138  -0.1013   0.6551   0.7596  25.2040 142.8332
   3.000   0.8028   0.00818   0.00134  -0.1000   0.6126   0.7881  28.0638 144.7496
   4.000   0.9016   0.00856   0.00131  -0.0975   0.5450   0.8231  32.6342 147.0985
   5.000   0.9808   0.00949   0.00145  -0.0914   0.4275   0.8922  40.5636 151.7761
   6.000   1.0681   0.01122   0.00198  -0.0881   0.3117   1.0000  48.3630 160.0000
   7.000   1.1482   0.01274   0.00252  -0.0832   0.2670   1.0000  51.3850 160.0000
   8.000   1.2208   0.01413   0.00294  -0.0769   0.2375   1.0000  53.3681 160.0000
   9.000   1.2920   0.01562   0.00335  -0.0710   0.2065   1.0000  55.4908 160.0000
  10.000   1.3552   0.01764   0.00392  -0.0646   0.1617   1.0000  58.6768 160.0000
  11.000   1.4003   0.02097   0.00529  -0.0570   0.1081   1.0000  62.7173 160.0000
  12.000   1.4340   0.02554   0.00758  -0.0495   0.0627   1.0000  66.4569 160.0000
  13.000   1.4342   0.03345   0.01233  -0.0414   0.0141   1.0000  72.6863 160.0000
  14.000   1.4422   0.04197   0.01793  -0.0366   0.0084   1.0000  74.4281 160.0000
