  
       XFOIL         Version 6.99
  
 Calculated polar for: HQ 3.5/12 AIRFOIL                               
  
 1 1 Reynolds number fixed          Mach number fixed         
  
 xtrf =   1.000 (top)        1.000 (bottom)  
 Mach =   0.000     Re =     0.500 e 6     Ncrit =   9.000  9.000
  
   alpha    CL        CD       CDp       CM     Top_Xtr  Bot_Xtr  Top_Itr  Bot_Itr
  ------ -------- --------- --------- -------- -------- -------- -------- --------
  -6.000  -0.1641   0.01311   0.00375  -0.1082   0.8888   0.0168   9.6244  90.2612
  -5.000  -0.0609   0.01109   0.00239  -0.1068   0.8655   0.0228  11.2362  91.3116
  -4.000   0.0474   0.01013   0.00196  -0.1062   0.8425   0.0523  12.8182  94.3405
  -3.000   0.1568   0.00929   0.00142  -0.1059   0.8192   0.0888  14.4175  97.0126
  -2.000   0.2604   0.00729   0.00111  -0.1054   0.7916   0.5599  16.3330 129.0055
  -1.000   0.3704   0.00726   0.00117  -0.1045   0.7625   0.6525  18.3501 135.2430
   0.000   0.4793   0.00742   0.00134  -0.1033   0.7337   0.7235  20.3342 140.0340
   2.000   0.6976   0.00764   0.00124  -0.1019   0.6667   0.7821  24.9685 144.0344
   3.000   0.8024   0.00781   0.00122  -0.1004   0.6207   0.8173  28.1404 146.4642
   4.000   0.8983   0.00811   0.00117  -0.0972   0.5441   0.8759  33.4367 150.5138
   5.000   0.9917   0.00944   0.00142  -0.0945   0.4038   1.0000  43.1112 160.0000
   6.000   1.0755   0.01123   0.00201  -0.0903   0.2979   1.0000  50.4234 160.0000
   7.000   1.1614   0.01270   0.00257  -0.0864   0.2533   1.0000  53.4934 160.0000
   8.000   1.2424   0.01406   0.00298  -0.0817   0.2152   1.0000  56.1353 160.0000
   9.000   1.3107   0.01571   0.00334  -0.0751   0.1620   1.0000  59.9591 160.0000
  10.000   1.3588   0.01867   0.00442  -0.0664   0.0910   1.0000  65.3880 160.0000
  11.000   1.3811   0.02377   0.00691  -0.0562   0.0199   1.0000  72.3689 160.0000
  12.000   1.4032   0.02967   0.01013  -0.0479   0.0080   1.0000  75.0841 160.0000
  13.000   1.4241   0.03641   0.01440  -0.0420   0.0067   1.0000  75.5968 160.0000
  14.000   1.4149   0.04727   0.02237  -0.0379   0.0058   1.0000  75.9594 160.0000
  15.000   1.3933   0.06196   0.03419  -0.0381   0.0056   1.0000  76.0825 160.0000
