  
       XFOIL         Version 6.99
  
 Calculated polar for: HQ 3.5/18 AIRFOIL                               
  
 1 1 Reynolds number fixed          Mach number fixed         
  
 xtrf =   1.000 (top)        1.000 (bottom)  
 Mach =   0.000     Re =     0.500 e 6     Ncrit =   9.000  9.000
  
   alpha    CL        CD       CDp       CM     Top_Xtr  Bot_Xtr  Top_Itr  Bot_Itr
  ------ -------- --------- --------- -------- -------- -------- -------- --------
  -6.000  -0.1698   0.01262   0.00311  -0.1023   0.7614   0.0890  16.6370 105.6290
  -5.000  -0.0683   0.01158   0.00245  -0.1012   0.7465   0.1112  17.4851 107.3366
  -4.000   0.0328   0.01019   0.00190  -0.1004   0.7321   0.2421  18.2931 115.8628
  -3.000   0.1357   0.00895   0.00169  -0.0996   0.7153   0.4947  19.2344 130.3497
  -2.000   0.2494   0.00895   0.00173  -0.0998   0.6996   0.5480  20.1104 133.1647
   0.000   0.4758   0.00908   0.00182  -0.1000   0.6666   0.6088  21.9583 136.5006
   1.000   0.5870   0.00917   0.00179  -0.0998   0.6468   0.6319  23.0743 137.8041
   2.000   0.6947   0.00924   0.00170  -0.0990   0.6209   0.6533  24.5471 139.0113
   3.000   0.7961   0.00942   0.00158  -0.0969   0.5831   0.6800  26.7490 140.5099
   4.000   0.8866   0.00989   0.00143  -0.0929   0.5263   0.7061  30.1585 141.9570
   5.000   0.9592   0.01074   0.00143  -0.0857   0.4668   0.7331  33.6795 143.4420
   6.000   1.0188   0.01181   0.00143  -0.0764   0.4248   0.7586  35.9882 144.8346
   7.000   1.0773   0.01303   0.00150  -0.0677   0.3731   0.7852  38.8791 146.2941
   8.000   1.1141   0.01521   0.00190  -0.0567   0.3154   0.8198  42.4099 148.2356
   9.000   1.1772   0.01731   0.00287  -0.0517   0.2868   1.0000  44.0543 160.0000
  10.000   1.2382   0.01991   0.00377  -0.0470   0.2580   1.0000  45.7073 160.0000
  11.000   1.2863   0.02342   0.00515  -0.0415   0.2193   1.0000  48.0859 160.0000
  12.000   1.3233   0.02804   0.00733  -0.0361   0.1836   1.0000  50.4623 160.0000
  13.000   1.3599   0.03317   0.01004  -0.0316   0.1659   1.0000  51.6536 160.0000
  14.000   1.3989   0.03856   0.01302  -0.0283   0.1526   1.0000  52.5579 160.0000
  15.000   1.4356   0.04454   0.01647  -0.0258   0.1406   1.0000  53.3970 160.0000
