  
       XFOIL         Version 6.99
  
 Calculated polar for: HQ 3.5/13 AIRFOIL                               
  
 1 1 Reynolds number fixed          Mach number fixed         
  
 xtrf =   1.000 (top)        1.000 (bottom)  
 Mach =   0.000     Re =     1.000 e 6     Ncrit =   9.000  9.000
  
   alpha    CL        CD       CDp       CM     Top_Xtr  Bot_Xtr  Top_Itr  Bot_Itr
  ------ -------- --------- --------- -------- -------- -------- -------- --------
  -6.000  -0.1777   0.00957   0.00162  -0.1040   0.8217   0.0146  13.9698  90.5225
  -5.000  -0.0682   0.00878   0.00131  -0.1038   0.7993   0.0353  15.4825  94.0631
  -3.000   0.1533   0.00764   0.00062  -0.1036   0.7498   0.0917  18.8172  98.6658
  -2.000   0.2597   0.00609   0.00030  -0.1036   0.7218   0.4525  20.7072 122.6280
  -1.000   0.3716   0.00587   0.00035  -0.1036   0.6967   0.5819  22.3993 131.1690
   0.000   0.4834   0.00596   0.00047  -0.1035   0.6696   0.6537  24.2302 135.8666
   1.000   0.5950   0.00613   0.00052  -0.1033   0.6386   0.6861  26.3100 137.9877
   2.000   0.7045   0.00636   0.00056  -0.1029   0.5985   0.7085  29.0162 139.4624
   3.000   0.8102   0.00681   0.00064  -0.1018   0.5344   0.7329  33.3498 141.0651
   4.000   0.9054   0.00783   0.00091  -0.0990   0.4234   0.7606  40.8393 142.9046
   6.000   1.0830   0.01009   0.00177  -0.0915   0.2567   0.8493  52.0818 148.8778
   7.000   1.1788   0.01077   0.00207  -0.0892   0.2263   1.0000  54.1285 160.0000
   8.000   1.2641   0.01178   0.00229  -0.0850   0.1974   1.0000  56.1213 160.0000
   9.000   1.3292   0.01332   0.00261  -0.0775   0.1465   1.0000  59.8041 160.0000
  10.000   1.3774   0.01584   0.00350  -0.0683   0.0889   1.0000  64.2393 160.0000
  11.000   1.4157   0.01932   0.00502  -0.0591   0.0406   1.0000  68.6091 160.0000
  12.000   1.4354   0.02460   0.00783  -0.0495   0.0062   1.0000  75.4026 160.0000
  13.000   1.4704   0.02950   0.01057  -0.0434   0.0044   1.0000  76.4141 160.0000
  14.000   1.4902   0.03630   0.01483  -0.0381   0.0038   1.0000  76.8485 160.0000
  15.000   1.4931   0.04585   0.02148  -0.0345   0.0035   1.0000  77.0429 160.0000
