  
       XFOIL         Version 6.99
  
 Calculated polar for: HQ 3.5/10 AIRFOIL                               
  
 1 1 Reynolds number fixed          Mach number fixed         
  
 xtrf =   1.000 (top)        1.000 (bottom)  
 Mach =   0.000     Re =     1.000 e 6     Ncrit =   9.000  9.000
  
   alpha    CL        CD       CDp       CM     Top_Xtr  Bot_Xtr  Top_Itr  Bot_Itr
  ------ -------- --------- --------- -------- -------- -------- -------- --------
  -5.000  -0.0620   0.01103   0.00319  -0.1069   0.8692   0.0091  11.3038  87.1341
  -4.000   0.0450   0.00864   0.00134  -0.1062   0.8469   0.0114  12.9076  87.6251
  -3.000   0.1557   0.00756   0.00051  -0.1059   0.8217   0.0138  14.7174  88.1143
  -2.000   0.2665   0.00695   0.00023  -0.1056   0.7885   0.0607  17.1188  92.4783
  -1.000   0.3754   0.00552   0.00007  -0.1060   0.7562   0.4946  19.4515 123.2029
   0.000   0.4850   0.00532   0.00022  -0.1055   0.7198   0.6752  22.0741 135.9402
   1.000   0.5945   0.00544   0.00032  -0.1050   0.6800   0.7428  24.9364 140.7239
   2.000   0.7032   0.00568   0.00038  -0.1044   0.6286   0.7803  28.6290 143.3976
   3.000   0.8059   0.00620   0.00050  -0.1027   0.5351   0.8338  35.3384 147.2260
   4.000   0.9029   0.00722   0.00083  -0.1004   0.3817   1.0000  46.3040 160.0000
   5.000   0.9984   0.00875   0.00132  -0.0981   0.2592   1.0000  55.0820 160.0000
   6.000   1.0977   0.00982   0.00166  -0.0965   0.2022   1.0000  59.1813 160.0000
   7.000   1.1759   0.01253   0.00263  -0.0917   0.0528   1.0000  70.7683 160.0000
   8.000   1.2524   0.01522   0.00361  -0.0863   0.0043   1.0000  77.4187 160.0000
