  
       XFOIL         Version 6.99
  
 Calculated polar for: HAM-STD HS1-606 AIRFOIL                         
  
 1 1 Reynolds number fixed          Mach number fixed         
  
 xtrf =   1.000 (top)        1.000 (bottom)  
 Mach =   0.000     Re =     0.500 e 6     Ncrit =   9.000  9.000
  
   alpha    CL        CD       CDp       CM     Top_Xtr  Bot_Xtr  Top_Itr  Bot_Itr
  ------ -------- --------- --------- -------- -------- -------- -------- --------
  -4.000   0.1190   0.01100   0.00261  -0.1273   0.9257   0.0127   7.0919  86.7271
  -3.000   0.2344   0.00910   0.00125  -0.1274   0.9080   0.0153   8.4632  87.1485
  -2.000   0.3461   0.00828   0.00127  -0.1272   0.8878   0.1410   9.9651  97.4029
  -1.000   0.4565   0.00818   0.00130  -0.1265   0.8625   0.1936  11.7896 101.1925
   0.000   0.5682   0.00806   0.00126  -0.1262   0.8404   0.2336  13.3925 104.1032
   1.000   0.6803   0.00777   0.00121  -0.1263   0.8182   0.3248  14.9888 110.7104
   3.000   0.8913   0.00669   0.00089  -0.1227   0.7095   1.0000  22.8645 160.0000
   5.000   1.0597   0.01312   0.00267  -0.1138   0.0617   1.0000  70.1275 160.0000
   6.000   1.1517   0.01561   0.00407  -0.1103   0.0352   1.0000  72.3233 160.0000
   7.000   1.2290   0.01975   0.00650  -0.1044   0.0273   1.0000  73.0413 160.0000
   8.000   1.3149   0.02226   0.00807  -0.1004   0.0213   1.0000  73.6866 160.0000
   9.000   1.3967   0.02424   0.00897  -0.0964   0.0137   1.0000  74.6697 160.0000
  10.000   1.4574   0.02795   0.01010  -0.0890   0.0059   1.0000  76.3241 160.0000
  11.000   1.4835   0.03401   0.01372  -0.0772   0.0045   1.0000  76.8205 160.0000
  12.000   1.4630   0.04577   0.02286  -0.0644   0.0039   1.0000  77.0957 160.0000
  13.000   1.4263   0.06054   0.03586  -0.0583   0.0035   1.0000  77.2726 160.0000
  14.000   1.3444   0.08744   0.06180  -0.0653   0.0035   1.0000  77.2546 160.0000
