  
       XFOIL         Version 6.99
  
 Calculated polar for: HT05                                            
  
 1 1 Reynolds number fixed          Mach number fixed         
  
 xtrf =   1.000 (top)        1.000 (bottom)  
 Mach =   0.000     Re =     0.500 e 6     Ncrit =   9.000  9.000
  
   alpha    CL        CD       CDp       CM     Top_Xtr  Bot_Xtr  Top_Itr  Bot_Itr
  ------ -------- --------- --------- -------- -------- -------- -------- --------
  -6.000  -0.6463   0.01833   0.00813  -0.0062   1.0000   0.0173   1.0000  87.9660
  -5.000  -0.5466   0.01290   0.00383  -0.0039   1.0000   0.0236   1.0000  88.7672
  -4.000  -0.4423   0.01040   0.00194  -0.0020   1.0000   0.0357   1.0000  90.0077
  -3.000  -0.3377   0.00852   0.00092  -0.0003   1.0000   0.1092   1.0000  95.6558
  -2.000  -0.2339   0.00727   0.00063   0.0013   1.0000   0.2858   1.0000 108.1358
  -1.000  -0.1320   0.00613   0.00072   0.0034   1.0000   0.6166   1.0000 131.4448
   0.000   0.0002   0.00489   0.00080  -0.0000   0.9971   0.9972   1.3557 159.6546
   1.000   0.1321   0.00613   0.00072  -0.0034   0.6166   1.0000  29.5626 160.0000
   2.000   0.2340   0.00727   0.00063  -0.0013   0.2856   1.0000  52.8889 160.0000
   3.000   0.3378   0.00852   0.00092   0.0003   0.1090   1.0000  65.3684 160.0000
   4.000   0.4424   0.01040   0.00195   0.0020   0.0357   1.0000  71.0045 160.0000
   5.000   0.5468   0.01290   0.00383   0.0039   0.0236   1.0000  72.2457 160.0000
   6.000   0.6465   0.01829   0.00812   0.0062   0.0174   1.0000  73.0404 160.0000
   7.000   0.7315   0.03038   0.02037   0.0093   0.0159   1.0000  73.2946 160.0000
