  
       XFOIL         Version 6.99
  
 Calculated polar for: HT12                                            
  
 1 1 Reynolds number fixed          Mach number fixed         
  
 xtrf =   1.000 (top)        1.000 (bottom)  
 Mach =   0.000     Re =     1.000 e 6     Ncrit =   9.000  9.000
  
   alpha    CL        CD       CDp       CM     Top_Xtr  Bot_Xtr  Top_Itr  Bot_Itr
  ------ -------- --------- --------- -------- -------- -------- -------- --------
   0.000   0.0001   0.00336   0.00020   0.0000   0.9092   0.9092   8.0594 152.9437
   1.000   0.1072   0.00492   0.00013   0.0017   0.4293   1.0000  42.0302 160.0000
   2.000   0.2192   0.00580   0.00023   0.0017   0.2420   1.0000  55.3100 160.0000
   3.000   0.3309   0.00693   0.00052   0.0017   0.0809   1.0000  67.0245 160.0000
   4.000   0.4427   0.00804   0.00109   0.0019   0.0273   1.0000  71.5173 160.0000
   5.000   0.5536   0.00987   0.00235   0.0024   0.0158   1.0000  73.0264 160.0000
   6.000   0.6631   0.01154   0.00362   0.0029   0.0119   1.0000  73.8133 160.0000
   7.000   0.7684   0.01529   0.00682   0.0038   0.0094   1.0000  74.4363 160.0000
   8.000   0.8690   0.01977   0.01084   0.0045   0.0079   1.0000  74.8612 160.0000
   9.000   0.7133   0.08352   0.07021  -0.0294   0.0111   1.0000  73.9767 160.0000
