  
       XFOIL         Version 6.99
  
 Calculated polar for: HT12                                            
  
 1 1 Reynolds number fixed          Mach number fixed         
  
 xtrf =   1.000 (top)        1.000 (bottom)  
 Mach =   0.000     Re =     0.500 e 6     Ncrit =   9.000  9.000
  
   alpha    CL        CD       CDp       CM     Top_Xtr  Bot_Xtr  Top_Itr  Bot_Itr
  ------ -------- --------- --------- -------- -------- -------- -------- --------
  -6.000  -0.6566   0.01648   0.00673  -0.0042   1.0000   0.0170   1.0000  88.1470
  -5.000  -0.5495   0.01307   0.00388  -0.0033   1.0000   0.0226   1.0000  88.9459
  -4.000  -0.4408   0.00987   0.00161  -0.0025   1.0000   0.0370   1.0000  90.4371
  -3.000  -0.3300   0.00809   0.00066  -0.0023   1.0000   0.1280   1.0000  97.4582
  -2.000  -0.2194   0.00671   0.00038  -0.0022   1.0000   0.3488   1.0000 113.2751
  -1.000  -0.1131   0.00493   0.00028  -0.0011   1.0000   0.7454   1.0000 141.3617
   0.000   0.0001   0.00428   0.00025   0.0000   1.0000   1.0000   1.0000 160.0000
   1.000   0.1132   0.00494   0.00028   0.0011   0.7440   1.0000  19.7342 160.0000
   2.000   0.2196   0.00671   0.00038   0.0022   0.3484   1.0000  47.7497 160.0000
   3.000   0.3301   0.00810   0.00066   0.0023   0.1277   1.0000  63.5590 160.0000
   4.000   0.4409   0.00987   0.00161   0.0025   0.0370   1.0000  70.5614 160.0000
   5.000   0.5497   0.01309   0.00389   0.0033   0.0225   1.0000  72.0517 160.0000
   6.000   0.6568   0.01647   0.00673   0.0042   0.0170   1.0000  72.8474 160.0000
  10.000   0.6616   0.11728   0.09730  -0.0401   0.0205   1.0000  72.3409 160.0000
  11.000   0.6601   0.13413   0.11158  -0.0449   0.0178   1.0000  72.7263 160.0000
  12.000   0.6667   0.14756   0.12182  -0.0462   0.0163   1.0000  72.9550 160.0000
  13.000   0.8049   0.17246   0.17213  -0.0743   0.0146   1.0000  73.2667 160.0000
  14.000   0.8301   0.18730   0.19336  -0.0812   0.0121   1.0000  73.7828 160.0000
  15.000   0.8570   0.20282   0.21252  -0.0857   0.0110   1.0000  74.0084 160.0000
