  
       XFOIL         Version 6.99
  
 Calculated polar for: HT 13                                           
  
 1 1 Reynolds number fixed          Mach number fixed         
  
 xtrf =   1.000 (top)        1.000 (bottom)  
 Mach =   0.000     Re =     0.500 e 6     Ncrit =   9.000  9.000
  
   alpha    CL        CD       CDp       CM     Top_Xtr  Bot_Xtr  Top_Itr  Bot_Itr
  ------ -------- --------- --------- -------- -------- -------- -------- --------
  -6.000  -0.6637   0.01216   0.00307  -0.0039   1.0000   0.0315   1.0000  92.5042
  -5.000  -0.5548   0.01029   0.00187  -0.0032   1.0000   0.0588   1.0000  95.3163
  -4.000  -0.4444   0.00898   0.00120  -0.0027   1.0000   0.1124   1.0000  99.4644
  -3.000  -0.3334   0.00789   0.00077  -0.0023   1.0000   0.1967   1.0000 105.3793
  -2.000  -0.2225   0.00686   0.00054  -0.0020   1.0000   0.3433   1.0000 115.2983
  -1.000  -0.1128   0.00576   0.00045  -0.0013   1.0000   0.5626   1.0000 129.9504
   0.000   0.0002   0.00444   0.00058  -0.0000   0.9944   0.9947   1.7518 159.2947
   1.000   0.1131   0.00577   0.00045   0.0013   0.5619   1.0000  31.0920 160.0000
   2.000   0.2228   0.00686   0.00054   0.0020   0.3430   1.0000  45.7125 160.0000
   3.000   0.3337   0.00789   0.00077   0.0023   0.1965   1.0000  55.6283 160.0000
   4.000   0.4446   0.00898   0.00121   0.0027   0.1123   1.0000  61.5315 160.0000
   5.000   0.5550   0.01029   0.00187   0.0032   0.0587   1.0000  65.6871 160.0000
   6.000   0.6639   0.01216   0.00308   0.0039   0.0314   1.0000  68.5005 160.0000
   7.000   0.7693   0.01507   0.00511   0.0049   0.0206   1.0000  70.2011 160.0000
   8.000   0.8685   0.01971   0.00870   0.0063   0.0164   1.0000  71.0820 160.0000
   9.000   0.9622   0.02495   0.01352   0.0077   0.0140   1.0000  71.7006 160.0000
  10.000   1.0212   0.03712   0.02458   0.0083   0.0130   1.0000  71.9573 160.0000
  11.000   0.7232   0.10435   0.08285  -0.0303   0.0167   1.0000  71.0049 160.0000
