  
       XFOIL         Version 6.99
  
 Calculated polar for: HT 13                                           
  
 1 1 Reynolds number fixed          Mach number fixed         
  
 xtrf =   1.000 (top)        1.000 (bottom)  
 Mach =   0.000     Re =     1.000 e 6     Ncrit =   9.000  9.000
  
   alpha    CL        CD       CDp       CM     Top_Xtr  Bot_Xtr  Top_Itr  Bot_Itr
  ------ -------- --------- --------- -------- -------- -------- -------- --------
  -6.000  -0.6678   0.00973   0.00214  -0.0030   1.0000   0.0234   1.0000  91.2938
  -5.000  -0.5573   0.00849   0.00139  -0.0025   1.0000   0.0439   1.0000  93.9389
  -4.000  -0.4459   0.00746   0.00089  -0.0022   1.0000   0.0879   1.0000  97.6558
  -3.000  -0.3338   0.00667   0.00057  -0.0018   1.0000   0.1478   1.0000 101.9853
  -2.000  -0.2216   0.00585   0.00036  -0.0016   1.0000   0.2532   1.0000 109.2270
  -1.000  -0.1095   0.00511   0.00027  -0.0013   1.0000   0.3977   1.0000 118.9319
   0.000   0.0001   0.00536   0.00023  -0.0000   0.6209   0.6214  27.1606 133.8659
   1.000   0.1098   0.00511   0.00027   0.0013   0.3974   1.0000  42.0777 160.0000
   2.000   0.2218   0.00586   0.00036   0.0016   0.2527   1.0000  51.7989 160.0000
   3.000   0.3340   0.00667   0.00057   0.0018   0.1476   1.0000  59.0206 160.0000
   4.000   0.4461   0.00747   0.00089   0.0022   0.0878   1.0000  63.3424 160.0000
   5.000   0.5576   0.00849   0.00140   0.0025   0.0439   1.0000  67.0593 160.0000
   6.000   0.6681   0.00973   0.00214   0.0030   0.0233   1.0000  69.7167 160.0000
   7.000   0.7770   0.01139   0.00329   0.0037   0.0149   1.0000  71.4692 160.0000
   8.000   0.8833   0.01358   0.00494   0.0045   0.0113   1.0000  72.4921 160.0000
   9.000   0.9830   0.01727   0.00789   0.0056   0.0095   1.0000  73.0755 160.0000
  10.000   1.0775   0.02144   0.01160   0.0070   0.0086   1.0000  73.4041 160.0000
  11.000   1.1605   0.02704   0.01669   0.0083   0.0079   1.0000  73.7075 160.0000
  12.000   1.1981   0.03882   0.02741   0.0080   0.0073   1.0000  73.9181 160.0000
