  
       XFOIL         Version 6.99
  
 Calculated polar for: HT21                                            
  
 1 1 Reynolds number fixed          Mach number fixed         
  
 xtrf =   1.000 (top)        1.000 (bottom)  
 Mach =   0.000     Re =     0.500 e 6     Ncrit =   9.000  9.000
  
   alpha    CL        CD       CDp       CM     Top_Xtr  Bot_Xtr  Top_Itr  Bot_Itr
  ------ -------- --------- --------- -------- -------- -------- -------- --------
  -6.000  -0.6730   0.01680   0.00690   0.0001   1.0000   0.0168   1.0000  88.5694
  -5.000  -0.5615   0.01294   0.00388   0.0001   1.0000   0.0240   1.0000  89.6324
  -4.000  -0.4480   0.01080   0.00243  -0.0002   1.0000   0.0472   1.0000  91.9448
  -3.000  -0.3342   0.00923   0.00164  -0.0008   1.0000   0.1256   1.0000  97.9075
  -2.000  -0.2207   0.00780   0.00125  -0.0015   1.0000   0.3240   1.0000 111.9524
  -1.000  -0.1216   0.00526   0.00108   0.0018   1.0000   0.9281   1.0000 154.2659
   0.000   0.0000   0.00496   0.00081  -0.0000   1.0000   1.0000   1.0000 160.0000
   1.000   0.1216   0.00526   0.00108  -0.0018   0.9290   1.0000   6.6681 160.0000
   2.000   0.2207   0.00780   0.00125   0.0015   0.3239   1.0000  49.0532 160.0000
   3.000   0.3342   0.00923   0.00164   0.0008   0.1256   1.0000  63.0913 160.0000
   4.000   0.4480   0.01080   0.00243   0.0002   0.0471   1.0000  69.0561 160.0000
   5.000   0.5615   0.01294   0.00388  -0.0001   0.0240   1.0000  71.3677 160.0000
   6.000   0.6730   0.01681   0.00691  -0.0002   0.0168   1.0000  72.4269 160.0000
   7.000   0.7791   0.02407   0.01324  -0.0004   0.0141   1.0000  72.9205 160.0000
