  
       XFOIL         Version 6.99
  
 Calculated polar for: HT33                                            
  
 1 1 Reynolds number fixed          Mach number fixed         
  
 xtrf =   1.000 (top)        1.000 (bottom)  
 Mach =   0.000     Re =     0.500 e 6     Ncrit =   9.000  9.000
  
   alpha    CL        CD       CDp       CM     Top_Xtr  Bot_Xtr  Top_Itr  Bot_Itr
  ------ -------- --------- --------- -------- -------- -------- -------- --------
  -6.000  -0.6512   0.01567   0.00575  -0.0047   1.0000   0.0185   1.0000  88.8761
  -5.000  -0.5480   0.01178   0.00284  -0.0031   1.0000   0.0255   1.0000  89.8340
  -4.000  -0.4409   0.00953   0.00133  -0.0021   1.0000   0.0494   1.0000  92.1344
  -3.000  -0.3334   0.00769   0.00059  -0.0016   1.0000   0.2054   1.0000 103.6445
  -2.000  -0.2262   0.00627   0.00035  -0.0010   1.0000   0.4534   1.0000 121.1005
  -1.000  -0.1258   0.00474   0.00035   0.0019   1.0000   0.8109   1.0000 146.0963
   0.000   0.0000   0.00441   0.00043   0.0000   1.0000   1.0000   1.0000 160.0000
   1.000   0.1258   0.00474   0.00035  -0.0019   0.8105   1.0000  14.9279 160.0000
   2.000   0.2263   0.00628   0.00035   0.0010   0.4531   1.0000  39.9174 160.0000
   3.000   0.3335   0.00769   0.00059   0.0016   0.2053   1.0000  57.3605 160.0000
   4.000   0.4410   0.00953   0.00133   0.0021   0.0494   1.0000  68.8659 160.0000
   5.000   0.5481   0.01178   0.00284   0.0031   0.0255   1.0000  71.1671 160.0000
   6.000   0.6513   0.01568   0.00576   0.0047   0.0185   1.0000  72.1233 160.0000
   7.000   0.7522   0.02061   0.01023   0.0063   0.0152   1.0000  72.7262 160.0000
