  
       XFOIL         Version 6.99
  
 Calculated polar for: HT35                                            
  
 1 1 Reynolds number fixed          Mach number fixed         
  
 xtrf =   1.000 (top)        1.000 (bottom)  
 Mach =   0.000     Re =     1.000 e 6     Ncrit =   9.000  9.000
  
   alpha    CL        CD       CDp       CM     Top_Xtr  Bot_Xtr  Top_Itr  Bot_Itr
  ------ -------- --------- --------- -------- -------- -------- -------- --------
  -6.000  -0.6648   0.01016   0.00235  -0.0015   1.0000   0.0180   1.0000  89.7540
  -5.000  -0.5663   0.00878   0.00147   0.0013   1.0000   0.0300   1.0000  91.5924
  -4.000  -0.4682   0.00769   0.00088   0.0042   1.0000   0.0698   1.0000  95.2845
  -3.000  -0.3736   0.00657   0.00047   0.0076   1.0000   0.1838   1.0000 103.5608
  -2.000  -0.2354   0.00535   0.00027   0.0013   0.9846   0.4001   2.6817 118.4677
  -1.000  -0.0989   0.00445   0.00019  -0.0039   0.9257   0.6060   6.8616 132.4942
   0.000   0.0000   0.00427   0.00013   0.0000   0.7751   0.7751  17.0508 143.9507
   1.000   0.0990   0.00445   0.00019   0.0039   0.6060   0.9257  28.5075 154.1394
   2.000   0.2354   0.00535   0.00027  -0.0013   0.4000   0.9846  42.5341 158.3188
   3.000   0.3736   0.00657   0.00047  -0.0076   0.1838   1.0000  57.4398 160.0000
   4.000   0.4683   0.00769   0.00088  -0.0042   0.0697   1.0000  65.7162 160.0000
   5.000   0.5663   0.00878   0.00147  -0.0013   0.0300   1.0000  69.4079 160.0000
   6.000   0.6648   0.01016   0.00235   0.0015   0.0180   1.0000  71.2461 160.0000
   7.000   0.7621   0.01202   0.00365   0.0043   0.0135   1.0000  72.2607 160.0000
   8.000   0.8547   0.01487   0.00573   0.0073   0.0107   1.0000  73.0287 160.0000
   9.000   0.9462   0.01786   0.00828   0.0103   0.0095   1.0000  73.4153 160.0000
  10.000   1.0299   0.02164   0.01149   0.0135   0.0085   1.0000  73.7745 160.0000
  11.000   1.0710   0.03072   0.01957   0.0195   0.0076   1.0000  74.0832 160.0000
  12.000   1.0408   0.04163   0.02948   0.0279   0.0074   1.0000  74.1673 160.0000
  13.000   0.8940   0.08819   0.07501  -0.0059   0.0079   1.0000  73.9868 160.0000
