  
       XFOIL         Version 6.99
  
 Calculated polar for: I.S.A. 960                                      
  
 1 1 Reynolds number fixed          Mach number fixed         
  
 xtrf =   1.000 (top)        1.000 (bottom)  
 Mach =   0.000     Re =     0.500 e 6     Ncrit =   9.000  9.000
  
   alpha    CL        CD       CDp       CM     Top_Xtr  Bot_Xtr  Top_Itr  Bot_Itr
  ------ -------- --------- --------- -------- -------- -------- -------- --------
  -6.000  -0.0896   0.01316   0.00331  -0.0950   0.5298   0.0279  33.4900  94.3733
  -5.000   0.0110   0.01289   0.00212  -0.0933   0.1980   0.0418  55.3275  95.8383
  -4.000   0.1214   0.01262   0.00197  -0.0927   0.1257   0.0822  61.5994  99.4698
  -3.000   0.2327   0.01251   0.00191  -0.0924   0.1214   0.1042  62.0119 101.1002
  -2.000   0.3437   0.01247   0.00195  -0.0921   0.1203   0.1234  62.1164 102.5499
  -1.000   0.4539   0.01254   0.00209  -0.0918   0.1195   0.1704  62.2039 105.7992
   0.000   0.5628   0.01254   0.00234  -0.0916   0.1194   0.2967  62.2107 113.8985
   1.000   0.6675   0.01151   0.00274  -0.0906   0.1196   1.0000  62.1932 160.0000
   2.000   0.7729   0.01235   0.00315  -0.0897   0.1199   1.0000  62.1574 160.0000
   3.000   0.8761   0.01333   0.00367  -0.0886   0.1204   1.0000  62.1090 160.0000
   4.000   0.9760   0.01451   0.00430  -0.0872   0.1207   1.0000  62.0827 160.0000
   5.000   1.0723   0.01589   0.00517  -0.0853   0.1188   1.0000  62.2717 160.0000
   6.000   1.1581   0.01843   0.00670  -0.0822   0.1124   1.0000  62.8884 160.0000
   7.000   1.2457   0.02040   0.00803  -0.0795   0.1037   1.0000  63.7623 160.0000
   8.000   1.3436   0.01997   0.00709  -0.0783   0.0819   1.0000  66.2464 160.0000
   9.000   1.4045   0.02276   0.00759  -0.0713   0.0142   1.0000  74.7013 160.0000
  10.000   1.4360   0.02774   0.01039  -0.0621   0.0115   1.0000  75.2854 160.0000
  11.000   1.4494   0.03503   0.01525  -0.0544   0.0101   1.0000  75.6450 160.0000
  12.000   1.4324   0.04691   0.02407  -0.0496   0.0092   1.0000  75.8876 160.0000
  13.000   1.4044   0.06183   0.03574  -0.0479   0.0085   1.0000  76.0904 160.0000
  14.000   1.3900   0.07698   0.04831  -0.0495   0.0081   1.0000  76.2490 160.0000
  15.000   1.3697   0.09411   0.06336  -0.0529   0.0078   1.0000  76.3702 160.0000
