  
       XFOIL         Version 6.99
  
 Calculated polar for: IST-MT1-12                                      
  
 1 1 Reynolds number fixed          Mach number fixed         
  
 xtrf =   1.000 (top)        1.000 (bottom)  
 Mach =   0.000     Re =     0.500 e 6     Ncrit =   9.000  9.000
  
   alpha    CL        CD       CDp       CM     Top_Xtr  Bot_Xtr  Top_Itr  Bot_Itr
  ------ -------- --------- --------- -------- -------- -------- -------- --------
   0.000   0.8970   0.00994   0.00333  -0.2331   0.8082   0.4360  15.1829 120.7177
   1.000   1.0139   0.00985   0.00320  -0.2345   0.7976   0.4625  15.9184 122.4466
   2.000   1.1281   0.00986   0.00318  -0.2355   0.7851   0.4944  16.7795 124.5422
   3.000   1.2423   0.00959   0.00273  -0.2360   0.7661   0.5360  18.1012 127.2763
   4.000   1.3462   0.00915   0.00189  -0.2341   0.7140   0.5970  21.7372 131.2990
   5.000   1.3851   0.01233   0.00247  -0.2198   0.4452   0.7041  40.0210 138.3946
   6.000   1.3280   0.02043   0.00658  -0.1912   0.0436   1.0000  68.5365 160.0000
   7.000   1.3813   0.02442   0.00870  -0.1829   0.0254   1.0000  70.5795 160.0000
   8.000   1.4226   0.02947   0.01167  -0.1737   0.0199   1.0000  71.4467 160.0000
   9.000   1.4419   0.03656   0.01602  -0.1623   0.0169   1.0000  71.9932 160.0000
  10.000   1.4852   0.04198   0.01949  -0.1546   0.0148   1.0000  72.4793 160.0000
  11.000   1.5271   0.04801   0.02302  -0.1467   0.0132   1.0000  72.8484 160.0000
  12.000   1.5905   0.05523   0.02674  -0.1395   0.0121   1.0000  73.1585 160.0000
  13.000   1.6084   0.06684   0.03563  -0.1301   0.0113   1.0000  73.3819 160.0000
  14.000   1.5568   0.08561   0.05278  -0.1200   0.0118   1.0000  73.2432 160.0000
