  
       XFOIL         Version 6.99
  
 Calculated polar for: IST-MT1-18                                      
  
 1 1 Reynolds number fixed          Mach number fixed         
  
 xtrf =   1.000 (top)        1.000 (bottom)  
 Mach =   0.000     Re =     0.500 e 6     Ncrit =   9.000  9.000
  
   alpha    CL        CD       CDp       CM     Top_Xtr  Bot_Xtr  Top_Itr  Bot_Itr
  ------ -------- --------- --------- -------- -------- -------- -------- --------
  -6.000   0.3696   0.01273   0.00327  -0.2371   0.6286   0.1111  22.0808 109.7667
  -5.000   0.5001   0.01199   0.00288  -0.2415   0.6177   0.1544  22.6438 113.2250
  -4.000   0.6263   0.01185   0.00284  -0.2446   0.6066   0.2006  23.2121 116.2063
  -3.000   0.7490   0.01187   0.00291  -0.2467   0.5963   0.2363  23.7547 118.2492
  -2.000   0.8698   0.01211   0.00307  -0.2484   0.5859   0.2656  24.3008 119.8073
  -1.000   0.9896   0.01232   0.00311  -0.2500   0.5757   0.2910  24.8449 121.0932
   0.000   1.1082   0.01257   0.00327  -0.2514   0.5659   0.3154  25.3710 122.2803
   1.000   1.2260   0.01290   0.00332  -0.2527   0.5556   0.3393  25.9274 123.4179
   2.000   1.3405   0.01323   0.00348  -0.2534   0.5458   0.3646  26.4641 124.6149
   3.000   1.4556   0.01377   0.00357  -0.2543   0.5356   0.3928  27.0238 125.9491
   4.000   1.5655   0.01412   0.00375  -0.2544   0.5257   0.4271  27.5754 127.5906
   5.000   1.6753   0.01475   0.00391  -0.2545   0.5154   0.4732  28.1506 129.8157
   6.000   1.7805   0.01525   0.00407  -0.2539   0.5044   0.5488  28.7677 133.5082
   7.000   1.8823   0.01590   0.00441  -0.2527   0.4929   0.7243  29.4229 142.3759
   9.000   2.0434   0.01759   0.00446  -0.2421   0.4670   1.0000  30.9117 160.0000
  10.000   2.0915   0.01922   0.00452  -0.2315   0.4464   1.0000  32.1069 160.0000
  11.000   2.1302   0.02197   0.00522  -0.2209   0.4231   1.0000  33.4804 160.0000
  12.000   2.1564   0.02663   0.00693  -0.2109   0.3996   1.0000  34.8803 160.0000
  13.000   2.1622   0.03443   0.01059  -0.2021   0.3709   1.0000  36.6007 160.0000
  14.000   2.1336   0.04646   0.01704  -0.1929   0.3359   1.0000  38.7259 160.0000
  15.000   2.0778   0.06234   0.02666  -0.1843   0.2952   1.0000  41.2320 160.0000
