  
       XFOIL         Version 6.99
  
 Calculated polar for: J5012   12%                                     
  
 1 1 Reynolds number fixed          Mach number fixed         
  
 xtrf =   1.000 (top)        1.000 (bottom)  
 Mach =   0.000     Re =     0.500 e 6     Ncrit =   9.000  9.000
  
   alpha    CL        CD       CDp       CM     Top_Xtr  Bot_Xtr  Top_Itr  Bot_Itr
  ------ -------- --------- --------- -------- -------- -------- -------- --------
  -6.000  -0.7219   0.01263   0.00279   0.0108   0.9865   0.0812   2.4527  98.8602
  -5.000  -0.5936   0.01083   0.00206   0.0059   0.9731   0.1897   3.5256 106.5507
  -4.000  -0.4666   0.00906   0.00157   0.0016   0.9586   0.3738   4.5625 118.6588
  -3.000  -0.3353   0.00768   0.00129  -0.0029   0.9438   0.5452   5.5655 129.7392
  -2.000  -0.2130   0.00676   0.00113  -0.0045   0.9207   0.6723   7.0804 137.9251
  -1.000  -0.1067   0.00629   0.00105  -0.0023   0.8807   0.7620   9.6640 143.6983
   0.000  -0.0000   0.00615   0.00101   0.0000   0.8296   0.8295  12.9559 148.0431
   1.000   0.1067   0.00629   0.00105   0.0023   0.7620   0.8807  17.3052 151.3358
   2.000   0.2130   0.00676   0.00113   0.0045   0.6723   0.9207  23.0745 153.9190
   3.000   0.3353   0.00768   0.00129   0.0029   0.5452   0.9438  31.2607 155.4346
   4.000   0.4666   0.00906   0.00157  -0.0016   0.3738   0.9587  42.3408 156.4380
   5.000   0.5936   0.01083   0.00206  -0.0059   0.1896   0.9731  54.4528 157.4750
   6.000   0.7219   0.01263   0.00279  -0.0109   0.0812   0.9865  62.1405 158.5490
   7.000   0.8532   0.01432   0.00376  -0.0164   0.0451   0.9981  65.4550 159.7731
   8.000   0.9189   0.01631   0.00498  -0.0087   0.0331   1.0000  66.9532 160.0000
   9.000   0.9681   0.01808   0.00614   0.0025   0.0284   1.0000  67.6989 160.0000
  10.000   1.0023   0.02104   0.00799   0.0158   0.0255   1.0000  68.1899 160.0000
  11.000   1.0348   0.02355   0.00951   0.0288   0.0231   1.0000  68.6553 160.0000
  12.000   1.0587   0.02857   0.01270   0.0401   0.0213   1.0000  69.0236 160.0000
  13.000   1.0793   0.03368   0.01658   0.0489   0.0201   1.0000  69.2909 160.0000
  14.000   1.0838   0.04099   0.02226   0.0541   0.0188   1.0000  69.5984 160.0000
  15.000   1.0691   0.05225   0.03149   0.0538   0.0180   1.0000  69.7850 160.0000
