  
       XFOIL         Version 6.99
  
 Calculated polar for: JX-GS-10                                        
  
 1 1 Reynolds number fixed          Mach number fixed         
  
 xtrf =   1.000 (top)        1.000 (bottom)  
 Mach =   0.000     Re =     0.500 e 6     Ncrit =   9.000  9.000
  
   alpha    CL        CD       CDp       CM     Top_Xtr  Bot_Xtr  Top_Itr  Bot_Itr
  ------ -------- --------- --------- -------- -------- -------- -------- --------
  -3.000  -0.2243   0.01090   0.00169  -0.0187   0.9921   0.0091   2.0072  86.0152
  -2.000  -0.0819   0.00672   0.00038  -0.0259   0.9665   0.3927   3.9847 115.4386
  -1.000   0.0496   0.00481   0.00045  -0.0286   0.8990   0.9466   8.9028 155.5807
   0.000   0.2106   0.00516   0.00023  -0.0383   0.7810   1.0000  17.4991 160.0000
   1.000   0.3037   0.00561   0.00023  -0.0341   0.6718   1.0000  25.4481 160.0000
   2.000   0.4011   0.00614   0.00029  -0.0308   0.5739   1.0000  32.5816 160.0000
   3.000   0.5000   0.00682   0.00038  -0.0281   0.4694   1.0000  40.2106 160.0000
   4.000   0.5985   0.00779   0.00058  -0.0256   0.3418   1.0000  49.5466 160.0000
   5.000   0.6963   0.00917   0.00097  -0.0233   0.2057   1.0000  59.5667 160.0000
   6.000   0.7921   0.01105   0.00168  -0.0209   0.0846   1.0000  68.7235 160.0000
   7.000   0.8848   0.01358   0.00302  -0.0180   0.0310   1.0000  73.2085 160.0000
   8.000   0.9718   0.01688   0.00499  -0.0141   0.0190   1.0000  74.4727 160.0000
   9.000   1.0495   0.02145   0.00787  -0.0095   0.0125   1.0000  75.3694 160.0000
  10.000   1.1238   0.02517   0.01011  -0.0056   0.0066   1.0000  76.5813 160.0000
  11.000   1.1612   0.03206   0.01507   0.0017   0.0042   1.0000  77.3307 160.0000
  12.000   1.1415   0.04089   0.02222   0.0105   0.0036   1.0000  77.6162 160.0000
  13.000   1.0911   0.06037   0.04008   0.0015   0.0034   1.0000  77.6866 160.0000
  14.000   0.7323   0.15195   0.12147  -0.0457   0.0109   1.0000  75.6325 160.0000
