  
       XFOIL         Version 6.99
  
 Calculated polar for: JX-GS-06                                        
  
 1 1 Reynolds number fixed          Mach number fixed         
  
 xtrf =   1.000 (top)        1.000 (bottom)  
 Mach =   0.000     Re =     1.000 e 6     Ncrit =   9.000  9.000
  
   alpha    CL        CD       CDp       CM     Top_Xtr  Bot_Xtr  Top_Itr  Bot_Itr
  ------ -------- --------- --------- -------- -------- -------- -------- --------
  -3.000  -0.1867   0.00332   0.00030  -0.0235   0.9801   0.0056   2.9416  84.9646
  -2.000  -0.0638   0.00639   0.00002  -0.0260   0.9132   0.0965   7.8649  93.3867
  -1.000   0.0305   0.00511  -0.00015  -0.0224   0.7460   0.5506  20.1140 126.7062
   0.000   0.1523   0.00438  -0.00004  -0.0239   0.6231   0.9818  29.1057 158.1985
   1.000   0.2879   0.00482  -0.00003  -0.0291   0.5244   1.0000  36.3362 160.0000
   2.000   0.3881   0.00531   0.00005  -0.0266   0.4332   1.0000  43.0308 160.0000
   3.000   0.4894   0.00596   0.00019  -0.0244   0.3362   1.0000  50.1645 160.0000
   4.000   0.5908   0.00678   0.00041  -0.0223   0.2408   1.0000  57.2108 160.0000
   5.000   0.6924   0.00781   0.00074  -0.0205   0.1528   1.0000  63.7773 160.0000
   6.000   0.7933   0.00908   0.00125  -0.0188   0.0783   1.0000  69.4947 160.0000
   7.000   0.8926   0.01068   0.00201  -0.0169   0.0297   1.0000  73.6054 160.0000
   8.000   0.9905   0.01250   0.00301  -0.0148   0.0140   1.0000  75.3459 160.0000
   9.000   1.0849   0.01465   0.00425  -0.0125   0.0078   1.0000  76.4226 160.0000
  10.000   1.1701   0.01785   0.00601  -0.0094   0.0026   1.0000  78.0773 160.0000
  11.000   1.2437   0.02195   0.00873  -0.0050   0.0020   1.0000  78.4850 160.0000
  12.000   1.2959   0.02710   0.01253   0.0008   0.0016   1.0000  78.7319 160.0000
  13.000   1.2722   0.03548   0.01897   0.0116   0.0014   1.0000  78.8648 160.0000
  14.000   1.2116   0.05721   0.03826   0.0004   0.0014   1.0000  78.8836 160.0000
  15.000   1.1322   0.08950   0.06966  -0.0185   0.0015   1.0000  78.8007 160.0000
