  
       XFOIL         Version 6.99
  
 Calculated polar for: JX-GS-10                                        
  
 1 1 Reynolds number fixed          Mach number fixed         
  
 xtrf =   1.000 (top)        1.000 (bottom)  
 Mach =   0.000     Re =     1.000 e 6     Ncrit =   9.000  9.000
  
   alpha    CL        CD       CDp       CM     Top_Xtr  Bot_Xtr  Top_Itr  Bot_Itr
  ------ -------- --------- --------- -------- -------- -------- -------- --------
  -4.000  -0.3110   0.01239   0.00342  -0.0240   0.9924   0.0057   1.9741  85.0961
  -3.000  -0.1776   0.00812   0.00073  -0.0278   0.9699   0.0053   3.7312  84.9820
  -2.000  -0.0596   0.00594  -0.00004  -0.0289   0.8881   0.2266   9.6995 103.3385
  -1.000   0.0362   0.00477  -0.00011  -0.0256   0.7727   0.6312  18.1020 132.7203
   0.000   0.1488   0.00422   0.00001  -0.0248   0.6729   0.9676  25.3663 157.1061
   1.000   0.3026   0.00469  -0.00000  -0.0341   0.5739   0.9997  32.5768 159.9572
   2.000   0.4027   0.00515   0.00007  -0.0316   0.4808   1.0000  39.3769 160.0000
   3.000   0.5020   0.00582   0.00019  -0.0291   0.3734   1.0000  47.2322 160.0000
   4.000   0.6010   0.00678   0.00043  -0.0267   0.2522   1.0000  56.1303 160.0000
   5.000   0.6997   0.00797   0.00082  -0.0244   0.1420   1.0000  64.3297 160.0000
   6.000   0.7974   0.00947   0.00143  -0.0222   0.0551   1.0000  71.0919 160.0000
   7.000   0.8952   0.01111   0.00226  -0.0199   0.0217   1.0000  74.1532 160.0000
   8.000   0.9908   0.01302   0.00332  -0.0174   0.0126   1.0000  75.3438 160.0000
   9.000   1.0853   0.01482   0.00436  -0.0153   0.0073   1.0000  76.3827 160.0000
  10.000   1.1747   0.01706   0.00565  -0.0126   0.0038   1.0000  77.5051 160.0000
  11.000   1.2516   0.02051   0.00775  -0.0085   0.0018   1.0000  78.5787 160.0000
  12.000   1.3009   0.02592   0.01148  -0.0017   0.0011   1.0000  79.1666 160.0000
  13.000   1.3029   0.03217   0.01599   0.0094   0.0008   1.0000  79.4376 160.0000
  14.000   1.2603   0.04632   0.02778   0.0089   0.0008   1.0000  79.5241 160.0000
  15.000   1.1712   0.07859   0.05816  -0.0110   0.0008   1.0000  79.4523 160.0000
