  
       XFOIL         Version 6.99
  
 Calculated polar for: JX-GS-04                                        
  
 1 1 Reynolds number fixed          Mach number fixed         
  
 xtrf =   1.000 (top)        1.000 (bottom)  
 Mach =   0.000     Re =     0.500 e 6     Ncrit =   9.000  9.000
  
   alpha    CL        CD       CDp       CM     Top_Xtr  Bot_Xtr  Top_Itr  Bot_Itr
  ------ -------- --------- --------- -------- -------- -------- -------- --------
  -3.000  -0.2395   0.01080   0.00206  -0.0121   1.0000   0.0122   1.0000  87.5032
  -2.000  -0.1224   0.00777   0.00045  -0.0128   0.9877   0.1058   2.3834  95.8406
  -1.000   0.0096   0.00471   0.00041  -0.0167   0.8775   0.8978  10.3405 152.0986
   0.000   0.1641   0.00546   0.00024  -0.0248   0.6607   1.0000  25.7188 160.0000
   1.000   0.2627   0.00602   0.00028  -0.0217   0.5566   1.0000  33.0979 160.0000
   2.000   0.3647   0.00651   0.00037  -0.0194   0.4796   1.0000  38.5694 160.0000
   3.000   0.4679   0.00708   0.00049  -0.0174   0.4017   1.0000  44.1251 160.0000
   4.000   0.5715   0.00787   0.00067  -0.0156   0.3082   1.0000  50.8442 160.0000
   5.000   0.6742   0.00900   0.00103  -0.0141   0.2069   1.0000  58.1861 160.0000
   6.000   0.7760   0.01044   0.00162  -0.0126   0.1195   1.0000  64.6593 160.0000
   7.000   0.8749   0.01245   0.00261  -0.0108   0.0516   1.0000  70.0492 160.0000
   8.000   0.9695   0.01518   0.00420  -0.0085   0.0240   1.0000  72.7681 160.0000
   9.000   1.0505   0.01992   0.00720  -0.0047   0.0150   1.0000  74.0209 160.0000
  10.000   1.1252   0.02476   0.01047  -0.0009   0.0104   1.0000  74.9599 160.0000
  11.000   1.1845   0.03022   0.01451   0.0037   0.0076   1.0000  75.7399 160.0000
  12.000   1.1679   0.03987   0.02227   0.0116   0.0061   1.0000  76.2089 160.0000
  13.000   1.1278   0.05839   0.03914   0.0013   0.0056   1.0000  76.4168 160.0000
  14.000   1.0332   0.09368   0.07414  -0.0209   0.0064   1.0000  76.1032 160.0000
  15.000   0.7283   0.17198   0.14757  -0.0600   0.0139   1.0000  74.2495 160.0000
