  
       XFOIL         Version 6.99
  
 Calculated polar for: NYU/GRUMMAN K-1 AIRFOIL                         
  
 1 1 Reynolds number fixed          Mach number fixed         
  
 xtrf =   1.000 (top)        1.000 (bottom)  
 Mach =   0.000     Re =     0.500 e 6     Ncrit =   9.000  9.000
  
   alpha    CL        CD       CDp       CM     Top_Xtr  Bot_Xtr  Top_Itr  Bot_Itr
  ------ -------- --------- --------- -------- -------- -------- -------- --------
  -6.000  -0.3736   0.01212   0.00332  -0.0867   0.9537   0.0481   4.7108  99.6554
  -5.000  -0.2612   0.00982   0.00236  -0.0892   0.9419   0.2114   5.5025 116.6250
  -4.000  -0.1463   0.00844   0.00211  -0.0912   0.9322   0.4225   6.1329 127.9611
  -3.000  -0.0314   0.00814   0.00233  -0.0918   0.9213   0.5272   6.8083 133.2268
  -2.000   0.0831   0.00816   0.00256  -0.0919   0.9093   0.5759   7.5175 135.6229
  -1.000   0.1914   0.00786   0.00237  -0.0896   0.8881   0.6118   8.7253 137.3628
   0.000   0.3001   0.00745   0.00193  -0.0872   0.8556   0.6396  10.4871 138.6990
   1.000   0.4131   0.00731   0.00172  -0.0862   0.8213   0.6626  12.2881 139.8081
   2.000   0.5253   0.00731   0.00150  -0.0850   0.7526   0.6825  15.8772 140.7743
   3.000   0.6139   0.01034   0.00202  -0.0809   0.2785   0.7005  40.0663 141.6643
   4.000   0.7181   0.01191   0.00267  -0.0799   0.1579   0.7180  47.1377 142.5456
   5.000   0.8255   0.01289   0.00311  -0.0791   0.1178   0.7352  50.5319 143.4301
   6.000   0.9265   0.01467   0.00385  -0.0775   0.0435   0.7523  61.8761 144.3338
   7.000   1.0235   0.01689   0.00518  -0.0751   0.0314   0.7698  64.9872 145.2781
   8.000   1.1176   0.01915   0.00667  -0.0723   0.0265   0.7884  66.4263 146.2974
   9.000   1.2056   0.02179   0.00845  -0.0689   0.0227   0.8090  67.6469 147.4529
  10.000   1.2841   0.02534   0.01095  -0.0643   0.0203   0.8345  68.4519 148.9091
  11.000   1.3481   0.02929   0.01390  -0.0578   0.0183   0.8907  69.1590 152.2232
  12.000   1.3918   0.03350   0.01707  -0.0494   0.0165   1.0000  69.8291 160.0000
  13.000   1.4073   0.04095   0.02303  -0.0406   0.0151   1.0000  70.3417 160.0000
  14.000   1.4027   0.05051   0.03101  -0.0342   0.0142   1.0000  70.7140 160.0000
  15.000   1.3742   0.06485   0.04338  -0.0334   0.0137   1.0000  70.9134 160.0000
