  
       XFOIL         Version 6.99
  
 Calculated polar for: K3311  (original)                               
  
 1 1 Reynolds number fixed          Mach number fixed         
  
 xtrf =   1.000 (top)        1.000 (bottom)  
 Mach =   0.000     Re =     0.500 e 6     Ncrit =   9.000  9.000
  
   alpha    CL        CD       CDp       CM     Top_Xtr  Bot_Xtr  Top_Itr  Bot_Itr
  ------ -------- --------- --------- -------- -------- -------- -------- --------
  -5.000  -0.1346   0.01598   0.00718  -0.0881   0.8887   0.0376   9.8520  94.1327
  -4.000  -0.0305   0.01317   0.00414  -0.0859   0.8404   0.0363  13.0964  94.0116
  -3.000   0.0686   0.01067   0.00221  -0.0830   0.7901   0.0366  16.5138  94.0383
  -2.000   0.1704   0.00947   0.00123  -0.0808   0.7486   0.0394  19.3171  94.3064
  -1.000   0.2758   0.00900   0.00076  -0.0791   0.7057   0.0564  22.2387  95.8590
   0.000   0.3673   0.00721   0.00078  -0.0757   0.6682   0.6661  24.8385 136.6118
   1.000   0.5259   0.00676   0.00089  -0.0854   0.6312   0.9963  27.3763 159.5070
   2.000   0.6292   0.00704   0.00085  -0.0838   0.5876   1.0000  30.3878 160.0000
   3.000   0.7275   0.00753   0.00092  -0.0810   0.5498   1.0000  32.9530 160.0000
   4.000   0.8265   0.00807   0.00106  -0.0785   0.5095   1.0000  35.6523 160.0000
   5.000   0.9247   0.00869   0.00122  -0.0760   0.4659   1.0000  38.5730 160.0000
   6.000   1.0201   0.00945   0.00138  -0.0730   0.4044   1.0000  42.7154 160.0000
   7.000   1.1003   0.01117   0.00182  -0.0677   0.2834   1.0000  50.9825 160.0000
   8.000   1.1590   0.01432   0.00302  -0.0596   0.1106   1.0000  63.2915 160.0000
   9.000   1.1878   0.01842   0.00486  -0.0464   0.0199   1.0000  71.7967 160.0000
  10.000   1.2226   0.02189   0.00664  -0.0355   0.0155   1.0000  72.6242 160.0000
  11.000   1.2264   0.02830   0.01055  -0.0246   0.0133   1.0000  73.0587 160.0000
  12.000   1.2474   0.03498   0.01515  -0.0190   0.0118   1.0000  73.4547 160.0000
  13.000   1.2602   0.04352   0.02127  -0.0152   0.0107   1.0000  73.7292 160.0000
  14.000   1.2693   0.05363   0.02829  -0.0115   0.0099   1.0000  73.9417 160.0000
  15.000   1.2601   0.06716   0.03916  -0.0109   0.0094   1.0000  74.0771 160.0000
