  
       XFOIL         Version 6.99
  
 Calculated polar for: K3311  (original)                               
  
 1 1 Reynolds number fixed          Mach number fixed         
  
 xtrf =   1.000 (top)        1.000 (bottom)  
 Mach =   0.000     Re =     1.000 e 6     Ncrit =   9.000  9.000
  
   alpha    CL        CD       CDp       CM     Top_Xtr  Bot_Xtr  Top_Itr  Bot_Itr
  ------ -------- --------- --------- -------- -------- -------- -------- --------
  -6.000  -0.2353   0.01627   0.00888  -0.0887   0.8730   0.0235  10.9114  92.4386
  -5.000  -0.1377   0.01331   0.00555  -0.0860   0.8223   0.0261  14.3168  92.8225
  -4.000  -0.0379   0.01096   0.00318  -0.0834   0.7670   0.0268  18.0782  92.9266
  -2.000   0.1662   0.00825   0.00090  -0.0794   0.6829   0.0290  23.8217  93.1848
  -1.000   0.2730   0.00785   0.00048  -0.0782   0.6520   0.0325  25.9450  93.5807
   0.000   0.3788   0.00708   0.00027  -0.0772   0.6216   0.2402  28.0364 108.4532
   1.000   0.4767   0.00600   0.00031  -0.0748   0.5757   0.6793  31.2031 137.4709
   2.000   0.6352   0.00571   0.00047  -0.0852   0.5306   1.0000  34.2384 160.0000
   3.000   0.7347   0.00612   0.00056  -0.0828   0.4935   1.0000  36.7214 160.0000
   4.000   0.8350   0.00659   0.00068  -0.0805   0.4592   1.0000  39.0164 160.0000
   5.000   0.9344   0.00715   0.00081  -0.0782   0.4066   1.0000  42.5638 160.0000
   6.000   1.0242   0.00838   0.00116  -0.0744   0.3050   1.0000  49.5096 160.0000
   7.000   1.1032   0.01038   0.00188  -0.0690   0.1698   1.0000  58.9205 160.0000
   8.000   1.1587   0.01375   0.00343  -0.0600   0.0210   1.0000  71.6235 160.0000
   9.000   1.2268   0.01577   0.00434  -0.0529   0.0122   1.0000  73.3566 160.0000
  10.000   1.2677   0.01848   0.00558  -0.0416   0.0094   1.0000  74.0681 160.0000
  11.000   1.3109   0.02156   0.00726  -0.0329   0.0081   1.0000  74.5157 160.0000
  12.000   1.3325   0.02691   0.01059  -0.0248   0.0071   1.0000  74.8714 160.0000
  13.000   1.3326   0.03565   0.01669  -0.0190   0.0065   1.0000  75.0890 160.0000
  14.000   1.3480   0.04429   0.02319  -0.0171   0.0060   1.0000  75.3547 160.0000
  15.000   1.3472   0.05560   0.03211  -0.0168   0.0055   1.0000  75.5689 160.0000
