  
       XFOIL         Version 6.99
  
 Calculated polar for: GRUMMAN K-3 AIRFOIL                             
  
 1 1 Reynolds number fixed          Mach number fixed         
  
 xtrf =   1.000 (top)        1.000 (bottom)  
 Mach =   0.000     Re =     1.000 e 6     Ncrit =   9.000  9.000
  
   alpha    CL        CD       CDp       CM     Top_Xtr  Bot_Xtr  Top_Itr  Bot_Itr
  ------ -------- --------- --------- -------- -------- -------- -------- --------
  -6.000  -0.1511   0.00871   0.00215  -0.1387   0.9230   0.2361   6.9115 118.9446
  -5.000  -0.0182   0.00757   0.00166  -0.1445   0.9138   0.3387   7.4955 124.4807
  -4.000   0.1152   0.00686   0.00142  -0.1494   0.9054   0.4390   8.0241 129.6460
  -3.000   0.2414   0.00669   0.00140  -0.1522   0.8941   0.4799   8.7022 131.6804
  -2.000   0.3633   0.00648   0.00104  -0.1532   0.8617   0.5048  10.5720 132.8783
  -1.000   0.4848   0.00651   0.00089  -0.1542   0.8249   0.5236  12.5477 133.7571
   0.000   0.6038   0.00670   0.00081  -0.1547   0.7779   0.5404  14.9556 134.5259
   1.000   0.6869   0.00864   0.00106  -0.1479   0.5061   0.5551  28.0709 135.1844
   2.000   0.7619   0.01127   0.00179  -0.1405   0.2135   0.5662  41.5939 135.6705
   3.000   0.8574   0.01260   0.00216  -0.1368   0.1342   0.5753  46.6212 136.0702
   4.000   0.9539   0.01355   0.00249  -0.1331   0.1077   0.5878  48.9485 136.6061
   5.000   1.0436   0.01459   0.00278  -0.1280   0.0892   0.5966  50.9609 136.9829
   6.000   1.1376   0.01579   0.00324  -0.1241   0.0678   0.6104  53.8674 137.5669
   7.000   1.2237   0.01751   0.00391  -0.1189   0.0428   0.6204  58.4225 137.9891
   8.000   1.3054   0.01955   0.00490  -0.1132   0.0284   0.6355  61.9173 138.6296
   9.000   1.3845   0.02169   0.00592  -0.1072   0.0229   0.6484  63.4992 139.1791
  10.000   1.4580   0.02417   0.00718  -0.1008   0.0199   0.6645  64.4246 139.8734
  11.000   1.5220   0.02730   0.00887  -0.0934   0.0179   0.6815  65.0651 140.6222
  12.000   1.5822   0.03065   0.01074  -0.0862   0.0168   0.7015  65.4515 141.5144
  13.000   1.6298   0.03505   0.01335  -0.0784   0.0158   0.7251  65.7771 142.5929
  14.000   1.6531   0.04168   0.01769  -0.0696   0.0151   0.7549  66.0336 143.9879
  15.000   1.6794   0.04883   0.02266  -0.0632   0.0147   0.8076  66.1728 146.5806
