  
       XFOIL         Version 6.99
  
 Calculated polar for: KC-135 BL124.32 AIRFOIL                         
  
 1 1 Reynolds number fixed          Mach number fixed         
  
 xtrf =   1.000 (top)        1.000 (bottom)  
 Mach =   0.000     Re =     1.000 e 6     Ncrit =   9.000  9.000
  
   alpha    CL        CD       CDp       CM     Top_Xtr  Bot_Xtr  Top_Itr  Bot_Itr
  ------ -------- --------- --------- -------- -------- -------- -------- --------
  -6.000  -0.4309   0.01294   0.00412  -0.0353   0.7846   0.0167  16.1555  92.1454
  -4.000  -0.2450   0.01001   0.00184  -0.0286   0.7330   0.0199  19.3954  92.9720
  -3.000  -0.1459   0.00902   0.00123  -0.0263   0.7127   0.0281  20.6693  94.5679
  -2.000  -0.0410   0.00848   0.00089  -0.0251   0.6934   0.0456  21.8801  96.7367
  -1.000   0.0412   0.00605   0.00042  -0.0203   0.6730   0.5975  23.1807 133.2522
   0.000   0.1504   0.00597   0.00044  -0.0198   0.6516   0.6557  24.5536 136.9111
   1.000   0.2589   0.00594   0.00041  -0.0191   0.6194   0.6940  26.6422 139.2998
   2.000   0.3686   0.00598   0.00039  -0.0189   0.5911   0.7201  28.4821 140.9221
   3.000   0.4758   0.00603   0.00040  -0.0182   0.5583   0.7604  30.6210 143.4300
   4.000   0.5768   0.00614   0.00047  -0.0161   0.5031   0.8374  34.2432 148.2296
   5.000   0.6740   0.00745   0.00093  -0.0141   0.3139   0.9485  46.7682 155.2266
   6.000   0.8071   0.00913   0.00163  -0.0206   0.1874   0.9839  55.1316 158.0640
   7.000   0.9408   0.01070   0.00232  -0.0274   0.1067   0.9986  60.8445 159.8015
   8.000   1.0044   0.01279   0.00331  -0.0197   0.0344   1.0000  67.6420 160.0000
   9.000   1.0673   0.01433   0.00404  -0.0115   0.0231   1.0000  69.4244 160.0000
  10.000   1.1162   0.01613   0.00474  -0.0012   0.0165   1.0000  70.8627 160.0000
  11.000   1.1595   0.01864   0.00584   0.0083   0.0123   1.0000  72.0563 160.0000
  12.000   1.2089   0.02162   0.00738   0.0145   0.0103   1.0000  72.7586 160.0000
  13.000   1.2407   0.02664   0.01042   0.0200   0.0092   1.0000  73.1953 160.0000
  14.000   1.2692   0.03274   0.01447   0.0233   0.0084   1.0000  73.5314 160.0000
  15.000   1.2807   0.04110   0.02047   0.0251   0.0078   1.0000  73.7724 160.0000
