  
       XFOIL         Version 6.99
  
 Calculated polar for: KC-135 BL351.6 AIRFOIL                          
  
 1 1 Reynolds number fixed          Mach number fixed         
  
 xtrf =   1.000 (top)        1.000 (bottom)  
 Mach =   0.000     Re =     0.500 e 6     Ncrit =   9.000  9.000
  
   alpha    CL        CD       CDp       CM     Top_Xtr  Bot_Xtr  Top_Itr  Bot_Itr
  ------ -------- --------- --------- -------- -------- -------- -------- --------
  -3.000  -0.0701   0.01624   0.00798  -0.0490   0.8752   0.0398  11.2330  91.1729
  -2.000   0.0327   0.01290   0.00495  -0.0475   0.8439   0.0588  13.4432  92.5557
  -1.000   0.1369   0.00979   0.00184  -0.0436   0.8144   0.0259  15.5194  90.0373
   0.000   0.2316   0.00767   0.00070  -0.0404   0.7766   0.3339  18.1836 111.8680
   1.000   0.3520   0.00604   0.00085  -0.0416   0.7422   0.9699  20.6150 156.7252
   2.000   0.5191   0.00626   0.00067  -0.0541   0.7032   0.9985  23.3721 159.7902
   3.000   0.6158   0.00643   0.00062  -0.0515   0.6538   1.0000  26.8662 160.0000
   4.000   0.6999   0.00714   0.00060  -0.0461   0.5106   1.0000  37.0391 160.0000
   5.000   0.7665   0.00977   0.00134  -0.0386   0.2189   1.0000  57.7409 160.0000
   6.000   0.8335   0.01300   0.00260  -0.0312   0.0198   1.0000  73.3560 160.0000
   7.000   0.9046   0.01624   0.00431  -0.0241   0.0126   1.0000  74.3634 160.0000
   8.000   0.9733   0.02014   0.00660  -0.0175   0.0104   1.0000  74.7941 160.0000
   9.000   1.0401   0.02878   0.01206  -0.0115   0.0095   1.0000  74.9599 160.0000
