  
       XFOIL         Version 6.99
  
 Calculated polar for: KC-135 BL124.32 AIRFOIL                         
  
 1 1 Reynolds number fixed          Mach number fixed         
  
 xtrf =   1.000 (top)        1.000 (bottom)  
 Mach =   0.000     Re =     0.500 e 6     Ncrit =   9.000  9.000
  
   alpha    CL        CD       CDp       CM     Top_Xtr  Bot_Xtr  Top_Itr  Bot_Itr
  ------ -------- --------- --------- -------- -------- -------- -------- --------
  -6.000  -0.4134   0.02016   0.00930  -0.0396   0.8522   0.0250  11.9171  94.0491
  -5.000  -0.3130   0.01517   0.00516  -0.0375   0.8132   0.0253  14.3664  94.0957
  -4.000  -0.2218   0.01266   0.00331  -0.0338   0.7835   0.0281  16.2275  94.5626
  -3.000  -0.1304   0.01114   0.00218  -0.0300   0.7584   0.0374  17.8036  95.8604
  -2.000  -0.0326   0.01011   0.00149  -0.0275   0.7365   0.0659  19.1756  98.4658
  -1.000   0.0423   0.00768   0.00123  -0.0209   0.7154   0.6592  20.4982 137.1264
   0.000   0.1483   0.00766   0.00130  -0.0195   0.6934   0.7141  21.8816 140.5461
   1.000   0.2561   0.00759   0.00127  -0.0187   0.6694   0.7509  23.4139 142.8377
   2.000   0.3626   0.00745   0.00112  -0.0176   0.6371   0.7879  25.4964 145.1462
   3.000   0.4677   0.00736   0.00113  -0.0161   0.6079   0.8522  27.3912 149.1522
   4.000   0.5897   0.00753   0.00121  -0.0182   0.5683   0.9375  29.9698 154.5071
   5.000   0.7323   0.00824   0.00127  -0.0254   0.4721   0.9755  36.2886 157.2862
   7.000   0.9296   0.01225   0.00268  -0.0249   0.1650   1.0000  56.6440 160.0000
   8.000   0.9832   0.01429   0.00342  -0.0153   0.0746   1.0000  63.4517 160.0000
   9.000   1.0221   0.01690   0.00459  -0.0034   0.0347   1.0000  67.6056 160.0000
  10.000   1.0500   0.01989   0.00598   0.0090   0.0252   1.0000  69.0380 160.0000
  11.000   1.0823   0.02389   0.00818   0.0174   0.0194   1.0000  70.1747 160.0000
  12.000   1.1089   0.02933   0.01152   0.0234   0.0163   1.0000  70.9036 160.0000
  13.000   1.1314   0.03603   0.01610   0.0276   0.0145   1.0000  71.4168 160.0000
  14.000   1.1486   0.04383   0.02174   0.0299   0.0131   1.0000  71.8136 160.0000
  15.000   1.1452   0.05464   0.02998   0.0315   0.0123   1.0000  72.0542 160.0000
