  
       XFOIL         Version 6.99
  
 Calculated polar for: KC-135 BL351.6 AIRFOIL                          
  
 1 1 Reynolds number fixed          Mach number fixed         
  
 xtrf =   1.000 (top)        1.000 (bottom)  
 Mach =   0.000     Re =     1.000 e 6     Ncrit =   9.000  9.000
  
   alpha    CL        CD       CDp       CM     Top_Xtr  Bot_Xtr  Top_Itr  Bot_Itr
  ------ -------- --------- --------- -------- -------- -------- -------- --------
  -2.000   0.0267   0.00962   0.00254  -0.0430   0.7919   0.0181  17.1055  89.1277
   0.000   0.2314   0.00713   0.00028  -0.0391   0.7204   0.0356  22.1532  90.8431
   1.000   0.3147   0.00470   0.00021  -0.0339   0.6885   0.8600  24.4068 148.7871
   2.000   0.4548   0.00480   0.00028  -0.0401   0.6486   0.9790  27.2348 157.5512
   3.000   0.5959   0.00534   0.00025  -0.0473   0.5515   0.9956  34.1264 159.3821
   4.000   0.6909   0.00734   0.00075  -0.0456   0.2580   1.0000  54.9520 160.0000
   5.000   0.7744   0.00870   0.00122  -0.0408   0.1330   1.0000  63.9549 160.0000
   6.000   0.8496   0.01107   0.00225  -0.0346   0.0106   1.0000  74.7445 160.0000
   7.000   0.9324   0.01299   0.00325  -0.0295   0.0074   1.0000  75.5731 160.0000
   9.000   1.0645   0.02069   0.00800  -0.0153   0.0054   1.0000  76.2190 160.0000
  10.000   1.1113   0.02874   0.01375  -0.0065   0.0051   1.0000  76.3368 160.0000
