  
       XFOIL         Version 6.99
  
 Calculated polar for: KC-135 Winglet (supercritical Whitcomb)         
  
 1 1 Reynolds number fixed          Mach number fixed         
  
 xtrf =   1.000 (top)        1.000 (bottom)  
 Mach =   0.000     Re =     1.000 e 6     Ncrit =   9.000  9.000
  
   alpha    CL        CD       CDp       CM     Top_Xtr  Bot_Xtr  Top_Itr  Bot_Itr
  ------ -------- --------- --------- -------- -------- -------- -------- --------
  -6.000  -0.2072   0.03219   0.02612  -0.1002   0.9799   0.0083   3.3602  86.5766
  -2.000   0.3167   0.00714   0.00094  -0.1217   0.9084   0.0135   8.5245  88.2200
  -1.000   0.4334   0.00672   0.00046  -0.1223   0.8633   0.0123  11.6557  87.9040
   0.000   0.5617   0.00532   0.00042  -0.1271   0.8024   0.6383  15.8912 133.1046
   1.000   0.6723   0.00579   0.00065  -0.1264   0.7002   0.7517  23.0205 141.0003
   2.000   0.7708   0.00841   0.00129  -0.1247   0.2857   0.7684  51.5640 142.1674
   3.000   0.8754   0.01007   0.00189  -0.1240   0.1087   0.7858  63.9386 143.3876
   4.000   0.9827   0.01108   0.00239  -0.1235   0.0673   0.8064  67.0058 144.8006
   5.000   1.0892   0.01198   0.00284  -0.1228   0.0500   0.8283  68.4643 146.3431
   6.000   1.1922   0.01321   0.00340  -0.1216   0.0270   0.8537  70.8112 148.1677
   7.000   1.2902   0.01484   0.00437  -0.1193   0.0201   0.8884  71.7617 150.5968
   8.000   1.3773   0.01664   0.00560  -0.1148   0.0177   1.0000  72.1304 160.0000
   9.000   1.4702   0.01890   0.00707  -0.1122   0.0155   1.0000  72.4995 160.0000
  10.000   1.5520   0.02203   0.00912  -0.1080   0.0123   1.0000  73.0563 160.0000
  11.000   1.6439   0.02322   0.00949  -0.1058   0.0081   1.0000  74.0927 160.0000
  12.000   1.7120   0.02660   0.01137  -0.0997   0.0049   1.0000  75.3649 160.0000
  13.000   1.7384   0.03186   0.01487  -0.0874   0.0039   1.0000  75.8641 160.0000
  14.000   1.7287   0.04004   0.02086  -0.0739   0.0036   1.0000  76.0629 160.0000
  15.000   1.6981   0.05250   0.03090  -0.0662   0.0034   1.0000  76.1878 160.0000
