  
       XFOIL         Version 6.99
  
 Calculated polar for: LOCKHEED L-188 ROOT AIRFOIL                     
  
 1 1 Reynolds number fixed          Mach number fixed         
  
 xtrf =   1.000 (top)        1.000 (bottom)  
 Mach =   0.000     Re =     0.500 e 6     Ncrit =   9.000  9.000
  
   alpha    CL        CD       CDp       CM     Top_Xtr  Bot_Xtr  Top_Itr  Bot_Itr
  ------ -------- --------- --------- -------- -------- -------- -------- --------
  -6.000  -0.3724   0.01276   0.00385  -0.0678   0.9013   0.0603   8.1721 102.6146
  -5.000  -0.2704   0.01155   0.00306  -0.0661   0.8814   0.0813   9.3283 104.8380
  -4.000  -0.1659   0.01039   0.00240  -0.0650   0.8608   0.1321  10.5195 108.6969
  -3.000  -0.0647   0.00862   0.00174  -0.0638   0.8395   0.3608  11.7617 122.1434
  -2.000   0.0392   0.00756   0.00167  -0.0623   0.8178   0.6326  13.0409 137.9059
  -1.000   0.1515   0.00746   0.00172  -0.0620   0.7943   0.6965  14.4533 141.4903
   0.000   0.2641   0.00751   0.00179  -0.0616   0.7716   0.7492  15.8186 144.4194
   1.000   0.3767   0.00761   0.00185  -0.0614   0.7486   0.7902  17.1870 146.7344
   2.000   0.4859   0.00754   0.00157  -0.0604   0.7026   0.8200  19.9124 148.4409
   3.000   0.5945   0.00759   0.00150  -0.0595   0.6632   0.8572  22.2471 150.5460
   4.000   0.6974   0.00775   0.00148  -0.0572   0.6103   0.9171  25.3931 153.9283
   5.000   0.8215   0.00893   0.00165  -0.0604   0.4514   0.9935  34.9763 159.2429
   6.000   0.8820   0.01187   0.00257  -0.0525   0.2124   1.0000  49.4224 160.0000
   7.000   0.9571   0.01382   0.00333  -0.0468   0.1303   1.0000  54.7598 160.0000
   8.000   1.0288   0.01565   0.00412  -0.0406   0.0938   1.0000  57.5638 160.0000
   9.000   1.0981   0.01781   0.00518  -0.0346   0.0733   1.0000  59.4779 160.0000
  10.000   1.1602   0.02064   0.00666  -0.0286   0.0598   1.0000  60.9729 160.0000
  11.000   1.2209   0.02377   0.00842  -0.0232   0.0511   1.0000  62.1237 160.0000
  12.000   1.2730   0.02771   0.01074  -0.0178   0.0447   1.0000  63.0837 160.0000
  13.000   1.3203   0.03223   0.01350  -0.0130   0.0398   1.0000  63.9066 160.0000
  14.000   1.3607   0.03762   0.01702  -0.0087   0.0360   1.0000  64.6104 160.0000
  15.000   1.3865   0.04467   0.02175  -0.0047   0.0331   1.0000  65.1808 160.0000
