  
       XFOIL         Version 6.99
  
 Calculated polar for: LA2573A                                         
  
 1 1 Reynolds number fixed          Mach number fixed         
  
 xtrf =   1.000 (top)        1.000 (bottom)  
 Mach =   0.000     Re =     1.000 e 6     Ncrit =   9.000  9.000
  
   alpha    CL        CD       CDp       CM     Top_Xtr  Bot_Xtr  Top_Itr  Bot_Itr
  ------ -------- --------- --------- -------- -------- -------- -------- --------
  -6.000  -0.5750   0.01671   0.00739   0.0098   0.4399   0.0302  32.1788 101.3238
  -5.000  -0.4676   0.01498   0.00572   0.0115   0.4335   0.0317  32.5158 101.7059
  -4.000  -0.3590   0.01342   0.00416   0.0131   0.4266   0.0331  32.8797 102.0594
  -3.000  -0.2501   0.01211   0.00319   0.0146   0.4215   0.0350  33.1556 102.5336
  -2.000  -0.1396   0.01117   0.00242   0.0160   0.4163   0.0375  33.4393 103.1169
  -1.000  -0.0280   0.01053   0.00194   0.0171   0.4106   0.0411  33.7558 103.9099
   0.000   0.0842   0.01012   0.00164   0.0180   0.4046   0.0468  34.0896 105.0404
   1.000   0.1974   0.00967   0.00145   0.0187   0.3997   0.0645  34.3765 107.8931
   2.000   0.2819   0.00697   0.00140   0.0244   0.3943   0.8791  34.6896 151.7655
   3.000   0.3860   0.00736   0.00172   0.0278   0.3877   0.9388  35.0765 155.0885
   4.000   0.5001   0.00764   0.00192   0.0294   0.3816   0.9716  35.4506 157.3439
   5.000   0.6221   0.00788   0.00190   0.0277   0.3730   0.9760  35.9756 157.6871
   6.000   0.7433   0.00797   0.00192   0.0261   0.3655   0.9810  36.4597 158.0872
   7.000   0.8741   0.00814   0.00188   0.0223   0.3531   0.9834  37.2619 158.2998
   8.000   1.0026   0.00834   0.00170   0.0187   0.3261   0.9874  39.0836 158.6538
   9.000   1.1261   0.00896   0.00188   0.0158   0.2935   0.9924  41.3428 159.1336
  10.000   1.2475   0.01086   0.00280   0.0115   0.2144   0.9981  46.9451 159.7784
  11.000   1.3079   0.01472   0.00503   0.0162   0.1126   1.0000  54.9470 160.0000
  12.000   1.3424   0.01969   0.00777   0.0218   0.0626   1.0000  60.5591 160.0000
  13.000   1.3022   0.03436   0.01745   0.0183   0.0514   1.0000  62.3012 160.0000
  14.000   1.2732   0.04739   0.02686   0.0164   0.0442   1.0000  63.5927 160.0000
  15.000   1.2640   0.05925   0.03578   0.0141   0.0392   1.0000  64.6018 160.0000
