  
       XFOIL         Version 6.99
  
 Calculated polar for: LIEBECK LA5055 AIRFOIL                          
  
 1 1 Reynolds number fixed          Mach number fixed         
  
 xtrf =   1.000 (top)        1.000 (bottom)  
 Mach =   0.000     Re =     1.000 e 6     Ncrit =   9.000  9.000
  
   alpha    CL        CD       CDp       CM     Top_Xtr  Bot_Xtr  Top_Itr  Bot_Itr
  ------ -------- --------- --------- -------- -------- -------- -------- --------
  -6.000  -0.1134   0.05495   0.04866  -0.0623   0.5254   0.0353  28.7347 101.6592
  -5.000  -0.0768   0.03389   0.02725  -0.0708   0.5222   0.0377  28.8983 102.2041
  -4.000   0.0087   0.02404   0.01654  -0.0704   0.5190   0.0423  29.0681 103.1420
  -3.000   0.1095   0.01652   0.00857  -0.0692   0.5163   0.0401  29.2191 102.7003
  -2.000   0.2225   0.01382   0.00547  -0.0688   0.5116   0.0412  29.4802 102.9227
  -1.000   0.3365   0.01198   0.00391  -0.0687   0.5078   0.0432  29.6871 103.3136
   0.000   0.4511   0.01121   0.00301  -0.0687   0.5021   0.0449  30.0016 103.6427
   1.000   0.5672   0.01044   0.00231  -0.0689   0.4990   0.0466  30.1860 103.9687
   2.000   0.6834   0.00974   0.00175  -0.0692   0.4927   0.0503  30.5661 104.6145
   3.000   0.8002   0.00935   0.00129  -0.0697   0.4841   0.0559  31.0900 105.5250
   4.000   0.9139   0.00842   0.00117  -0.0702   0.4726   0.4532  31.8334 132.1391
   5.000   1.0426   0.00737   0.00113  -0.0738   0.4474   1.0000  33.5520 160.0000
   6.000   1.1482   0.00839   0.00139  -0.0732   0.4038   1.0000  36.3110 160.0000
   7.000   1.2327   0.01134   0.00285  -0.0710   0.2975   1.0000  43.4819 160.0000
   8.000   1.2902   0.01552   0.00492  -0.0669   0.2169   1.0000  48.9177 160.0000
   9.000   1.2445   0.02766   0.01190  -0.0607   0.2050   1.0000  49.6795 160.0000
  10.000   1.2580   0.03506   0.01642  -0.0573   0.1916   1.0000  50.5422 160.0000
  11.000   1.2845   0.04190   0.02063  -0.0546   0.1705   1.0000  51.9958 160.0000
  12.000   1.2936   0.05050   0.02626  -0.0518   0.1220   1.0000  55.8779 160.0000
  13.000   1.3297   0.05687   0.03024  -0.0499   0.1123   1.0000  56.6695 160.0000
  14.000   1.3720   0.06266   0.03364  -0.0483   0.1029   1.0000  57.4837 160.0000
