  
       XFOIL         Version 6.99
  
 Calculated polar for: LNV109A                                         
  
 1 1 Reynolds number fixed          Mach number fixed         
  
 xtrf =   1.000 (top)        1.000 (bottom)  
 Mach =   0.000     Re =     1.000 e 6     Ncrit =   9.000  9.000
  
   alpha    CL        CD       CDp       CM     Top_Xtr  Bot_Xtr  Top_Itr  Bot_Itr
  ------ -------- --------- --------- -------- -------- -------- -------- --------
  -5.000  -0.1375   0.06338   0.05794  -0.0200   0.4281   0.0329  31.7925 103.2106
  -4.000  -0.0505   0.04588   0.03951  -0.0393   0.4241   0.0363  32.0112 104.0964
  -3.000   0.0540   0.01627   0.00857  -0.0535   0.4225   0.0370  32.1016 104.2629
  -2.000   0.1682   0.01409   0.00616  -0.0527   0.4192   0.0388  32.2931 104.6915
  -1.000   0.2834   0.01231   0.00423  -0.0519   0.4149   0.0407  32.5373 105.1575
   0.000   0.3991   0.01151   0.00342  -0.0510   0.4109   0.0429  32.7682 105.6517
   1.000   0.5143   0.01102   0.00287  -0.0503   0.4059   0.0458  33.0596 106.2796
   2.000   0.6305   0.01059   0.00252  -0.0496   0.4021   0.0494  33.2962 107.0205
   3.000   0.7464   0.01023   0.00228  -0.0490   0.3974   0.0567  33.5864 108.3518
   4.000   0.8618   0.01019   0.00217  -0.0485   0.3917   0.0772  33.9388 111.3238
   8.000   1.3223   0.00932   0.00259  -0.0483   0.3658   1.0000  35.6772 160.0000
   9.000   1.4345   0.00970   0.00266  -0.0481   0.3549   1.0000  36.4329 160.0000
  10.000   1.5447   0.01021   0.00260  -0.0479   0.3308   1.0000  38.1347 160.0000
  11.000   1.6513   0.01116   0.00295  -0.0476   0.3065   1.0000  39.8667 160.0000
  12.000   1.7507   0.01279   0.00368  -0.0470   0.2703   1.0000  42.4723 160.0000
  13.000   1.8231   0.01669   0.00568  -0.0450   0.2081   1.0000  47.0113 160.0000
  14.000   1.7452   0.03471   0.01668  -0.0453   0.1699   1.0000  49.9282 160.0000
  15.000   1.6298   0.05704   0.03244  -0.0480   0.1437   1.0000  52.0464 160.0000
