  
       XFOIL         Version 6.99
  
 Calculated polar for: NASA LRN 1015 (NASA TM 102840)                  
  
 1 1 Reynolds number fixed          Mach number fixed         
  
 xtrf =   1.000 (top)        1.000 (bottom)  
 Mach =   0.000     Re =     0.500 e 6     Ncrit =   9.000  9.000
  
   alpha    CL        CD       CDp       CM     Top_Xtr  Bot_Xtr  Top_Itr  Bot_Itr
  ------ -------- --------- --------- -------- -------- -------- -------- --------
  -6.000  -0.0469   0.02754   0.01729  -0.1142   0.7394   0.0316  19.1664  98.2864
  -5.000   0.0410   0.01919   0.00898  -0.1090   0.7326   0.0239  19.5818  96.7476
  -4.000   0.1461   0.01548   0.00572  -0.1073   0.7273   0.0239  19.9156  96.7385
  -3.000   0.2449   0.01366   0.00454  -0.1051   0.7202   0.0272  20.3588  97.4481
  -2.000   0.3502   0.01251   0.00381  -0.1041   0.7137   0.0394  20.7730  99.5098
  -1.000   0.4347   0.01014   0.00401  -0.0997   0.7068   0.7823  21.2086 145.2206
   0.000   0.5346   0.01054   0.00451  -0.0959   0.6987   0.8581  21.7302 149.7655
   1.000   0.6427   0.01056   0.00441  -0.0951   0.6900   0.8808  22.2990 151.1727
   2.000   0.7537   0.01002   0.00370  -0.0947   0.6766   0.8995  23.1695 152.3540
   3.000   0.8612   0.00963   0.00312  -0.0939   0.6615   0.9170  24.1646 153.4763
   4.000   0.9635   0.00933   0.00262  -0.0922   0.6431   0.9367  25.3817 154.7711
   5.000   1.0683   0.00910   0.00200  -0.0913   0.6186   0.9609  27.0041 156.4502
   6.000   1.1942   0.00936   0.00168  -0.0958   0.5655   1.0000  30.5300 160.0000
   7.000   1.2338   0.01096   0.00150  -0.0838   0.4617   1.0000  37.2648 160.0000
   8.000   1.2138   0.01525   0.00248  -0.0649   0.3567   1.0000  43.8997 160.0000
   9.000   1.2244   0.02028   0.00448  -0.0543   0.2785   1.0000  48.8273 160.0000
  10.000   1.2524   0.02489   0.00654  -0.0469   0.2201   1.0000  52.5846 160.0000
  11.000   1.2880   0.02949   0.00877  -0.0413   0.1778   1.0000  55.3988 160.0000
  12.000   1.3265   0.03442   0.01133  -0.0368   0.1450   1.0000  57.6720 160.0000
  13.000   1.3643   0.03984   0.01435  -0.0332   0.1207   1.0000  59.4466 160.0000
  14.000   1.3974   0.04605   0.01804  -0.0301   0.1036   1.0000  60.7676 160.0000
  15.000   1.4272   0.05300   0.02237  -0.0278   0.0896   1.0000  61.9125 160.0000
