  
       XFOIL         Version 6.99
  
 Calculated polar for: NASA/LANGLEY LS(1)-0013 AIRFOIL                 
  
 1 1 Reynolds number fixed          Mach number fixed         
  
 xtrf =   1.000 (top)        1.000 (bottom)  
 Mach =   0.000     Re =     1.000 e 6     Ncrit =   9.000  9.000
  
   alpha    CL        CD       CDp       CM     Top_Xtr  Bot_Xtr  Top_Itr  Bot_Itr
  ------ -------- --------- --------- -------- -------- -------- -------- --------
  -6.000  -0.6938   0.01107   0.00282   0.0081   0.8220   0.0552  13.3837  98.2805
  -5.000  -0.5813   0.01010   0.00225   0.0073   0.8066   0.0772  14.3341 100.2942
  -4.000  -0.4684   0.00887   0.00169   0.0062   0.7921   0.1674  15.2212 106.5604
  -3.000  -0.3550   0.00713   0.00113   0.0044   0.7782   0.4086  16.0724 121.7319
  -2.000  -0.2384   0.00600   0.00099   0.0027   0.7646   0.6386  16.9015 136.2630
  -1.000  -0.1193   0.00592   0.00105   0.0013   0.7473   0.6926  17.9643 139.6506
   0.000   0.0000   0.00591   0.00110   0.0000   0.7262   0.7262  19.2694 141.7306
   1.000   0.1193   0.00592   0.00105  -0.0013   0.6926   0.7473  21.3494 143.0357
   2.000   0.2384   0.00600   0.00099  -0.0027   0.6386   0.7646  24.7370 144.0985
   3.000   0.3551   0.00713   0.00113  -0.0044   0.4086   0.7782  39.2688 144.9276
   4.000   0.4684   0.00887   0.00170  -0.0062   0.1674   0.7921  54.4409 145.7788
   5.000   0.5814   0.01010   0.00225  -0.0073   0.0772   0.8066  60.7066 146.6658
   6.000   0.6938   0.01107   0.00282  -0.0081   0.0552   0.8220  62.7199 147.6161
   7.000   0.8037   0.01221   0.00354  -0.0085   0.0444   0.8390  63.9571 148.6731
   8.000   0.9102   0.01354   0.00439  -0.0085   0.0368   0.8576  65.0042 149.8403
   9.000   1.0139   0.01484   0.00524  -0.0080   0.0312   0.8783  65.9246 151.1469
  10.000   1.1127   0.01626   0.00620  -0.0068   0.0275   0.9045  66.6313 152.8119
  11.000   1.1970   0.01823   0.00756  -0.0033   0.0245   0.9533  67.2377 156.1533
  12.000   1.2854   0.02045   0.00894  -0.0018   0.0221   1.0000  67.7936 160.0000
  13.000   1.3462   0.02377   0.01112   0.0032   0.0203   1.0000  68.2319 160.0000
  14.000   1.4001   0.02763   0.01369   0.0070   0.0188   1.0000  68.6338 160.0000
  15.000   1.4229   0.03466   0.01867   0.0109   0.0173   1.0000  69.0322 160.0000
