  
       XFOIL         Version 6.99
  
 Calculated polar for: NASA/LANGLEY LS(1)-0413 (GA(W)-2) AIRFOIL       
  
 1 1 Reynolds number fixed          Mach number fixed         
  
 xtrf =   1.000 (top)        1.000 (bottom)  
 Mach =   0.000     Re =     1.000 e 6     Ncrit =   9.000  9.000
  
   alpha    CL        CD       CDp       CM     Top_Xtr  Bot_Xtr  Top_Itr  Bot_Itr
  ------ -------- --------- --------- -------- -------- -------- -------- --------
  -6.000  -0.2187   0.01030   0.00264  -0.0983   0.8702   0.0237  10.1745  93.8608
  -5.000  -0.0987   0.00929   0.00193  -0.1008   0.8541   0.0290  11.1734  94.9686
  -4.000   0.0232   0.00842   0.00140  -0.1036   0.8387   0.0475  12.1415  97.7114
  -3.000   0.1540   0.00645   0.00087  -0.1099   0.8241   0.4064  13.0408 121.3070
  -2.000   0.2792   0.00582   0.00096  -0.1133   0.8058   0.6396  14.1673 135.7294
  -1.000   0.3979   0.00593   0.00109  -0.1144   0.7823   0.6843  15.6308 138.4391
   0.000   0.5159   0.00602   0.00101  -0.1155   0.7501   0.6983  17.6393 139.2858
   1.000   0.6331   0.00621   0.00098  -0.1165   0.7116   0.7128  20.0435 140.1644
   2.000   0.7469   0.00667   0.00099  -0.1169   0.6299   0.7261  25.1819 140.9678
   3.000   0.8423   0.00892   0.00163  -0.1145   0.3410   0.7364  43.1576 141.6004
   4.000   0.9412   0.01072   0.00228  -0.1128   0.1790   0.7473  53.3407 142.2668
   5.000   1.0436   0.01199   0.00281  -0.1116   0.1174   0.7588  57.4428 142.9780
   6.000   1.1448   0.01312   0.00337  -0.1101   0.0899   0.7714  59.4832 143.7507
   7.000   1.2418   0.01442   0.00401  -0.1079   0.0717   0.7852  60.9894 144.6050
   8.000   1.3356   0.01570   0.00464  -0.1052   0.0604   0.8003  62.0604 145.5527
   9.000   1.4219   0.01718   0.00536  -0.1013   0.0506   0.8179  63.1208 146.6656
  10.000   1.4930   0.01895   0.00621  -0.0947   0.0423   0.8378  64.1590 147.9306
  11.000   1.5582   0.02127   0.00744  -0.0879   0.0355   0.8617  65.1597 149.4678
  12.000   1.6161   0.02415   0.00905  -0.0810   0.0300   0.8968  66.1087 151.7999
  13.000   1.6626   0.02750   0.01097  -0.0732   0.0264   1.0000  66.8245 160.0000
  14.000   1.7080   0.03204   0.01365  -0.0672   0.0239   1.0000  67.3575 160.0000
  15.000   1.7382   0.03812   0.01746  -0.0612   0.0216   1.0000  67.8857 160.0000
