  
       XFOIL         Version 6.99
  
 Calculated polar for: NASA/LANGLEY LS(1)-0417MOD AIRFOIL              
  
 1 1 Reynolds number fixed          Mach number fixed         
  
 xtrf =   1.000 (top)        1.000 (bottom)  
 Mach =   0.000     Re =     1.000 e 6     Ncrit =   9.000  9.000
  
   alpha    CL        CD       CDp       CM     Top_Xtr  Bot_Xtr  Top_Itr  Bot_Itr
  ------ -------- --------- --------- -------- -------- -------- -------- --------
  -6.000  -0.2885   0.01072   0.00244  -0.0750   0.8142   0.0369  11.5626  98.5388
  -5.000  -0.1655   0.00949   0.00179  -0.0781   0.7866   0.0892  12.7861 107.5309
  -4.000  -0.0357   0.00792   0.00121  -0.0832   0.7513   0.2737  14.3607 120.6471
  -3.000   0.0989   0.00662   0.00079  -0.0893   0.6663   0.5488  18.2932 134.0620
  -2.000   0.2132   0.00794   0.00130  -0.0898   0.4231   0.6373  29.5768 138.5030
  -1.000   0.3332   0.00847   0.00159  -0.0910   0.3803   0.6618  31.4752 139.6555
   0.000   0.4530   0.00888   0.00177  -0.0922   0.3515   0.6758  32.7991 140.3035
   1.000   0.5719   0.00933   0.00194  -0.0933   0.3286   0.6867  33.9098 140.8054
   2.000   0.6900   0.00973   0.00213  -0.0943   0.3092   0.6984  34.8929 141.3377
   3.000   0.8073   0.01016   0.00226  -0.0953   0.2917   0.7052  35.8276 141.6511
   4.000   0.9235   0.01065   0.00240  -0.0961   0.2749   0.7113  36.7650 141.9302
   5.000   1.0380   0.01115   0.00256  -0.0968   0.2583   0.7181  37.7439 142.2429
   6.000   1.1498   0.01178   0.00278  -0.0969   0.2416   0.7256  38.7731 142.5860
   7.000   1.2591   0.01254   0.00302  -0.0968   0.2244   0.7326  39.8978 142.9063
   8.000   1.3654   0.01334   0.00331  -0.0962   0.2074   0.7413  41.0720 143.3108
   9.000   1.4678   0.01429   0.00363  -0.0949   0.1899   0.7506  42.3688 143.7458
  10.000   1.5630   0.01551   0.00405  -0.0927   0.1708   0.7603  43.8860 144.2057
  11.000   1.6491   0.01689   0.00455  -0.0889   0.1528   0.7718  45.4472 144.7601
  12.000   1.7164   0.01876   0.00526  -0.0821   0.1353   0.7846  47.1049 145.3983
  13.000   1.7776   0.02135   0.00634  -0.0757   0.1165   0.7978  49.0784 146.0659
  14.000   1.8280   0.02484   0.00799  -0.0692   0.1001   0.8128  51.0130 146.8594
  15.000   1.8698   0.02934   0.01028  -0.0633   0.0876   0.8288  52.6702 147.7297
