  
       XFOIL         Version 6.99
  
 Calculated polar for: NASA/LANGLEY LS(1)-0421 AIRFOIL                 
  
 1 1 Reynolds number fixed          Mach number fixed         
  
 xtrf =   1.000 (top)        1.000 (bottom)  
 Mach =   0.000     Re =     0.500 e 6     Ncrit =   9.000  9.000
  
   alpha    CL        CD       CDp       CM     Top_Xtr  Bot_Xtr  Top_Itr  Bot_Itr
  ------ -------- --------- --------- -------- -------- -------- -------- --------
  -6.000  -0.2513   0.01191   0.00340  -0.0891   0.7876   0.3126  12.5580 122.8829
  -5.000  -0.1204   0.01022   0.00298  -0.0961   0.7790   0.5076  12.9613 132.4984
  -4.000   0.0081   0.01031   0.00364  -0.1001   0.7709   0.6099  13.3494 137.7510
  -3.000   0.1329   0.01077   0.00421  -0.1025   0.7625   0.6434  13.7527 139.4089
  -2.000   0.2544   0.01147   0.00488  -0.1042   0.7538   0.6662  14.1691 140.5076
  -1.000   0.3789   0.01158   0.00498  -0.1070   0.7432   0.6802  14.6846 141.1726
   0.000   0.4999   0.01172   0.00497  -0.1086   0.7289   0.6919  15.3884 141.7196
   1.000   0.6221   0.01160   0.00470  -0.1107   0.7120   0.7033  16.2263 142.2477
   2.000   0.7422   0.01142   0.00427  -0.1123   0.6891   0.7120  17.3788 142.6539
   3.000   0.8641   0.01128   0.00371  -0.1147   0.6623   0.7197  18.7533 143.0100
   4.000   0.9761   0.01125   0.00335  -0.1150   0.6199   0.7265  20.9733 143.3247
   5.000   1.0641   0.01229   0.00313  -0.1111   0.5091   0.7341  26.8194 143.6753
   6.000   1.0913   0.01512   0.00379  -0.0970   0.3739   0.7423  33.6886 144.0509
   7.000   1.1291   0.01893   0.00553  -0.0874   0.2757   0.7499  38.7732 144.4085
   8.000   1.1785   0.02291   0.00740  -0.0810   0.2072   0.7581  42.6582 144.7963
   9.000   1.2329   0.02690   0.00939  -0.0761   0.1666   0.7665  45.3090 145.1925
  10.000   1.2860   0.03108   0.01154  -0.0713   0.1426   0.7748  47.1020 145.5985
  11.000   1.3421   0.03543   0.01377  -0.0677   0.1260   0.7836  48.5014 146.0208
  12.000   1.3918   0.04034   0.01650  -0.0639   0.1134   0.7934  49.6678 146.5168
  13.000   1.4392   0.04587   0.01959  -0.0608   0.1034   0.8036  50.6869 147.0298
  14.000   1.4811   0.05199   0.02321  -0.0578   0.0947   0.8143  51.6341 147.5860
  15.000   1.5166   0.05913   0.02761  -0.0553   0.0875   0.8259  52.4884 148.2015
