  
       XFOIL         Version 6.99
  
 Calculated polar for: LWK 79-100                                      
  
 1 1 Reynolds number fixed          Mach number fixed         
  
 xtrf =   1.000 (top)        1.000 (bottom)  
 Mach =   0.000     Re =     1.000 e 6     Ncrit =   9.000  9.000
  
   alpha    CL        CD       CDp       CM     Top_Xtr  Bot_Xtr  Top_Itr  Bot_Itr
  ------ -------- --------- --------- -------- -------- -------- -------- --------
  -6.000  -0.6742   0.00950   0.00194  -0.0002   1.0000   0.0427   1.0000  93.4677
  -5.000  -0.5735   0.00821   0.00126   0.0020   1.0000   0.0902   1.0000  97.4483
  -4.000  -0.4399   0.00749   0.00072  -0.0029   0.7691   0.2001  17.2128 105.2622
  -3.000  -0.3342   0.00658   0.00039  -0.0018   0.7097   0.3587  21.2132 116.1043
  -2.000  -0.2249   0.00599   0.00029  -0.0010   0.6754   0.4938  23.5195 125.2728
  -1.000  -0.1128   0.00586   0.00029  -0.0005   0.6420   0.5636  25.7624 129.9967
   0.000   0.0000   0.00584   0.00030  -0.0000   0.6071   0.6071  28.0964 132.9035
   1.000   0.1128   0.00586   0.00029   0.0005   0.5637   0.6420  31.0028 135.2376
   2.000   0.2249   0.00599   0.00029   0.0010   0.4938   0.6754  35.7272 137.4805
   3.000   0.3342   0.00658   0.00039   0.0018   0.3587   0.7097  44.8957 139.7869
   4.000   0.4399   0.00749   0.00072   0.0029   0.2001   0.7692  55.7381 143.7903
   5.000   0.5735   0.00821   0.00126  -0.0020   0.0902   1.0000  63.5516 160.0000
   6.000   0.6742   0.00950   0.00194   0.0002   0.0427   1.0000  67.5323 160.0000
   7.000   0.7754   0.01089   0.00282   0.0022   0.0294   1.0000  69.0394 160.0000
   8.000   0.8761   0.01232   0.00377   0.0041   0.0225   1.0000  70.0780 160.0000
   9.000   0.9741   0.01403   0.00491   0.0061   0.0171   1.0000  71.1153 160.0000
  10.000   1.0670   0.01621   0.00639   0.0085   0.0131   1.0000  72.0687 160.0000
  11.000   1.1562   0.01847   0.00803   0.0112   0.0111   1.0000  72.6673 160.0000
  12.000   1.2211   0.02272   0.01117   0.0161   0.0097   1.0000  73.1038 160.0000
  13.000   1.2721   0.02652   0.01400   0.0222   0.0088   1.0000  73.4329 160.0000
  14.000   1.2733   0.03308   0.01876   0.0282   0.0082   1.0000  73.6309 160.0000
  15.000   1.2546   0.04662   0.02987   0.0233   0.0079   1.0000  73.7665 160.0000
