  
       XFOIL         Version 6.99
  
 Calculated polar for: LWK 80-120/K25                                  
  
 1 1 Reynolds number fixed          Mach number fixed         
  
 xtrf =   1.000 (top)        1.000 (bottom)  
 Mach =   0.000     Re =     1.000 e 6     Ncrit =   9.000  9.000
  
   alpha    CL        CD       CDp       CM     Top_Xtr  Bot_Xtr  Top_Itr  Bot_Itr
  ------ -------- --------- --------- -------- -------- -------- -------- --------
  -6.000  -0.5800   0.01024   0.00173  -0.0162   0.8345   0.0591  14.0076  95.1199
  -5.000  -0.4858   0.00925   0.00136  -0.0134   0.8230   0.1023  14.7706  98.3767
  -4.000  -0.3960   0.00792   0.00098  -0.0099   0.8121   0.2447  15.4889 108.0001
  -3.000  -0.3205   0.00586   0.00054  -0.0036   0.8014   0.5802  16.1918 130.1015
  -2.000  -0.2188   0.00550   0.00067  -0.0014   0.7914   0.6988  16.8430 138.0513
  -1.000  -0.1092   0.00551   0.00082  -0.0008   0.7809   0.7354  17.5322 140.4856
   0.000  -0.0000   0.00554   0.00088   0.0000   0.7629   0.7629  18.7060 142.2938
   1.000   0.1092   0.00551   0.00082   0.0008   0.7354   0.7809  20.5146 143.4689
   2.000   0.2188   0.00550   0.00067   0.0014   0.6988   0.7914  22.9487 144.1570
   3.000   0.3205   0.00586   0.00054   0.0036   0.5802   0.8014  30.8984 144.8083
   4.000   0.3960   0.00792   0.00098   0.0099   0.2447   0.8121  52.9999 145.5111
   5.000   0.4858   0.00925   0.00136   0.0134   0.1024   0.8230  62.6220 146.2295
   6.000   0.5801   0.01024   0.00173   0.0162   0.0591   0.8345  65.8802 146.9924
   7.000   0.6732   0.01116   0.00212   0.0192   0.0396   0.8478  67.7166 147.8750
   8.000   0.7613   0.01226   0.00260   0.0230   0.0273   0.8632  69.2454 148.9020
   9.000   0.8429   0.01353   0.00317   0.0277   0.0199   0.8850  70.5095 150.3581
  10.000   0.9312   0.01522   0.00418   0.0303   0.0152   0.9354  71.5204 153.7375
  11.000   1.0874   0.01853   0.00687   0.0165   0.0118   1.0000  72.4534 160.0000
  12.000   1.1369   0.02179   0.00876   0.0242   0.0103   1.0000  72.9050 160.0000
  13.000   1.1759   0.02649   0.01197   0.0305   0.0096   1.0000  73.1499 160.0000
  14.000   1.2084   0.03203   0.01603   0.0350   0.0089   1.0000  73.3982 160.0000
  15.000   1.2258   0.03943   0.02175   0.0377   0.0083   1.0000  73.6265 160.0000
