  
       XFOIL         Version 6.99
  
 Calculated polar for: LWK 80-150/K25                                  
  
 1 1 Reynolds number fixed          Mach number fixed         
  
 xtrf =   1.000 (top)        1.000 (bottom)  
 Mach =   0.000     Re =     0.500 e 6     Ncrit =   9.000  9.000
  
   alpha    CL        CD       CDp       CM     Top_Xtr  Bot_Xtr  Top_Itr  Bot_Itr
  ------ -------- --------- --------- -------- -------- -------- -------- --------
  -6.000  -0.5434   0.01221   0.00242  -0.0241   0.8296   0.1790  13.7782 108.5663
  -4.000  -0.4347   0.00864   0.00229  -0.0039   0.8098   0.6394  14.9403 135.9534
  -3.000  -0.3320   0.00890   0.00289  -0.0018   0.8010   0.7019  15.4550 139.7474
  -2.000  -0.2219   0.00929   0.00338  -0.0010   0.7932   0.7319  15.9067 141.5368
  -1.000  -0.1135   0.00984   0.00401  -0.0000   0.7837   0.7575  16.4533 143.0354
   0.000   0.0000   0.01015   0.00426  -0.0000   0.7746   0.7746  16.9785 144.0216
   1.000   0.1135   0.00984   0.00401   0.0000   0.7575   0.7837  17.9646 144.5467
   2.000   0.2219   0.00929   0.00338   0.0010   0.7319   0.7932  19.4633 145.0933
   3.000   0.3320   0.00890   0.00289   0.0018   0.7019   0.8010  21.2526 145.5450
   4.000   0.4347   0.00864   0.00229   0.0039   0.6394   0.8098  25.0466 146.0597
   6.000   0.5434   0.01221   0.00242   0.0241   0.1790   0.8296  52.4347 147.2219
   7.000   0.5942   0.01360   0.00241   0.0345   0.1062   0.8415  57.2220 147.9295
   8.000   0.6497   0.01519   0.00255   0.0431   0.0730   0.8537  59.9114 148.6642
   9.000   0.7098   0.01707   0.00297   0.0499   0.0538   0.8679  61.9536 149.5237
  10.000   0.7760   0.01920   0.00377   0.0547   0.0425   0.8847  63.4990 150.5534
  11.000   0.8481   0.02194   0.00522   0.0569   0.0352   0.9065  64.7048 151.9180
  12.000   0.9542   0.02588   0.00843   0.0502   0.0300   0.9372  65.7013 153.9349
  13.000   1.0752   0.03144   0.01314   0.0386   0.0261   1.0000  66.5314 160.0000
  14.000   1.1196   0.03742   0.01703   0.0410   0.0241   1.0000  67.0007 160.0000
  15.000   1.1475   0.04456   0.02261   0.0430   0.0229   1.0000  67.2989 160.0000
