  
       XFOIL         Version 6.99
  
 Calculated polar for: NACA M15 AIRFOIL                                
  
 1 1 Reynolds number fixed          Mach number fixed         
  
 xtrf =   1.000 (top)        1.000 (bottom)  
 Mach =   0.000     Re =     0.500 e 6     Ncrit =   9.000  9.000
  
   alpha    CL        CD       CDp       CM     Top_Xtr  Bot_Xtr  Top_Itr  Bot_Itr
  ------ -------- --------- --------- -------- -------- -------- -------- --------
  -6.000  -0.2969   0.03641   0.02917  -0.0591   0.7845   0.0490  15.6828  99.2585
  -5.000  -0.2221   0.02311   0.01402  -0.0547   0.7452   0.0458  18.1065  98.8785
  -4.000  -0.1234   0.01509   0.00599  -0.0521   0.7168   0.0408  19.8617  98.2393
  -3.000  -0.0137   0.01289   0.00387  -0.0515   0.6930   0.0425  21.3384  98.4546
  -2.000   0.0960   0.01152   0.00259  -0.0509   0.6712   0.0456  22.6871  98.8512
  -1.000   0.2055   0.01057   0.00180  -0.0503   0.6502   0.0518  23.9821  99.5662
   0.000   0.3149   0.00963   0.00149  -0.0500   0.6279   0.1924  25.3540 109.2552
   1.000   0.4474   0.00796   0.00199  -0.0536   0.6026   0.9825  26.9103 158.1219
   2.000   0.6221   0.00827   0.00201  -0.0675   0.5689   1.0000  29.0039 160.0000
   3.000   0.7252   0.00840   0.00185  -0.0662   0.5274   1.0000  31.6655 160.0000
   4.000   0.8242   0.00882   0.00180  -0.0641   0.4801   1.0000  34.7491 160.0000
   5.000   0.9201   0.00947   0.00195  -0.0616   0.4425   1.0000  37.1789 160.0000
   6.000   1.0144   0.01020   0.00221  -0.0587   0.4152   1.0000  38.9089 160.0000
   7.000   1.1072   0.01094   0.00247  -0.0556   0.3849   1.0000  40.8217 160.0000
   8.000   1.1959   0.01183   0.00266  -0.0520   0.3354   1.0000  43.9778 160.0000
   9.000   1.2767   0.01335   0.00311  -0.0475   0.2583   1.0000  49.1259 160.0000
  10.000   1.3278   0.01662   0.00453  -0.0391   0.1468   1.0000  56.8768 160.0000
  11.000   1.3298   0.02227   0.00760  -0.0257   0.0464   1.0000  65.3884 160.0000
  12.000   1.3451   0.02921   0.01201  -0.0191   0.0282   1.0000  68.0123 160.0000
  13.000   1.3577   0.03784   0.01799  -0.0158   0.0228   1.0000  69.0770 160.0000
  14.000   1.3621   0.04809   0.02553  -0.0142   0.0200   1.0000  69.7194 160.0000
  15.000   1.3422   0.06206   0.03645  -0.0141   0.0183   1.0000  70.1287 160.0000
