  
       XFOIL         Version 6.99
  
 Calculated polar for: NACA M17 AIRFOIL                                
  
 1 1 Reynolds number fixed          Mach number fixed         
  
 xtrf =   1.000 (top)        1.000 (bottom)  
 Mach =   0.000     Re =     1.000 e 6     Ncrit =   9.000  9.000
  
   alpha    CL        CD       CDp       CM     Top_Xtr  Bot_Xtr  Top_Itr  Bot_Itr
  ------ -------- --------- --------- -------- -------- -------- -------- --------
  -1.000   0.1222   0.01068   0.00324  -0.0244   0.5779   0.0351  31.1742  92.6722
   0.000   0.2335   0.00899   0.00163  -0.0240   0.5562   0.0339  32.6531  92.5622
   1.000   0.3454   0.00829   0.00091  -0.0240   0.5349   0.0369  34.1088  92.8320
   2.000   0.4587   0.00808   0.00067  -0.0245   0.5132   0.0405  35.5990  93.1306
   3.000   0.5616   0.00600   0.00081  -0.0231   0.4872   0.9781  37.3800 157.4896
   4.000   0.7269   0.00647   0.00100  -0.0356   0.4578   1.0000  39.4067 160.0000
   5.000   0.8316   0.00681   0.00103  -0.0347   0.4236   1.0000  41.7691 160.0000
   6.000   0.9335   0.00765   0.00119  -0.0336   0.3345   1.0000  47.9464 160.0000
   7.000   1.0135   0.01218   0.00331  -0.0309   0.0189   1.0000  72.0241 160.0000
   8.000   1.1033   0.01419   0.00444  -0.0281   0.0115   1.0000  73.2105 160.0000
   9.000   1.1779   0.01761   0.00647  -0.0238   0.0084   1.0000  73.9902 160.0000
  10.000   1.2507   0.02051   0.00837  -0.0199   0.0071   1.0000  74.4664 160.0000
  11.000   1.2894   0.02501   0.01132  -0.0133   0.0061   1.0000  74.8365 160.0000
  12.000   1.2948   0.03424   0.01771  -0.0082   0.0056   1.0000  75.0600 160.0000
  13.000   1.3143   0.04293   0.02424  -0.0058   0.0052   1.0000  75.2564 160.0000
  14.000   1.3099   0.05494   0.03375  -0.0046   0.0049   1.0000  75.4370 160.0000
  15.000   1.2853   0.07058   0.04725  -0.0072   0.0046   1.0000  75.5885 160.0000
