  
       XFOIL         Version 6.99
  
 Calculated polar for: NACA M20 AIRFOIL                                
  
 1 1 Reynolds number fixed          Mach number fixed         
  
 xtrf =   1.000 (top)        1.000 (bottom)  
 Mach =   0.000     Re =     1.000 e 6     Ncrit =   9.000  9.000
  
   alpha    CL        CD       CDp       CM     Top_Xtr  Bot_Xtr  Top_Itr  Bot_Itr
  ------ -------- --------- --------- -------- -------- -------- -------- --------
   1.000   0.4755   0.00401   0.00157  -0.0488   0.4914   0.0339  36.6193  93.3189
   2.000   0.5862   0.00336   0.00035  -0.0490   0.4732   0.0356  37.8610  93.4693
   3.000   0.6968   0.00311  -0.00026  -0.0494   0.4536   0.0366  39.1883  93.5533
   4.000   0.8079   0.00305  -0.00061  -0.0500   0.4337   0.0451  40.5450  94.2644
   5.000   0.9449   0.00229  -0.00037  -0.0572   0.4108   1.0000  42.1098 160.0000
   6.000   1.0468   0.00249  -0.00056  -0.0564   0.3726   1.0000  44.7209 160.0000
   7.000   1.1173   0.00467   0.00071  -0.0531   0.0723   1.0000  66.7319 160.0000
   8.000   1.1934   0.00632   0.00150  -0.0494   0.0141   1.0000  72.7770 160.0000
   9.000   1.2610   0.00813   0.00232  -0.0449   0.0104   1.0000  73.5579 160.0000
  10.000   1.3341   0.02298   0.00971  -0.0421   0.0085   1.0000  74.0576 160.0000
  11.000   1.3674   0.02980   0.01462  -0.0401   0.0073   1.0000  74.4896 160.0000
  12.000   1.3795   0.03935   0.02170  -0.0385   0.0065   1.0000  74.7801 160.0000
  13.000   1.3517   0.05222   0.03098  -0.0341   0.0059   1.0000  74.9987 160.0000
  14.000   1.3689   0.06143   0.03792  -0.0325   0.0056   1.0000  75.1721 160.0000
  15.000   1.3823   0.07104   0.04491  -0.0301   0.0050   1.0000  75.4430 160.0000
