  
       XFOIL         Version 6.99
  
 Calculated polar for: NACA M3 AIRFOIL                                 
  
 1 1 Reynolds number fixed          Mach number fixed         
  
 xtrf =   1.000 (top)        1.000 (bottom)  
 Mach =   0.000     Re =     0.500 e 6     Ncrit =   9.000  9.000
  
   alpha    CL        CD       CDp       CM     Top_Xtr  Bot_Xtr  Top_Itr  Bot_Itr
  ------ -------- --------- --------- -------- -------- -------- -------- --------
  -6.000  -0.7279   0.01322   0.00371   0.0127   1.0000   0.0495   1.0000  97.6328
  -5.000  -0.6027   0.01161   0.00281   0.0087   0.9932   0.0790   1.8260 100.4396
  -4.000  -0.4628   0.00946   0.00207   0.0010   0.9820   0.2790   2.9202 113.8525
  -3.000  -0.3247   0.00783   0.00167  -0.0055   0.9678   0.4957   4.0990 127.3872
  -2.000  -0.2079   0.00684   0.00147  -0.0061   0.9399   0.6548   6.0513 137.2519
  -1.000  -0.1054   0.00631   0.00140  -0.0027   0.8957   0.7693   8.8076 144.3207
   0.000  -0.0000   0.00617   0.00139   0.0000   0.8424   0.8424  12.1447 148.8553
   1.000   0.1054   0.00631   0.00140   0.0027   0.7693   0.8957  16.6795 152.1920
   2.000   0.2079   0.00684   0.00147   0.0061   0.6548   0.9398  23.7490 154.9482
   3.000   0.3246   0.00783   0.00167   0.0056   0.4957   0.9678  33.6115 156.9035
   4.000   0.4628   0.00946   0.00207  -0.0010   0.2790   0.9820  47.1485 158.0811
   5.000   0.6027   0.01160   0.00281  -0.0087   0.0789   0.9932  60.5625 159.1769
   6.000   0.7277   0.01322   0.00371  -0.0126   0.0495   1.0000  63.3666 160.0000
   7.000   0.7987   0.01507   0.00484  -0.0055   0.0440   1.0000  64.0144 160.0000
   8.000   0.8716   0.01689   0.00616   0.0015   0.0413   1.0000  64.3751 160.0000
   9.000   0.9450   0.01939   0.00786   0.0078   0.0379   1.0000  64.8306 160.0000
  10.000   1.0213   0.02297   0.01056   0.0130   0.0350   1.0000  65.2696 160.0000
  11.000   1.0964   0.02613   0.01295   0.0175   0.0317   1.0000  65.7833 160.0000
  12.000   1.1522   0.03132   0.01704   0.0236   0.0287   1.0000  66.2937 160.0000
  13.000   1.1830   0.03569   0.02042   0.0321   0.0264   1.0000  66.7215 160.0000
  14.000   1.1801   0.04436   0.02703   0.0382   0.0246   1.0000  67.0727 160.0000
  15.000   1.1423   0.05862   0.03978   0.0361   0.0234   1.0000  67.3343 160.0000
