  
       XFOIL         Version 6.99
  
 Calculated polar for: NACA M4 AIRFOIL                                 
  
 1 1 Reynolds number fixed          Mach number fixed         
  
 xtrf =   1.000 (top)        1.000 (bottom)  
 Mach =   0.000     Re =     0.500 e 6     Ncrit =   9.000  9.000
  
   alpha    CL        CD       CDp       CM     Top_Xtr  Bot_Xtr  Top_Itr  Bot_Itr
  ------ -------- --------- --------- -------- -------- -------- -------- --------
  -6.000  -0.4899   0.04652   0.04539  -0.0056   1.0000   0.0193   1.0000  89.1867
  -5.000  -0.4097   0.03177   0.03072  -0.0089   1.0000   0.0279   1.0000  89.9454
  -4.000  -0.3322   0.00955   0.01012  -0.0066   0.9446   0.0265   6.3505  89.8174
  -2.000  -0.1412   0.01185   0.00390   0.0005   0.8009   0.0456  16.6774  91.3685
  -1.000  -0.0328   0.01023   0.00224   0.0016   0.7471   0.0491  20.4659  91.6309
   0.000   0.0772   0.00931   0.00134   0.0021   0.7016   0.0500  23.6598  91.6952
   1.000   0.1891   0.00893   0.00089   0.0023   0.6584   0.0535  26.6974  91.9583
   2.000   0.3292   0.00657   0.00095  -0.0045   0.6112   1.0000  30.0185 160.0000
   3.000   0.4352   0.00686   0.00082  -0.0034   0.5407   1.0000  34.9789 160.0000
   4.000   0.5410   0.00738   0.00084  -0.0024   0.4530   1.0000  41.1699 160.0000
   5.000   0.6430   0.00989   0.00149  -0.0024   0.1235   1.0000  64.6379 160.0000
   6.000   0.7452   0.01267   0.00302  -0.0019   0.0222   1.0000  72.6517 160.0000
   7.000   0.8419   0.01657   0.00552  -0.0003   0.0133   1.0000  73.6249 160.0000
