  
       XFOIL         Version 6.99
  
 Calculated polar for: NACA M5 AIRFOIL                                 
  
 1 1 Reynolds number fixed          Mach number fixed         
  
 xtrf =   1.000 (top)        1.000 (bottom)  
 Mach =   0.000     Re =     0.500 e 6     Ncrit =   9.000  9.000
  
   alpha    CL        CD       CDp       CM     Top_Xtr  Bot_Xtr  Top_Itr  Bot_Itr
  ------ -------- --------- --------- -------- -------- -------- -------- --------
  -6.000  -0.5682   0.02623   0.01675  -0.0029   1.0000   0.0319   1.0000  91.9879
  -5.000  -0.4686   0.02032   0.01188  -0.0028   1.0000   0.0403   1.0000  92.7972
  -4.000  -0.3694   0.01534   0.00700   0.0002   0.8891   0.0454   9.9856  93.2309
  -3.000  -0.2666   0.01261   0.00422   0.0028   0.8160   0.0468  15.0676  93.3342
  -2.000  -0.1588   0.01094   0.00257   0.0040   0.7588   0.0509  18.9671  93.6536
  -1.000  -0.0488   0.00984   0.00157   0.0046   0.7103   0.0626  22.2738  94.5072
   0.000   0.0566   0.00775   0.00106   0.0050   0.6689   0.5283  25.0871 126.2434
   1.000   0.2323   0.00732   0.00177  -0.0076   0.6271   1.0000  27.9424 160.0000
   2.000   0.3412   0.00735   0.00155  -0.0072   0.5875   1.0000  30.6478 160.0000
   3.000   0.4484   0.00749   0.00142  -0.0065   0.5439   1.0000  33.6292 160.0000
   4.000   0.5535   0.00779   0.00130  -0.0055   0.4758   1.0000  38.3071 160.0000
   5.000   0.6570   0.00846   0.00134  -0.0043   0.3778   1.0000  45.0828 160.0000
   6.000   0.7537   0.01117   0.00225  -0.0036   0.1035   1.0000  64.3875 160.0000
   7.000   0.8474   0.01420   0.00393  -0.0017   0.0243   1.0000  71.0661 160.0000
   8.000   0.9346   0.01792   0.00623   0.0011   0.0162   1.0000  72.0800 160.0000
   9.000   1.0187   0.02173   0.00886   0.0041   0.0129   1.0000  72.6625 160.0000
  10.000   1.0780   0.03137   0.01546   0.0093   0.0111   1.0000  72.9810 160.0000
  13.000   0.9105   0.07219   0.04441   0.0186   0.0114   1.0000  72.9233 160.0000
