  
       XFOIL         Version 6.99
  
 Calculated polar for: M6 (85%)                                        
  
 1 1 Reynolds number fixed          Mach number fixed         
  
 xtrf =   1.000 (top)        1.000 (bottom)  
 Mach =   0.000     Re =     0.500 e 6     Ncrit =   9.000  9.000
  
   alpha    CL        CD       CDp       CM     Top_Xtr  Bot_Xtr  Top_Itr  Bot_Itr
  ------ -------- --------- --------- -------- -------- -------- -------- --------
  -6.000  -0.5530   0.01693   0.00707  -0.0104   0.9768   0.0231   3.5732  93.4144
  -5.000  -0.4083   0.01388   0.00433  -0.0177   0.9466   0.0251   5.9015  93.8457
  -4.000  -0.2771   0.01136   0.00229  -0.0218   0.8736   0.0273  10.5077  94.2508
  -3.000  -0.1825   0.01027   0.00138  -0.0177   0.8001   0.0368  15.1406  95.6763
  -2.000  -0.0885   0.00940   0.00087  -0.0137   0.7455   0.0953  18.5383 100.9499
  -1.000  -0.0023   0.00808   0.00064  -0.0086   0.7020   0.3899  21.2473 119.5494
   0.000   0.1489   0.00708   0.00112  -0.0160   0.6625   0.9365  23.7200 154.0735
   1.000   0.3511   0.00882   0.00182  -0.0337   0.6213   0.9737  26.3065 157.0225
   2.000   0.4937   0.00884   0.00158  -0.0405   0.5723   0.9852  29.3952 158.1715
   3.000   0.6185   0.00879   0.00137  -0.0438   0.5228   0.9938  32.5478 159.1353
   4.000   0.7378   0.00882   0.00117  -0.0461   0.4467   1.0000  37.4482 160.0000
   5.000   0.8185   0.00971   0.00140  -0.0405   0.3227   1.0000  45.5093 160.0000
   6.000   0.8891   0.01162   0.00222  -0.0337   0.1519   1.0000  56.9596 160.0000
   7.000   0.9494   0.01434   0.00368  -0.0250   0.0333   1.0000  66.8453 160.0000
   8.000   1.0104   0.01668   0.00516  -0.0161   0.0245   1.0000  68.2005 160.0000
   9.000   1.0632   0.01919   0.00680  -0.0062   0.0222   1.0000  68.6345 160.0000
  10.000   1.0947   0.02248   0.00884   0.0066   0.0210   1.0000  68.8498 160.0000
  11.000   1.1053   0.02708   0.01157   0.0213   0.0203   1.0000  68.9805 160.0000
  12.000   1.1397   0.03231   0.01513   0.0298   0.0200   1.0000  69.0538 160.0000
  13.000   1.1614   0.03926   0.02028   0.0369   0.0198   1.0000  69.0962 160.0000
  14.000   1.1505   0.04999   0.02875   0.0419   0.0199   1.0000  69.0708 160.0000
  15.000   1.1106   0.06549   0.04173   0.0419   0.0203   1.0000  68.9800 160.0000
