  
       XFOIL         Version 6.99
  
 Calculated polar for: NACA M6 AIRFOIL                                 
  
 1 1 Reynolds number fixed          Mach number fixed         
  
 xtrf =   1.000 (top)        1.000 (bottom)  
 Mach =   0.000     Re =     1.000 e 6     Ncrit =   9.000  9.000
  
   alpha    CL        CD       CDp       CM     Top_Xtr  Bot_Xtr  Top_Itr  Bot_Itr
  ------ -------- --------- --------- -------- -------- -------- -------- --------
  -6.000  -0.5576   0.01506   0.00621  -0.0046   0.7921   0.0298  15.2401  95.9053
  -5.000  -0.4511   0.01332   0.00447  -0.0035   0.7409   0.0303  18.3350  95.9960
  -4.000  -0.3479   0.01094   0.00274  -0.0019   0.7008   0.0320  20.7612  96.2692
  -3.000  -0.2390   0.00996   0.00193  -0.0012   0.6671   0.0341  22.8137  96.5956
  -2.000  -0.1276   0.00931   0.00139  -0.0010   0.6369   0.0362  24.6586  96.9329
   0.000   0.0910   0.00756   0.00081  -0.0003   0.5807   0.3285  28.1184 117.2046
   1.000   0.1787   0.00567   0.00090   0.0052   0.5527   0.9282  29.8564 154.1158
   2.000   0.2906   0.00617   0.00125   0.0061   0.5200   0.9702  31.8956 157.0604
   3.000   0.4466   0.00689   0.00168  -0.0033   0.4818   0.9822  34.3039 158.0821
   4.000   0.5824   0.00725   0.00175  -0.0091   0.4408   0.9856  36.8952 158.4101
   5.000   0.7066   0.00774   0.00184  -0.0125   0.3842   0.9911  40.5003 158.9321
   6.000   0.8331   0.00857   0.00205  -0.0168   0.2994   0.9941  45.9647 159.2790
   7.000   0.9546   0.01001   0.00261  -0.0207   0.1891   0.9977  53.2733 159.7250
   8.000   1.0551   0.01235   0.00378  -0.0210   0.0709   1.0000  62.0176 160.0000
   9.000   1.1314   0.01400   0.00465  -0.0156   0.0407   1.0000  65.2582 160.0000
  10.000   1.2010   0.01560   0.00553  -0.0089   0.0323   1.0000  66.5112 160.0000
  11.000   1.2610   0.01743   0.00652  -0.0010   0.0266   1.0000  67.5332 160.0000
  12.000   1.3057   0.01970   0.00770   0.0086   0.0221   1.0000  68.4580 160.0000
  13.000   1.3447   0.02358   0.01001   0.0151   0.0188   1.0000  69.2445 160.0000
  14.000   1.3755   0.02982   0.01411   0.0180   0.0159   1.0000  70.0037 160.0000
  15.000   1.4052   0.03712   0.01918   0.0187   0.0144   1.0000  70.4572 160.0000
