  
       XFOIL         Version 6.99
  
 Calculated polar for: NACA M6 AIRFOIL                                 
  
 1 1 Reynolds number fixed          Mach number fixed         
  
 xtrf =   1.000 (top)        1.000 (bottom)  
 Mach =   0.000     Re =     0.500 e 6     Ncrit =   9.000  9.000
  
   alpha    CL        CD       CDp       CM     Top_Xtr  Bot_Xtr  Top_Itr  Bot_Itr
  ------ -------- --------- --------- -------- -------- -------- -------- --------
  -6.000  -0.5386   0.01818   0.00840  -0.0099   0.8655   0.0388  10.6986  97.2919
  -5.000  -0.4370   0.01515   0.00551  -0.0075   0.8092   0.0395  14.1977  97.3888
  -4.000  -0.3324   0.01321   0.00374  -0.0057   0.7610   0.0416  17.1195  97.6832
  -3.000  -0.2265   0.01184   0.00255  -0.0043   0.7208   0.0437  19.5521  97.9655
  -2.000  -0.1191   0.01080   0.00180  -0.0032   0.6865   0.0499  21.6338  98.7368
  -1.000  -0.0128   0.00965   0.00143  -0.0022   0.6552   0.1994  23.5387 109.3602
   0.000   0.0721   0.00724   0.00162   0.0040   0.6265   0.9191  25.2941 153.5323
   1.000   0.2178   0.00826   0.00240  -0.0016   0.5955   0.9698  27.2061 157.0255
   2.000   0.4179   0.00909   0.00296  -0.0201   0.5586   0.9925  29.4865 159.0920
   3.000   0.5573   0.00909   0.00269  -0.0267   0.5196   0.9989  31.9262 159.8697
   4.000   0.6671   0.00918   0.00253  -0.0271   0.4803   1.0000  34.3969 160.0000
   5.000   0.7695   0.00945   0.00242  -0.0260   0.4313   1.0000  37.5014 160.0000
   6.000   0.8697   0.01001   0.00243  -0.0245   0.3658   1.0000  41.6752 160.0000
   7.000   0.9632   0.01110   0.00272  -0.0222   0.2765   1.0000  47.4608 160.0000
   8.000   1.0421   0.01329   0.00364  -0.0178   0.1521   1.0000  55.7961 160.0000
   9.000   1.1009   0.01641   0.00532  -0.0101   0.0594   1.0000  63.0857 160.0000
  10.000   1.1566   0.01882   0.00666  -0.0017   0.0437   1.0000  64.8610 160.0000
  11.000   1.1871   0.02187   0.00842   0.0099   0.0361   1.0000  65.9091 160.0000
  12.000   1.2164   0.02651   0.01144   0.0169   0.0306   1.0000  66.7895 160.0000
  13.000   1.2401   0.03359   0.01643   0.0200   0.0265   1.0000  67.5511 160.0000
  14.000   1.2513   0.04280   0.02314   0.0211   0.0235   1.0000  68.1601 160.0000
  15.000   1.2634   0.05257   0.03058   0.0207   0.0211   1.0000  68.6860 160.0000
