  
       XFOIL         Version 6.99
  
 Calculated polar for: NACA M9 AIRFOIL                                 
  
 1 1 Reynolds number fixed          Mach number fixed         
  
 xtrf =   1.000 (top)        1.000 (bottom)  
 Mach =   0.000     Re =     0.500 e 6     Ncrit =   9.000  9.000
  
   alpha    CL        CD       CDp       CM     Top_Xtr  Bot_Xtr  Top_Itr  Bot_Itr
  ------ -------- --------- --------- -------- -------- -------- -------- --------
  -6.000  -0.1774   0.01895   0.00890  -0.0685   0.6475   0.0252  24.0360  92.5753
  -5.000  -0.0680   0.01560   0.00583  -0.0679   0.6055   0.0324  26.5432  93.9407
  -4.000   0.0414   0.01378   0.00444  -0.0665   0.5589   0.0420  29.2979  95.3162
  -3.000   0.1525   0.01270   0.00347  -0.0651   0.5213   0.0520  31.4971  96.4541
  -2.000   0.2640   0.01174   0.00255  -0.0636   0.4894   0.0628  33.3625  97.4810
  -1.000   0.3762   0.01119   0.00203  -0.0622   0.4653   0.0783  34.7685  98.7750
   0.000   0.4879   0.01085   0.00174  -0.0609   0.4442   0.1051  36.0021 100.6766
   1.000   0.6002   0.01111   0.00225  -0.0597   0.4254   0.1726  37.1066 104.9852
   2.000   0.7124   0.01263   0.00359  -0.0583   0.4071   0.2421  38.1876 111.4682
   3.000   0.8225   0.01305   0.00384  -0.0573   0.3885   0.2683  39.2895 113.7850
   4.000   0.9314   0.01300   0.00376  -0.0565   0.3659   0.2889  40.6378 115.3341
   5.000   1.0398   0.01311   0.00357  -0.0556   0.3349   0.2924  42.5150 115.5752
   6.000   1.1422   0.01413   0.00356  -0.0543   0.2631   0.2981  47.0784 115.9734
   7.000   1.2390   0.01522   0.00422  -0.0525   0.2249   0.2946  49.5672 115.7314
   8.000   1.3339   0.01636   0.00487  -0.0504   0.2104   0.2906  50.4771 115.4533
   9.000   1.4221   0.01781   0.00561  -0.0476   0.1996   0.2878  51.1427 115.2579
  10.000   1.5027   0.01936   0.00629  -0.0440   0.1876   0.2863  51.8921 115.1568
  11.000   1.5720   0.02082   0.00675  -0.0390   0.1746   0.2859  52.7203 115.1232
  12.000   1.6119   0.02352   0.00772  -0.0317   0.1619   0.2863  53.5701 115.1549
  13.000   1.6387   0.02869   0.01030  -0.0273   0.1417   0.2878  54.9976 115.2609
  15.000   1.5485   0.05812   0.03117  -0.0263   0.0576   0.2882  62.2407 115.2856
