  
       XFOIL         Version 6.99
  
 Calculated polar for: MA409 (original)                                
  
 1 1 Reynolds number fixed          Mach number fixed         
  
 xtrf =   1.000 (top)        1.000 (bottom)  
 Mach =   0.000     Re =     1.000 e 6     Ncrit =   9.000  9.000
  
   alpha    CL        CD       CDp       CM     Top_Xtr  Bot_Xtr  Top_Itr  Bot_Itr
  ------ -------- --------- --------- -------- -------- -------- -------- --------
  -5.000  -0.0175   0.00872   0.00095  -0.1042   0.7268   0.0129  22.1359  88.2177
  -4.000   0.0946   0.00796   0.00080  -0.1042   0.7213   0.0691  22.5336  93.4768
  -3.000   0.2067   0.00764   0.00060  -0.1042   0.7138   0.0864  23.0689  94.7322
  -2.000   0.3188   0.00700   0.00039  -0.1043   0.7049   0.1799  23.7202 101.2843
  -1.000   0.4303   0.00633   0.00029  -0.1045   0.6821   0.3655  25.4078 114.1873
   0.000   0.5281   0.00559   0.00043  -0.1020   0.5597   0.8875  34.6130 150.6256
   1.000   0.6420   0.00580   0.00051  -0.1025   0.5266   1.0000  37.0253 160.0000
   2.000   0.7419   0.00723   0.00071  -0.1007   0.3032   1.0000  52.7324 160.0000
   3.000   0.8324   0.01022   0.00169  -0.0973   0.0110   1.0000  75.2736 160.0000
   4.000   0.9263   0.01309   0.00296  -0.0937   0.0067   1.0000  76.1098 160.0000
   5.000   1.0176   0.01636   0.00472  -0.0899   0.0051   1.0000  76.6939 160.0000
