  
       XFOIL         Version 6.99
  
 Calculated polar for: MARSKE PIONEER IID ROOT AIRFOIL (NACA 431012A/24
  
 1 1 Reynolds number fixed          Mach number fixed         
  
 xtrf =   1.000 (top)        1.000 (bottom)  
 Mach =   0.000     Re =     1.000 e 6     Ncrit =   9.000  9.000
  
   alpha    CL        CD       CDp       CM     Top_Xtr  Bot_Xtr  Top_Itr  Bot_Itr
  ------ -------- --------- --------- -------- -------- -------- -------- --------
  -6.000  -0.4826   0.01300   0.00391  -0.0009   0.7424   0.0201  18.4660  94.8720
  -5.000  -0.3852   0.01202   0.00319   0.0027   0.6909   0.0234  21.5555  95.6902
  -4.000  -0.2877   0.01090   0.00234   0.0064   0.6391   0.0275  24.6536  96.5538
  -3.000  -0.1922   0.01006   0.00155   0.0105   0.5433   0.0321  30.2864  97.4048
  -2.000  -0.0947   0.00975   0.00105   0.0141   0.4294   0.0369  36.9166  98.1804
  -1.000   0.0058   0.00962   0.00078   0.0170   0.3408   0.0442  42.1123  99.1740
   0.000   0.0600   0.00681   0.00047   0.0287   0.2964   0.7776  44.7600 144.5521
   1.000   0.1606   0.00699   0.00072   0.0322   0.2655   0.8627  46.6067 149.4787
   2.000   0.2671   0.00733   0.00094   0.0341   0.2435   0.8959  47.9346 151.4008
   3.000   0.3740   0.00772   0.00117   0.0358   0.2261   0.9246  49.0107 153.2044
   4.000   0.4849   0.00816   0.00140   0.0363   0.2112   0.9450  49.9608 154.6786
   5.000   0.6014   0.00866   0.00166   0.0353   0.2001   0.9622  50.6843 156.0726
   6.000   0.7269   0.00929   0.00198   0.0321   0.1873   0.9729  51.5348 157.0377
   7.000   0.8622   0.01007   0.00240   0.0265   0.1771   0.9772  52.2288 157.4643
   8.000   0.9880   0.01096   0.00285   0.0226   0.1659   0.9847  53.0059 158.2086
   9.000   1.1165   0.01164   0.00321   0.0180   0.1583   0.9916  53.5474 158.9340
  10.000   1.2459   0.01250   0.00367   0.0128   0.1474   0.9970  54.3455 159.6169
  11.000   1.3495   0.01341   0.00406   0.0127   0.1339   1.0000  55.3815 160.0000
  12.000   1.4137   0.01458   0.00445   0.0203   0.1161   1.0000  56.8429 160.0000
  13.000   1.4722   0.01616   0.00509   0.0283   0.0991   1.0000  58.3391 160.0000
  14.000   1.5107   0.01824   0.00584   0.0389   0.0857   1.0000  59.5739 160.0000
  15.000   1.5405   0.02126   0.00708   0.0478   0.0746   1.0000  60.6509 160.0000
