  
       XFOIL         Version 6.99
  
 Calculated polar for: RONCZ LOW DRAG FLYING WING AIRFOIL              
  
 1 1 Reynolds number fixed          Mach number fixed         
  
 xtrf =   1.000 (top)        1.000 (bottom)  
 Mach =   0.000     Re =     1.000 e 6     Ncrit =   9.000  9.000
  
   alpha    CL        CD       CDp       CM     Top_Xtr  Bot_Xtr  Top_Itr  Bot_Itr
  ------ -------- --------- --------- -------- -------- -------- -------- --------
  -2.000  -0.1547   0.01014   0.00213   0.0125   0.6695   0.0256  25.0415  92.7814
  -1.000  -0.0422   0.00920   0.00184   0.0118   0.6663   0.1109  25.2636  99.6817
   0.000   0.0430   0.00630   0.00198   0.0169   0.6625   0.9426  25.5269 155.1268
   1.000   0.2387   0.00764   0.00322  -0.0003   0.6593   0.9859  25.7447 158.3938
   2.000   0.3744   0.00759   0.00307  -0.0062   0.6518   0.9932  26.2716 159.1032
   3.000   0.5027   0.00715   0.00254  -0.0104   0.6391   0.9960  27.1662 159.4682
   4.000   0.6284   0.00682   0.00213  -0.0142   0.6236   0.9990  28.2716 159.8740
   5.000   0.7441   0.00659   0.00174  -0.0159   0.5973   1.0000  30.1647 160.0000
   6.000   0.8660   0.00855   0.00205  -0.0213   0.3480   1.0000  47.6323 160.0000
   7.000   0.9755   0.01169   0.00333  -0.0259   0.1320   1.0000  62.6612 160.0000
   8.000   1.0672   0.01393   0.00435  -0.0259   0.0606   1.0000  68.1631 160.0000
   9.000   1.1413   0.01645   0.00562  -0.0232   0.0313   1.0000  71.0847 160.0000
  10.000   1.1624   0.01962   0.00729  -0.0123   0.0223   1.0000  72.3421 160.0000
  11.000   1.1867   0.02296   0.00898  -0.0023   0.0166   1.0000  73.3490 160.0000
  12.000   1.2320   0.02724   0.01139   0.0020   0.0129   1.0000  74.1823 160.0000
  13.000   1.2758   0.03199   0.01422   0.0053   0.0105   1.0000  74.8500 160.0000
  14.000   1.3069   0.03806   0.01817   0.0087   0.0091   1.0000  75.2881 160.0000
  15.000   1.3373   0.04487   0.02285   0.0108   0.0080   1.0000  75.7161 160.0000
