  
       XFOIL         Version 6.99
  
 Calculated polar for: MARSKE PIONEER IA AIRFOIL (NACA 23112/43012A HYB
  
 1 1 Reynolds number fixed          Mach number fixed         
  
 xtrf =   1.000 (top)        1.000 (bottom)  
 Mach =   0.000     Re =     0.500 e 6     Ncrit =   9.000  9.000
  
   alpha    CL        CD       CDp       CM     Top_Xtr  Bot_Xtr  Top_Itr  Bot_Itr
  ------ -------- --------- --------- -------- -------- -------- -------- --------
  -6.000  -0.5413   0.01756   0.00780   0.0092   0.9746   0.0322   3.6928  98.4387
  -5.000  -0.3741   0.01446   0.00487  -0.0015   0.8437   0.0390  12.2567  99.6701
  -4.000  -0.2794   0.01291   0.00338   0.0031   0.7378   0.0446  18.2685 100.5030
  -3.000  -0.1862   0.01161   0.00229   0.0079   0.6721   0.0507  22.0980 101.3073
  -2.000  -0.0929   0.01081   0.00148   0.0126   0.5581   0.0597  28.7199 102.3237
  -1.000  -0.0133   0.00973   0.00087   0.0191   0.3834   0.3256  38.6793 118.7816
   0.000   0.0463   0.00838   0.00132   0.0314   0.3033   0.8888  43.3312 151.1946
   1.000   0.1647   0.00946   0.00205   0.0322   0.2671   0.9371  45.4246 154.2503
   2.000   0.3181   0.01062   0.00266   0.0245   0.2420   0.9514  46.8747 155.3163
   3.000   0.4455   0.01127   0.00294   0.0213   0.2242   0.9616  47.9380 156.1398
   4.000   0.5696   0.01182   0.00323   0.0186   0.2117   0.9715  48.7150 157.0021
   5.000   0.7033   0.01250   0.00364   0.0136   0.2000   0.9778  49.4601 157.5877
   6.000   0.8285   0.01329   0.00407   0.0101   0.1892   0.9861  50.1617 158.4000
   7.000   0.9551   0.01399   0.00447   0.0060   0.1794   0.9942  50.8142 159.2778
   8.000   1.0734   0.01494   0.00516   0.0034   0.1712   1.0000  51.3800 160.0000
   9.000   1.1439   0.01614   0.00575   0.0101   0.1624   1.0000  51.9891 160.0000
  10.000   1.2133   0.01683   0.00618   0.0172   0.1547   1.0000  52.5455 160.0000
  11.000   1.2780   0.01807   0.00669   0.0247   0.1459   1.0000  53.1967 160.0000
  12.000   1.3402   0.01935   0.00703   0.0322   0.1358   1.0000  53.9729 160.0000
  13.000   1.3950   0.02069   0.00748   0.0405   0.1272   1.0000  54.6679 160.0000
  14.000   1.4340   0.02283   0.00815   0.0493   0.1176   1.0000  55.4813 160.0000
  15.000   1.4694   0.02640   0.00964   0.0543   0.1043   1.0000  56.6772 160.0000
