  
       XFOIL         Version 6.99
  
 Calculated polar for: MARSKE PIONEER IID TIP AIRFOIL (NACA 431012A*.83
  
 1 1 Reynolds number fixed          Mach number fixed         
  
 xtrf =   1.000 (top)        1.000 (bottom)  
 Mach =   0.000     Re =     0.500 e 6     Ncrit =   9.000  9.000
  
   alpha    CL        CD       CDp       CM     Top_Xtr  Bot_Xtr  Top_Itr  Bot_Itr
  ------ -------- --------- --------- -------- -------- -------- -------- --------
  -6.000  -0.4979   0.02588   0.02391   0.0027   1.0000   0.0259   1.0000  96.2349
  -5.000  -0.4146   0.02150   0.01220   0.0066   0.9438   0.0234   6.6135  95.7137
  -4.000  -0.2927   0.01518   0.00510   0.0074   0.7416   0.0246  19.0697  95.9998
  -3.000  -0.1927   0.01284   0.00311   0.0111   0.6405   0.0299  25.2031  96.9972
  -2.000  -0.1050   0.01180   0.00183   0.0166   0.3677   0.0395  41.5157  98.3770
  -1.000  -0.0072   0.01134   0.00128   0.0203   0.2871   0.0580  46.2843 100.2945
   0.000   0.0533   0.00850   0.00141   0.0321   0.2574   0.9143  48.0152 152.2235
   3.000   0.4929   0.01121   0.00294   0.0136   0.2000   0.9772  51.5709 157.3359
   4.000   0.6137   0.01183   0.00328   0.0115   0.1904   0.9851  52.1955 158.1569
   5.000   0.7389   0.01237   0.00359   0.0082   0.1816   0.9926  52.7784 158.9952
   6.000   0.8666   0.01314   0.00417   0.0042   0.1744   0.9988  53.2493 159.8427
   7.000   0.9595   0.01378   0.00459   0.0072   0.1670   1.0000  53.7421 160.0000
   8.000   1.0402   0.01482   0.00529   0.0125   0.1598   1.0000  54.2296 160.0000
   9.000   1.1206   0.01556   0.00559   0.0179   0.1508   1.0000  54.8511 160.0000
  10.000   1.2005   0.01653   0.00616   0.0231   0.1422   1.0000  55.4898 160.0000
  11.000   1.2799   0.01753   0.00651   0.0282   0.1319   1.0000  56.2892 160.0000
  12.000   1.3563   0.01881   0.00699   0.0332   0.1217   1.0000  57.1346 160.0000
  13.000   1.4284   0.02025   0.00749   0.0383   0.1099   1.0000  58.1898 160.0000
  14.000   1.4817   0.02234   0.00823   0.0454   0.0945   1.0000  59.6181 160.0000
  15.000   1.4962   0.02668   0.01040   0.0540   0.0807   1.0000  60.8933 160.0000
