  
       XFOIL         Version 6.99
  
 Calculated polar for: MH 108  11.98%                                  
  
 1 1 Reynolds number fixed          Mach number fixed         
  
 xtrf =   1.000 (top)        1.000 (bottom)  
 Mach =   0.000     Re =     0.500 e 6     Ncrit =   9.000  9.000
  
   alpha    CL        CD       CDp       CM     Top_Xtr  Bot_Xtr  Top_Itr  Bot_Itr
  ------ -------- --------- --------- -------- -------- -------- -------- --------
  -6.000  -0.6600   0.01122   0.00207   0.0127   1.0000   0.0814   1.0000  96.6150
  -5.000  -0.5247   0.00980   0.00151   0.0074   0.9326   0.1575   6.2726 102.1478
  -4.000  -0.4232   0.00918   0.00110   0.0104   0.7640   0.2456  17.7077 108.2454
  -3.000  -0.3223   0.00856   0.00080   0.0130   0.6637   0.3609  24.4818 116.0920
  -2.000  -0.2203   0.00796   0.00064   0.0154   0.5851   0.5032  29.7793 125.7044
  -1.000  -0.1205   0.00738   0.00060   0.0185   0.5196   0.6799  34.2005 137.6127
   0.000  -0.0184   0.00708   0.00073   0.0217   0.4632   0.8510  38.0185 149.1567
   1.000   0.1157   0.00752   0.00102   0.0183   0.4132   0.9401  41.4170 155.2062
   2.000   0.2660   0.00825   0.00128   0.0109   0.3731   0.9693  44.1482 157.2694
   3.000   0.4214   0.00880   0.00139   0.0020   0.3404   0.9874  46.3842 158.6777
   4.000   0.5721   0.00915   0.00140  -0.0064   0.3129   1.0000  48.2728 160.0000
   5.000   0.6658   0.00951   0.00156  -0.0030   0.2907   1.0000  49.8061 160.0000
   6.000   0.7609   0.01000   0.00180   0.0002   0.2673   1.0000  51.4256 160.0000
   7.000   0.8563   0.01062   0.00203   0.0033   0.2391   1.0000  53.3971 160.0000
   8.000   0.9504   0.01147   0.00234   0.0064   0.1991   1.0000  56.2509 160.0000
   9.000   1.0385   0.01300   0.00303   0.0101   0.1469   1.0000  60.0658 160.0000
  10.000   1.1205   0.01500   0.00409   0.0142   0.1003   1.0000  63.5736 160.0000
  11.000   1.1916   0.01768   0.00558   0.0194   0.0591   1.0000  66.9475 160.0000
  12.000   1.2408   0.02133   0.00769   0.0266   0.0288   1.0000  70.0705 160.0000
  13.000   1.2352   0.02716   0.01112   0.0369   0.0165   1.0000  72.0026 160.0000
  14.000   1.2092   0.04101   0.02153   0.0328   0.0119   1.0000  73.0619 160.0000
  15.000   1.1663   0.05928   0.03676   0.0251   0.0101   1.0000  73.5884 160.0000
