  
       XFOIL         Version 6.99
  
 Calculated polar for: MH 116  9.84%                                   
  
 1 1 Reynolds number fixed          Mach number fixed         
  
 xtrf =   1.000 (top)        1.000 (bottom)  
 Mach =   0.000     Re =     0.500 e 6     Ncrit =   9.000  9.000
  
   alpha    CL        CD       CDp       CM     Top_Xtr  Bot_Xtr  Top_Itr  Bot_Itr
  ------ -------- --------- --------- -------- -------- -------- -------- --------
  -6.000  -0.1240   0.01862   0.00821  -0.1234   0.9261   0.0112   7.0145  87.4351
  -5.000  -0.0215   0.01245   0.00274  -0.1216   0.8964   0.0093   9.1664  87.0399
  -4.000   0.0848   0.00933   0.00108  -0.1205   0.8679   0.0403  11.2291  90.9555
  -3.000   0.1938   0.00832   0.00088  -0.1203   0.8404   0.1712  13.2156 100.6641
  -2.000   0.3035   0.00762   0.00078  -0.1201   0.8132   0.3404  15.1845 112.6356
  -1.000   0.4118   0.00692   0.00085  -0.1197   0.7854   0.5977  17.1951 130.7858
   0.000   0.5067   0.00628   0.00099  -0.1151   0.7551   0.9105  19.3818 152.9570
   1.000   0.6275   0.00639   0.00086  -0.1169   0.7232   1.0000  21.6860 160.0000
   2.000   0.7358   0.00672   0.00085  -0.1162   0.6886   1.0000  24.1838 160.0000
   3.000   0.8423   0.00711   0.00085  -0.1152   0.6478   1.0000  27.1322 160.0000
   4.000   0.9460   0.00761   0.00086  -0.1137   0.5958   1.0000  30.8808 160.0000
   5.000   1.0446   0.00838   0.00092  -0.1112   0.5203   1.0000  36.3180 160.0000
   6.000   1.1309   0.00991   0.00124  -0.1068   0.3914   1.0000  45.5968 160.0000
   7.000   1.2039   0.01238   0.00206  -0.1007   0.2357   1.0000  56.8431 160.0000
   8.000   1.2676   0.01527   0.00316  -0.0934   0.1103   1.0000  66.1766 160.0000
   9.000   1.3152   0.01833   0.00437  -0.0835   0.0362   1.0000  72.3453 160.0000
  10.000   1.3366   0.02345   0.00638  -0.0708   0.0049   1.0000  77.2482 160.0000
  11.000   1.3615   0.02896   0.00932  -0.0613   0.0038   1.0000  77.7421 160.0000
  12.000   1.3619   0.03766   0.01494  -0.0528   0.0034   1.0000  77.8960 160.0000
  13.000   1.3557   0.04907   0.02305  -0.0475   0.0033   1.0000  77.9343 160.0000
  14.000   1.3466   0.06282   0.03384  -0.0460   0.0034   1.0000  77.9190 160.0000
  15.000   1.3217   0.08101   0.04993  -0.0495   0.0035   1.0000  77.8655 160.0000
