  
       XFOIL         Version 6.99
  
 Calculated polar for: MH 112  16.2%                                   
  
 1 1 Reynolds number fixed          Mach number fixed         
  
 xtrf =   1.000 (top)        1.000 (bottom)  
 Mach =   0.000     Re =     1.000 e 6     Ncrit =   9.000  9.000
  
   alpha    CL        CD       CDp       CM     Top_Xtr  Bot_Xtr  Top_Itr  Bot_Itr
  ------ -------- --------- --------- -------- -------- -------- -------- --------
  -6.000   0.2552   0.01176   0.00323  -0.1979   0.7220   0.0140  18.0250  96.0340
  -5.000   0.3669   0.01023   0.00203  -0.1986   0.7046   0.0153  18.9579  96.4866
  -4.000   0.4805   0.00937   0.00133  -0.1990   0.6869   0.0192  19.9215  97.7990
  -3.000   0.5940   0.00871   0.00086  -0.1994   0.6679   0.0482  20.9550 104.8653
  -2.000   0.7064   0.00832   0.00067  -0.1996   0.6482   0.1147  22.0430 112.7878
  -1.000   0.8179   0.00800   0.00062  -0.1997   0.6271   0.2397  23.2106 120.0831
   1.000   1.0293   0.00809   0.00073  -0.1976   0.5767   0.4954  26.0156 131.7915
   2.000   1.1313   0.00833   0.00084  -0.1957   0.5532   0.5938  27.3268 136.4283
   3.000   1.2224   0.00867   0.00093  -0.1917   0.5287   0.6992  28.6987 141.5769
   4.000   1.2978   0.00887   0.00103  -0.1845   0.5043   1.0000  30.0713 160.0000
   5.000   1.3841   0.00965   0.00108  -0.1802   0.4786   1.0000  31.5250 160.0000
   6.000   1.4609   0.01074   0.00122  -0.1744   0.4508   1.0000  33.1093 160.0000
   7.000   1.5315   0.01214   0.00147  -0.1680   0.4194   1.0000  34.9122 160.0000
   9.000   1.6464   0.01662   0.00270  -0.1531   0.3463   1.0000  39.2152 160.0000
  10.000   1.6931   0.01990   0.00389  -0.1454   0.3119   1.0000  41.2890 160.0000
  11.000   1.7350   0.02390   0.00552  -0.1382   0.2826   1.0000  43.0713 160.0000
  12.000   1.7775   0.02832   0.00745  -0.1322   0.2577   1.0000  44.6274 160.0000
  13.000   1.8131   0.03374   0.01001  -0.1264   0.2337   1.0000  46.1653 160.0000
  14.000   1.8429   0.04015   0.01327  -0.1214   0.2099   1.0000  47.7603 160.0000
  15.000   1.8667   0.04769   0.01736  -0.1171   0.1871   1.0000  49.3629 160.0000
