  
       XFOIL         Version 6.99
  
 Calculated polar for: MH 117  9.8%                                    
  
 1 1 Reynolds number fixed          Mach number fixed         
  
 xtrf =   1.000 (top)        1.000 (bottom)  
 Mach =   0.000     Re =     0.500 e 6     Ncrit =   9.000  9.000
  
   alpha    CL        CD       CDp       CM     Top_Xtr  Bot_Xtr  Top_Itr  Bot_Itr
  ------ -------- --------- --------- -------- -------- -------- -------- --------
  -6.000  -0.3389   0.01280   0.00291  -0.0736   0.9648   0.0119   4.0934  87.8786
  -5.000  -0.2158   0.00970   0.00147  -0.0761   0.9303   0.0650   6.5703  93.6038
  -4.000  -0.1049   0.00883   0.00108  -0.0756   0.8840   0.1260   9.8442  98.1312
  -2.000   0.1100   0.00744   0.00064  -0.0735   0.7983   0.3673  15.8841 115.1368
  -1.000   0.2168   0.00677   0.00066  -0.0724   0.7586   0.5864  18.6876 130.4031
   0.000   0.3161   0.00616   0.00080  -0.0688   0.7197   0.8584  21.4394 149.4087
   1.000   0.4518   0.00616   0.00068  -0.0730   0.6792   1.0000  24.3027 160.0000
   2.000   0.5550   0.00648   0.00068  -0.0711   0.6357   1.0000  27.3828 160.0000
   3.000   0.6605   0.00690   0.00070  -0.0696   0.5855   1.0000  30.9421 160.0000
   4.000   0.7648   0.00748   0.00075  -0.0680   0.5141   1.0000  36.0127 160.0000
   6.000   0.9567   0.01039   0.00158  -0.0629   0.2514   1.0000  54.7173 160.0000
   7.000   1.0472   0.01240   0.00240  -0.0598   0.1436   1.0000  62.5439 160.0000
   8.000   1.1332   0.01465   0.00346  -0.0562   0.0766   1.0000  67.6618 160.0000
   9.000   1.2145   0.01697   0.00465  -0.0519   0.0457   1.0000  70.2552 160.0000
  10.000   1.2883   0.01941   0.00584  -0.0467   0.0257   1.0000  72.2731 160.0000
  11.000   1.3313   0.02294   0.00748  -0.0373   0.0098   1.0000  74.8983 160.0000
  12.000   1.3489   0.02834   0.01055  -0.0271   0.0055   1.0000  76.2386 160.0000
  13.000   1.3567   0.03579   0.01568  -0.0207   0.0043   1.0000  76.7634 160.0000
  14.000   1.3239   0.04971   0.02655  -0.0187   0.0038   1.0000  77.0307 160.0000
  15.000   1.2985   0.06623   0.04074  -0.0228   0.0035   1.0000  77.1983 160.0000
