  
       XFOIL         Version 6.99
  
 Calculated polar for: MH 115  11.06%                                  
  
 1 1 Reynolds number fixed          Mach number fixed         
  
 xtrf =   1.000 (top)        1.000 (bottom)  
 Mach =   0.000     Re =     0.500 e 6     Ncrit =   9.000  9.000
  
   alpha    CL        CD       CDp       CM     Top_Xtr  Bot_Xtr  Top_Itr  Bot_Itr
  ------ -------- --------- --------- -------- -------- -------- -------- --------
  -6.000   0.0738   0.02370   0.01476  -0.1617   0.8940   0.0146   9.3379  91.4544
  -5.000   0.1808   0.01199   0.00307  -0.1646   0.8614   0.0109  11.4935  90.2516
  -4.000   0.2944   0.00993   0.00170  -0.1651   0.8306   0.0218  13.5201  93.2953
  -3.000   0.4072   0.00898   0.00121  -0.1654   0.7996   0.0796  15.5599  99.9760
  -2.000   0.5195   0.00825   0.00098  -0.1658   0.7684   0.2343  17.6025 110.0891
  -1.000   0.6311   0.00777   0.00104  -0.1660   0.7373   0.4665  19.6316 124.5447
   0.000   0.7397   0.00750   0.00123  -0.1652   0.7059   0.7076  21.6782 139.7081
   1.000   0.8343   0.00723   0.00124  -0.1607   0.6738   1.0000  23.7737 160.0000
   2.000   0.9436   0.00769   0.00127  -0.1602   0.6393   1.0000  26.0265 160.0000
   3.000   1.0496   0.00819   0.00135  -0.1592   0.6002   1.0000  28.5815 160.0000
   4.000   1.1519   0.00882   0.00145  -0.1575   0.5558   1.0000  31.4865 160.0000
   5.000   1.2487   0.00968   0.00160  -0.1548   0.5026   1.0000  34.9730 160.0000
   6.000   1.3385   0.01080   0.00186  -0.1510   0.4371   1.0000  39.2830 160.0000
   7.000   1.4194   0.01228   0.00228  -0.1458   0.3684   1.0000  43.8099 160.0000
   8.000   1.4865   0.01404   0.00284  -0.1382   0.3050   1.0000  48.0180 160.0000
   9.000   1.5454   0.01622   0.00364  -0.1298   0.2460   1.0000  51.9975 160.0000
  10.000   1.5940   0.01914   0.00489  -0.1208   0.1871   1.0000  56.0749 160.0000
  11.000   1.6297   0.02322   0.00689  -0.1114   0.1305   1.0000  60.1803 160.0000
  12.000   1.6589   0.02840   0.00976  -0.1030   0.0924   1.0000  63.1697 160.0000
  13.000   1.6774   0.03527   0.01394  -0.0959   0.0595   1.0000  66.0845 160.0000
  14.000   1.6828   0.04454   0.02012  -0.0905   0.0314   1.0000  69.4306 160.0000
  15.000   1.6716   0.05732   0.02945  -0.0875   0.0157   1.0000  72.5756 160.0000
