  
       XFOIL         Version 6.99
  
 Calculated polar for: MH 112  16.2%                                   
  
 1 1 Reynolds number fixed          Mach number fixed         
  
 xtrf =   1.000 (top)        1.000 (bottom)  
 Mach =   0.000     Re =     0.500 e 6     Ncrit =   9.000  9.000
  
   alpha    CL        CD       CDp       CM     Top_Xtr  Bot_Xtr  Top_Itr  Bot_Itr
  ------ -------- --------- --------- -------- -------- -------- -------- --------
  -6.000   0.2553   0.01548   0.00542  -0.1977   0.7589   0.0201  16.0555  98.0724
  -5.000   0.3639   0.01337   0.00373  -0.1979   0.7410   0.0222  17.0051  98.7030
  -4.000   0.4757   0.01188   0.00259  -0.1984   0.7230   0.0281  17.9679 100.3774
  -3.000   0.5893   0.01085   0.00193  -0.1990   0.7045   0.0700  18.9670 108.2534
  -2.000   0.7020   0.01028   0.00169  -0.1995   0.6851   0.1697  20.0168 116.4276
  -1.000   0.8125   0.00993   0.00164  -0.1995   0.6649   0.3141  21.1247 123.5893
   0.000   0.9203   0.00982   0.00169  -0.1988   0.6427   0.4613  22.3446 130.2327
   1.000   1.0239   0.00995   0.00173  -0.1971   0.6178   0.5820  23.7264 135.8616
   2.000   1.1245   0.01023   0.00181  -0.1948   0.5941   0.6925  25.0437 141.2460
   3.000   1.2039   0.01016   0.00184  -0.1879   0.5704   0.9639  26.3685 156.6069
   4.000   1.2930   0.01084   0.00179  -0.1839   0.5456   1.0000  27.7539 160.0000
   5.000   1.3737   0.01172   0.00181  -0.1785   0.5205   1.0000  29.1601 160.0000
   6.000   1.4478   0.01279   0.00191  -0.1722   0.4934   1.0000  30.6897 160.0000
   7.000   1.5144   0.01423   0.00213  -0.1651   0.4649   1.0000  32.3070 160.0000
   8.000   1.5714   0.01622   0.00258  -0.1572   0.4333   1.0000  34.1125 160.0000
   9.000   1.6203   0.01893   0.00342  -0.1491   0.3984   1.0000  36.1329 160.0000
  10.000   1.6614   0.02253   0.00478  -0.1410   0.3615   1.0000  38.3073 160.0000
  11.000   1.6964   0.02708   0.00678  -0.1334   0.3274   1.0000  40.3528 160.0000
  12.000   1.7274   0.03255   0.00943  -0.1267   0.2977   1.0000  42.1484 160.0000
  13.000   1.7577   0.03870   0.01261  -0.1212   0.2712   1.0000  43.7767 160.0000
  14.000   1.7845   0.04575   0.01649  -0.1166   0.2467   1.0000  45.3237 160.0000
  15.000   1.8020   0.05434   0.02153  -0.1128   0.2226   1.0000  46.9022 160.0000
