  
       XFOIL         Version 6.99
  
 Calculated polar for: MH 116  9.84%                                   
  
 1 1 Reynolds number fixed          Mach number fixed         
  
 xtrf =   1.000 (top)        1.000 (bottom)  
 Mach =   0.000     Re =     1.000 e 6     Ncrit =   9.000  9.000
  
   alpha    CL        CD       CDp       CM     Top_Xtr  Bot_Xtr  Top_Itr  Bot_Itr
  ------ -------- --------- --------- -------- -------- -------- -------- --------
  -6.000  -0.1290   0.01325   0.00419  -0.1212   0.8775   0.0065  10.5332  86.2500
  -5.000  -0.0246   0.01028   0.00177  -0.1199   0.8479   0.0056  12.6738  85.9876
  -4.000   0.0832   0.00809   0.00048  -0.1191   0.8200   0.0064  14.6932  86.2082
  -3.000   0.1932   0.00695   0.00017  -0.1190   0.7929   0.1050  16.6533  95.8976
  -2.000   0.3039   0.00632   0.00010  -0.1191   0.7657   0.2521  18.6210 106.4076
  -1.000   0.4145   0.00590   0.00011  -0.1191   0.7362   0.4149  20.7462 117.8838
   0.000   0.5237   0.00543   0.00022  -0.1189   0.7053   0.6697  22.9772 135.8730
   1.000   0.6215   0.00499   0.00035  -0.1153   0.6723   0.9478  25.3591 155.6418
   2.000   0.7387   0.00527   0.00034  -0.1166   0.6343   1.0000  28.1014 160.0000
   3.000   0.8464   0.00569   0.00038  -0.1160   0.5861   1.0000  31.5758 160.0000
   4.000   0.9509   0.00631   0.00048  -0.1148   0.5217   1.0000  36.2144 160.0000
   5.000   1.0476   0.00746   0.00073  -0.1124   0.4088   1.0000  44.3469 160.0000
   6.000   1.1365   0.00919   0.00128  -0.1088   0.2748   1.0000  54.0006 160.0000
   7.000   1.2119   0.01173   0.00222  -0.1032   0.1177   1.0000  65.6097 160.0000
   8.000   1.2872   0.01396   0.00311  -0.0976   0.0443   1.0000  71.5876 160.0000
   9.000   1.3362   0.01704   0.00421  -0.0873   0.0026   1.0000  78.3909 160.0000
  10.000   1.3800   0.02032   0.00538  -0.0769   0.0018   1.0000  78.9555 160.0000
  11.000   1.4052   0.02519   0.00785  -0.0660   0.0017   1.0000  79.0279 160.0000
  12.000   1.4151   0.03215   0.01211  -0.0566   0.0017   1.0000  79.0428 160.0000
  13.000   1.4073   0.04242   0.01926  -0.0496   0.0017   1.0000  79.0281 160.0000
  14.000   1.3882   0.05624   0.02988  -0.0467   0.0017   1.0000  78.9841 160.0000
  15.000   1.3710   0.07214   0.04351  -0.0489   0.0018   1.0000  78.9504 160.0000
