  
       XFOIL         Version 6.99
  
 Calculated polar for: MH 113  14.62%                                  
  
 1 1 Reynolds number fixed          Mach number fixed         
  
 xtrf =   1.000 (top)        1.000 (bottom)  
 Mach =   0.000     Re =     1.000 e 6     Ncrit =   9.000  9.000
  
   alpha    CL        CD       CDp       CM     Top_Xtr  Bot_Xtr  Top_Itr  Bot_Itr
  ------ -------- --------- --------- -------- -------- -------- -------- --------
  -6.000   0.2189   0.01144   0.00341  -0.1920   0.7559   0.0164  17.1666  95.1002
  -5.000   0.3306   0.01000   0.00222  -0.1926   0.7368   0.0180  18.2948  95.5946
  -4.000   0.4441   0.00904   0.00139  -0.1931   0.7167   0.0210  19.4778  96.4945
  -3.000   0.5577   0.00842   0.00085  -0.1935   0.6954   0.0292  20.7339  98.5963
  -2.000   0.6706   0.00786   0.00060  -0.1939   0.6729   0.1187  22.0692 108.8178
  -1.000   0.7829   0.00751   0.00055  -0.1943   0.6481   0.2578  23.5463 116.8561
   0.000   0.8923   0.00741   0.00061  -0.1940   0.6210   0.4154  25.1638 125.2493
   1.000   0.9987   0.00752   0.00073  -0.1931   0.5909   0.5578  26.9597 132.8952
   2.000   1.1019   0.00777   0.00089  -0.1915   0.5588   0.6877  28.8754 140.0236
   3.000   1.1946   0.00800   0.00111  -0.1876   0.5250   0.8742  30.8914 150.6710
   5.000   1.3617   0.00938   0.00125  -0.1770   0.4544   1.0000  35.1148 160.0000
   6.000   1.4415   0.01041   0.00144  -0.1715   0.4189   1.0000  37.2451 160.0000
   7.000   1.5158   0.01167   0.00173  -0.1655   0.3847   1.0000  39.3157 160.0000
   8.000   1.5845   0.01324   0.00214  -0.1589   0.3519   1.0000  41.3140 160.0000
   9.000   1.6471   0.01524   0.00274  -0.1520   0.3203   1.0000  43.2570 160.0000
  10.000   1.7035   0.01776   0.00362  -0.1449   0.2896   1.0000  45.1764 160.0000
  11.000   1.7533   0.02097   0.00486  -0.1378   0.2590   1.0000  47.1273 160.0000
  12.000   1.7962   0.02499   0.00660  -0.1309   0.2289   1.0000  49.0956 160.0000
  13.000   1.8312   0.03007   0.00902  -0.1244   0.1990   1.0000  51.1101 160.0000
  14.000   1.8575   0.03645   0.01236  -0.1184   0.1703   1.0000  53.1129 160.0000
  15.000   1.8748   0.04436   0.01684  -0.1132   0.1423   1.0000  55.1715 160.0000
