  
       XFOIL         Version 6.99
  
 Calculated polar for: MH 126 25.0%                                    
  
 1 1 Reynolds number fixed          Mach number fixed         
  
 xtrf =   1.000 (top)        1.000 (bottom)  
 Mach =   0.000     Re =     0.500 e 6     Ncrit =   9.000  9.000
  
   alpha    CL        CD       CDp       CM     Top_Xtr  Bot_Xtr  Top_Itr  Bot_Itr
  ------ -------- --------- --------- -------- -------- -------- -------- --------
  -6.000   0.1675   0.01583   0.00449  -0.1569   0.6649   0.0589  20.0799 111.3931
  -5.000   0.2544   0.01498   0.00394  -0.1535   0.6566   0.0758  20.5503 114.0991
  -4.000   0.3567   0.01420   0.00333  -0.1530   0.6484   0.1267  21.0078 119.8179
  -3.000   0.4395   0.01368   0.00302  -0.1488   0.6398   0.1949  21.5014 124.6465
  -2.000   0.5468   0.01320   0.00263  -0.1492   0.6319   0.2956  21.9544 129.6321
  -1.000   0.6154   0.01301   0.00230  -0.1425   0.6226   0.4152  22.4951 134.5468
   0.000   0.7268   0.01280   0.00200  -0.1435   0.6142   0.5424  22.9866 139.3732
   1.000   0.7561   0.01322   0.00126  -0.1295   0.6036   0.6528  23.6094 143.4287
   2.000   0.8336   0.01365   0.00082  -0.1245   0.5941   0.7680  24.1774 147.7066
   3.000   0.8925   0.01430   0.00015  -0.1163   0.5831   0.8615  24.8309 151.5708
   4.000   0.9852   0.01561   0.00021  -0.1162   0.5710   0.9695  25.5562 157.5908
   5.000   1.0760   0.01689  -0.00009  -0.1164   0.5592   1.0000  26.2678 160.0000
   6.000   1.1652   0.01766  -0.00091  -0.1150   0.5472   1.0000  27.0000 160.0000
   7.000   1.2037   0.02013  -0.00121  -0.1071   0.5320   1.0000  27.9267 160.0000
   8.000   1.2501   0.02288  -0.00128  -0.1010   0.5158   1.0000  28.9162 160.0000
   9.000   1.3023   0.02573  -0.00128  -0.0963   0.4986   1.0000  29.9691 160.0000
  10.000   1.3255   0.03061  -0.00005  -0.0892   0.4781   1.0000  31.2350 160.0000
  11.000   1.3567   0.03556   0.00133  -0.0838   0.4565   1.0000  32.5751 160.0000
  12.000   1.4035   0.03972   0.00214  -0.0804   0.4355   1.0000  33.8759 160.0000
  13.000   1.4290   0.04574   0.00436  -0.0758   0.4122   1.0000  35.3189 160.0000
  14.000   1.4586   0.05171   0.00654  -0.0721   0.3892   1.0000  36.7472 160.0000
  15.000   1.4915   0.05758   0.00864  -0.0692   0.3674   1.0000  38.1091 160.0000
