  
       XFOIL         Version 6.99
  
 Calculated polar for: MH 120  8.0%                                    
  
 1 1 Reynolds number fixed          Mach number fixed         
  
 xtrf =   1.000 (top)        1.000 (bottom)  
 Mach =   0.000     Re =     0.500 e 6     Ncrit =   9.000  9.000
  
   alpha    CL        CD       CDp       CM     Top_Xtr  Bot_Xtr  Top_Itr  Bot_Itr
  ------ -------- --------- --------- -------- -------- -------- -------- --------
  -3.000   0.0413   0.01020   0.00211  -0.1043   0.9464   0.0205   5.6618  86.7121
  -2.000   0.1835   0.00754   0.00129  -0.1125   0.9428   0.4455   5.9411 118.5461
  -1.000   0.3092   0.00704   0.00148  -0.1159   0.9320   0.6301   6.7616 132.1068
   0.000   0.4382   0.00667   0.00131  -0.1197   0.9182   0.6799   7.8055 135.7729
   1.000   0.5573   0.00635   0.00111  -0.1208   0.8912   0.7441   9.8309 140.5038
   2.000   0.6583   0.00605   0.00076  -0.1172   0.8261   0.8403  14.6848 147.6064
   3.000   0.7119   0.00832   0.00066  -0.1040   0.3656   1.0000  48.8132 160.0000
   4.000   0.7884   0.01215   0.00171  -0.0981   0.0132   1.0000  76.1777 160.0000
   5.000   0.8770   0.01542   0.00326  -0.0932   0.0093   1.0000  76.6883 160.0000
   6.000   0.9766   0.02587   0.00969  -0.0887   0.0139   1.0000  76.0950 160.0000
