  
       XFOIL         Version 6.99
  
 Calculated polar for: MH 23  8%                                       
  
 1 1 Reynolds number fixed          Mach number fixed         
  
 xtrf =   1.000 (top)        1.000 (bottom)  
 Mach =   0.000     Re =     0.500 e 6     Ncrit =   9.000  9.000
  
   alpha    CL        CD       CDp       CM     Top_Xtr  Bot_Xtr  Top_Itr  Bot_Itr
  ------ -------- --------- --------- -------- -------- -------- -------- --------
  -6.000  -0.5272   0.04269   0.03059  -0.0279   0.9918   0.0143   1.9296  85.4724
  -3.000  -0.2151   0.01291   0.00244  -0.0247   0.9609   0.0099   4.3878  85.0439
  -2.000  -0.0789   0.00939   0.00134  -0.0298   0.9531   0.2275   4.9793 101.9367
  -1.000   0.0694   0.00745   0.00196  -0.0363   0.9441   0.9548   5.6631 156.1886
   0.000   0.2450   0.00745   0.00176  -0.0490   0.9313   0.9791   6.6394 158.0318
   1.000   0.3941   0.00671   0.00106  -0.0566   0.9018   0.9939   8.8742 159.3025
   2.000   0.5008   0.00609   0.00038  -0.0553   0.8131   1.0000  15.6128 160.0000
   3.000   0.5761   0.00712   0.00023  -0.0476   0.5590   1.0000  34.6658 160.0000
   4.000   0.6546   0.00871   0.00054  -0.0418   0.3185   1.0000  52.6226 160.0000
   5.000   0.7330   0.01063   0.00102  -0.0365   0.1162   1.0000  67.8690 160.0000
   6.000   0.8103   0.01267   0.00170  -0.0306   0.0222   1.0000  75.5056 160.0000
   7.000   0.8747   0.01630   0.00268  -0.0215   0.0045   1.0000  77.8505 160.0000
   8.000   0.9243   0.02274   0.00618  -0.0100   0.0043   1.0000  77.8952 160.0000
   9.000   0.9265   0.03783   0.01811   0.0079   0.0064   1.0000  77.4660 160.0000
