  
       XFOIL         Version 6.99
  
 Calculated polar for: MH 24  9.01%                                    
  
 1 1 Reynolds number fixed          Mach number fixed         
  
 xtrf =   1.000 (top)        1.000 (bottom)  
 Mach =   0.000     Re =     1.000 e 6     Ncrit =   9.000  9.000
  
   alpha    CL        CD       CDp       CM     Top_Xtr  Bot_Xtr  Top_Itr  Bot_Itr
  ------ -------- --------- --------- -------- -------- -------- -------- --------
   0.000   0.1352   0.00459   0.00075  -0.0247   0.8827   0.9316  10.2829 154.4261
   1.000   0.2396   0.00473   0.00073  -0.0222   0.8429   0.9536  13.3012 156.0594
   2.000   0.3540   0.00537   0.00060  -0.0224   0.7161   0.9667  22.8145 157.0368
   3.000   0.4783   0.00655   0.00065  -0.0261   0.5119   0.9715  37.9510 157.4076
   4.000   0.5761   0.00780   0.00076  -0.0245   0.3128   0.9800  52.6942 158.0710
   5.000   0.6890   0.00930   0.00106  -0.0267   0.1342   0.9840  66.0486 158.3970
   6.000   0.7901   0.01088   0.00151  -0.0262   0.0321   0.9905  74.1682 158.9211
   7.000   0.8986   0.01270   0.00192  -0.0272   0.0032   0.9946  78.0687 159.3660
   8.000   0.9986   0.01583   0.00307  -0.0265   0.0025   0.9997  78.4189 159.9615
   9.000   1.0213   0.02059   0.00560  -0.0102   0.0025   1.0000  78.3795 160.0000
  10.000   1.0102   0.02903   0.01122   0.0104   0.0029   1.0000  78.2151 160.0000
