  
       XFOIL         Version 6.99
  
 Calculated polar for: MH 26  10.99%                                   
  
 1 1 Reynolds number fixed          Mach number fixed         
  
 xtrf =   1.000 (top)        1.000 (bottom)  
 Mach =   0.000     Re =     1.000 e 6     Ncrit =   9.000  9.000
  
   alpha    CL        CD       CDp       CM     Top_Xtr  Bot_Xtr  Top_Itr  Bot_Itr
  ------ -------- --------- --------- -------- -------- -------- -------- --------
  -4.000  -0.1943   0.01095   0.00196  -0.0519   0.9321   0.0045   6.6920  84.8182
  -3.000  -0.1002   0.00909   0.00157  -0.0485   0.9237   0.1351   7.3215  96.5542
  -2.000  -0.0526   0.00606   0.00115  -0.0355   0.9103   0.7313   8.3277 139.6780
  -1.000   0.0590   0.00545   0.00127  -0.0346   0.9018   0.9023   8.9627 152.2112
   0.000   0.1772   0.00559   0.00140  -0.0354   0.8882   0.9290   9.9852 154.1859
   1.000   0.2886   0.00567   0.00132  -0.0350   0.8638   0.9414  11.8327 155.1054
   2.000   0.4391   0.00602   0.00114  -0.0436   0.7930   0.9455  17.1668 155.4082
   3.000   0.5231   0.00711   0.00106  -0.0378   0.6202   0.9567  29.8001 156.2336
   4.000   0.5926   0.00833   0.00101  -0.0297   0.4433   0.9682  42.6332 157.0902
   5.000   0.6944   0.00971   0.00114  -0.0295   0.2673   0.9728  55.4276 157.4493
   6.000   0.7719   0.01113   0.00127  -0.0241   0.1278   0.9814  65.7442 158.1271
   7.000   0.8725   0.01267   0.00169  -0.0240   0.0435   0.9858  72.3927 158.4920
   8.000   0.9585   0.01423   0.00215  -0.0207   0.0145   0.9925  75.3482 159.0814
   9.000   1.0589   0.01589   0.00277  -0.0211   0.0047   0.9965  77.3778 159.5795
  10.000   1.1299   0.01830   0.00367  -0.0157   0.0020   1.0000  78.5858 160.0000
  11.000   1.1336   0.02130   0.00479   0.0027   0.0014   1.0000  79.0640 160.0000
  12.000   1.1417   0.02459   0.00632   0.0186   0.0011   1.0000  79.3216 160.0000
  13.000   1.1370   0.02992   0.00947   0.0331   0.0010   1.0000  79.4749 160.0000
  14.000   1.1145   0.03849   0.01562   0.0439   0.0009   1.0000  79.5419 160.0000
  15.000   1.0655   0.05338   0.02791   0.0466   0.0009   1.0000  79.5553 160.0000
