  
       XFOIL         Version 6.99
  
 Calculated polar for: MH 26  10.99%                                   
  
 1 1 Reynolds number fixed          Mach number fixed         
  
 xtrf =   1.000 (top)        1.000 (bottom)  
 Mach =   0.000     Re =     0.500 e 6     Ncrit =   9.000  9.000
  
   alpha    CL        CD       CDp       CM     Top_Xtr  Bot_Xtr  Top_Itr  Bot_Itr
  ------ -------- --------- --------- -------- -------- -------- -------- --------
  -5.000  -0.4185   0.01187   0.00538  -0.0283   0.9428   0.0097   5.8935  86.1146
  -4.000  -0.3268   0.00717   0.00242  -0.0239   0.9317   0.0077   6.7220  85.7068
  -3.000  -0.2510   0.01426   0.00360  -0.0176   0.9224   0.0192   7.4165  87.3911
  -2.000  -0.1906   0.01008   0.00330  -0.0074   0.9075   0.8480   8.5387 148.2184
   0.000   0.2340   0.01154   0.00469  -0.0485   0.9069   0.9452   8.5802 155.3844
   1.000   0.4057   0.01062   0.00394  -0.0612   0.8980   0.9551   9.2527 156.1175
   2.000   0.5383   0.00970   0.00296  -0.0654   0.8691   0.9672  11.4363 157.0174
   3.000   0.6810   0.00883   0.00166  -0.0718   0.7419   0.9729  20.9259 157.4550
   4.000   0.7605   0.01024   0.00155  -0.0659   0.4895   0.9855  39.2871 158.4681
   5.000   0.8476   0.01197   0.00176  -0.0630   0.2570   0.9952  56.1815 159.4126
   6.000   0.9314   0.01380   0.00221  -0.0595   0.1011   1.0000  67.7755 160.0000
   7.000   0.9776   0.01590   0.00294  -0.0476   0.0333   1.0000  73.3010 160.0000
   8.000   1.0090   0.01775   0.00355  -0.0327   0.0190   1.0000  74.7635 160.0000
   9.000   1.0160   0.02040   0.00437  -0.0135   0.0100   1.0000  76.0386 160.0000
  10.000   0.9793   0.01319   0.00106   0.0088   0.0056   1.0000  77.0525 160.0000
  11.000   0.9872   0.01699   0.00243   0.0237   0.0043   1.0000  77.5076 160.0000
  12.000   0.9856   0.02261   0.00491   0.0364   0.0034   1.0000  77.8408 160.0000
  13.000   0.9240   0.03729   0.01288   0.0482   0.0030   1.0000  78.0098 160.0000
  14.000   0.8682   0.05618   0.02433   0.0489   0.0029   1.0000  78.0585 160.0000
  15.000   0.7875   0.08593   0.04598   0.0382   0.0030   1.0000  78.0111 160.0000
