  
       XFOIL         Version 6.99
  
 Calculated polar for: MH 27  11.99%                                   
  
 1 1 Reynolds number fixed          Mach number fixed         
  
 xtrf =   1.000 (top)        1.000 (bottom)  
 Mach =   0.000     Re =     0.500 e 6     Ncrit =   9.000  9.000
  
   alpha    CL        CD       CDp       CM     Top_Xtr  Bot_Xtr  Top_Itr  Bot_Itr
  ------ -------- --------- --------- -------- -------- -------- -------- --------
  -6.000  -0.5018   0.02724   0.01426  -0.0331   0.9431   0.0201   5.9033  87.9958
  -5.000  -0.4803   0.02186   0.00719  -0.0160   0.9334   0.0078   6.6268  86.0359
  -4.000  -0.3807   0.01722   0.00470  -0.0132   0.9251   0.0081   7.2478  86.0954
  -3.000  -0.2779   0.01432   0.00391  -0.0118   0.9161   0.1697   7.9212  99.5644
  -2.000  -0.1949   0.01143   0.00416  -0.0058   0.9037   0.8917   8.8502 151.3733
  -1.000   0.0113   0.01299   0.00543  -0.0249   0.9032   0.9299   8.8904 154.2016
   0.000   0.2012   0.01327   0.00563  -0.0414   0.8977   0.9427   9.3018 155.1530
   2.000   0.5558   0.01091   0.00373  -0.0699   0.8760   0.9560  10.9405 156.1386
   3.000   0.6891   0.00986   0.00247  -0.0744   0.7936   0.9644  17.1235 156.7687
   4.000   0.7726   0.01094   0.00203  -0.0689   0.5527   0.9760  34.5215 157.6608
   5.000   0.8413   0.01250   0.00211  -0.0616   0.3349   0.9880  50.1437 158.6656
   6.000   0.9255   0.01421   0.00237  -0.0584   0.1530   0.9966  63.3683 159.5767
   7.000   0.9851   0.01606   0.00287  -0.0499   0.0536   1.0000  71.0312 160.0000
   8.000   1.0140   0.01802   0.00347  -0.0346   0.0259   1.0000  73.5487 160.0000
   9.000   1.0431   0.02004   0.00413  -0.0201   0.0155   1.0000  74.7883 160.0000
  10.000   1.0539   0.02336   0.00530  -0.0032   0.0081   1.0000  76.1290 160.0000
  11.000   1.0617   0.02714   0.00705   0.0126   0.0049   1.0000  77.0040 160.0000
  12.000   1.0679   0.03157   0.00954   0.0269   0.0042   1.0000  77.3144 160.0000
  13.000   1.0603   0.03763   0.01352   0.0399   0.0035   1.0000  77.6101 160.0000
  14.000   1.0381   0.04609   0.01982   0.0493   0.0031   1.0000  77.8235 160.0000
  15.000   0.9799   0.06219   0.03344   0.0517   0.0029   1.0000  77.9217 160.0000
