  
       XFOIL         Version 6.99
  
 Calculated polar for: MH 38  9.68%                                    
  
 1 1 Reynolds number fixed          Mach number fixed         
  
 xtrf =   1.000 (top)        1.000 (bottom)  
 Mach =   0.000     Re =     1.000 e 6     Ncrit =   9.000  9.000
  
   alpha    CL        CD       CDp       CM     Top_Xtr  Bot_Xtr  Top_Itr  Bot_Itr
  ------ -------- --------- --------- -------- -------- -------- -------- --------
  -6.000  -0.2348   0.01218   0.00277  -0.0930   0.7850   0.0036  17.2420  84.6581
  -5.000  -0.1264   0.00960   0.00106  -0.0925   0.7598   0.0043  19.1009  84.9923
  -4.000  -0.0151   0.00807   0.00041  -0.0926   0.7367   0.0361  20.8020  89.2533
  -3.000   0.0973   0.00738   0.00022  -0.0929   0.7152   0.1013  22.3847  94.2770
  -2.000   0.2101   0.00692   0.00010  -0.0933   0.6943   0.1827  23.9212 100.2432
  -1.000   0.3228   0.00635   0.00010  -0.0939   0.6737   0.3499  25.4415 112.3633
   1.000   0.5451   0.00499   0.00027  -0.0937   0.6304   1.0000  28.6359 160.0000
   2.000   0.6574   0.00523   0.00028  -0.0939   0.6047   1.0000  30.5342 160.0000
   3.000   0.7691   0.00553   0.00030  -0.0940   0.5745   1.0000  32.7602 160.0000
   4.000   0.8795   0.00593   0.00034  -0.0940   0.5346   1.0000  35.7041 160.0000
   5.000   0.9855   0.00672   0.00044  -0.0933   0.4526   1.0000  41.7527 160.0000
   6.000   1.0781   0.00877   0.00107  -0.0909   0.2729   1.0000  54.9872 160.0000
   7.000   1.1501   0.01252   0.00267  -0.0857   0.0418   1.0000  72.8472 160.0000
   8.000   1.2213   0.01577   0.00379  -0.0796   0.0033   1.0000  78.0322 160.0000
   9.000   1.2850   0.01856   0.00503  -0.0725   0.0027   1.0000  78.3424 160.0000
  10.000   1.3161   0.02215   0.00686  -0.0612   0.0023   1.0000  78.5897 160.0000
  11.000   1.3370   0.02765   0.01022  -0.0523   0.0018   1.0000  78.8717 160.0000
  12.000   1.3358   0.03714   0.01646  -0.0445   0.0015   1.0000  79.1072 160.0000
  13.000   1.3339   0.04844   0.02486  -0.0405   0.0014   1.0000  79.2051 160.0000
  14.000   1.2967   0.06624   0.03989  -0.0409   0.0014   1.0000  79.2006 160.0000
  15.000   1.2318   0.09286   0.06539  -0.0507   0.0014   1.0000  79.1539 160.0000
