  
       XFOIL         Version 6.99
  
 Calculated polar for: MH 42  8.94%                                    
  
 1 1 Reynolds number fixed          Mach number fixed         
  
 xtrf =   1.000 (top)        1.000 (bottom)  
 Mach =   0.000     Re =     0.500 e 6     Ncrit =   9.000  9.000
  
   alpha    CL        CD       CDp       CM     Top_Xtr  Bot_Xtr  Top_Itr  Bot_Itr
  ------ -------- --------- --------- -------- -------- -------- -------- --------
  -5.000  -0.3533   0.01484   0.00393  -0.0377   0.9554   0.0075   4.7585  85.6742
  -4.000  -0.2584   0.01083   0.00140  -0.0329   0.8911   0.0085   9.4868  85.9012
  -3.000  -0.1611   0.00829   0.00062  -0.0298   0.8356   0.1896  13.5493 100.6601
  -2.000  -0.0594   0.00691   0.00042  -0.0280   0.7867   0.4914  17.1262 122.6211
  -1.000   0.0376   0.00582   0.00050  -0.0241   0.7414   0.8292  20.4362 147.1390
   0.000   0.1761   0.00580   0.00052  -0.0286   0.6971   0.9749  23.6687 157.7347
   1.000   0.3179   0.00600   0.00042  -0.0352   0.6504   1.0000  27.0860 160.0000
   2.000   0.4181   0.00627   0.00042  -0.0328   0.6003   1.0000  30.7550 160.0000
   3.000   0.5204   0.00667   0.00044  -0.0308   0.5417   1.0000  35.0547 160.0000
   4.000   0.6234   0.00725   0.00050  -0.0291   0.4655   1.0000  40.6533 160.0000
   5.000   0.7251   0.00823   0.00069  -0.0275   0.3588   1.0000  48.4892 160.0000
   6.000   0.8223   0.00998   0.00122  -0.0257   0.2083   1.0000  59.6037 160.0000
   7.000   0.9154   0.01227   0.00214  -0.0236   0.0857   1.0000  68.9027 160.0000
   8.000   1.0029   0.01509   0.00346  -0.0206   0.0241   1.0000  74.1812 160.0000
   9.000   1.0785   0.01892   0.00506  -0.0159   0.0076   1.0000  76.5471 160.0000
  10.000   1.1283   0.02447   0.00807  -0.0085   0.0050   1.0000  77.2344 160.0000
  11.000   1.1540   0.02988   0.01148   0.0009   0.0040   1.0000  77.5806 160.0000
  12.000   1.1547   0.03808   0.01755   0.0069   0.0036   1.0000  77.7633 160.0000
  13.000   1.1257   0.05238   0.02958   0.0057   0.0033   1.0000  77.8805 160.0000
  14.000   1.0708   0.07501   0.05078  -0.0049   0.0032   1.0000  77.9069 160.0000
  15.000   1.0116   0.10547   0.08217  -0.0229   0.0033   1.0000  77.8544 160.0000
