  
       XFOIL         Version 6.99
  
 Calculated polar for: MH 49                                           
  
 1 1 Reynolds number fixed          Mach number fixed         
  
 xtrf =   1.000 (top)        1.000 (bottom)  
 Mach =   0.000     Re =     1.000 e 6     Ncrit =   9.000  9.000
  
   alpha    CL        CD       CDp       CM     Top_Xtr  Bot_Xtr  Top_Itr  Bot_Itr
  ------ -------- --------- --------- -------- -------- -------- -------- --------
  -6.000  -0.7920   0.01318   0.00325   0.0459   0.6377   0.0089  27.5423  86.9798
  -5.000  -0.6887   0.01113   0.00205   0.0479   0.6287   0.0172  28.1812  88.5790
  -4.000  -0.5827   0.00962   0.00125   0.0492   0.6196   0.0749  28.8262  94.0508
  -3.000  -0.4765   0.00824   0.00081   0.0503   0.6103   0.2218  29.4798 104.7680
  -2.000  -0.3675   0.00741   0.00060   0.0510   0.6007   0.3456  30.1593 113.4716
  -1.000  -0.2597   0.00652   0.00046   0.0520   0.5895   0.5203  30.9471 125.6627
   0.000  -0.1539   0.00566   0.00037   0.0537   0.5769   0.7107  31.8401 138.9231
   1.000  -0.0305   0.00489   0.00038   0.0522   0.5609   0.9371  32.9763 154.7396
   2.000   0.1338   0.00511   0.00048   0.0414   0.5371   0.9836  34.6792 158.2431
   4.000   0.4021   0.00566   0.00030   0.0319   0.4127   1.0000  43.6183 160.0000
   5.000   0.5119   0.00664   0.00057   0.0316   0.2845   1.0000  52.7430 160.0000
   6.000   0.6219   0.00811   0.00113   0.0307   0.1532   1.0000  62.1664 160.0000
   7.000   0.7301   0.00966   0.00183   0.0300   0.0727   1.0000  68.2238 160.0000
   8.000   0.8358   0.01140   0.00273   0.0296   0.0292   1.0000  72.0367 160.0000
   9.000   0.9383   0.01339   0.00385   0.0295   0.0138   1.0000  74.1857 160.0000
  10.000   1.0331   0.01636   0.00551   0.0295   0.0064   1.0000  76.0574 160.0000
  11.000   1.1187   0.01950   0.00743   0.0300   0.0048   1.0000  76.6552 160.0000
  12.000   1.1431   0.02756   0.01263   0.0302   0.0040   1.0000  76.9781 160.0000
  13.000   1.1512   0.03647   0.01934   0.0302   0.0038   1.0000  77.0704 160.0000
  14.000   1.1456   0.04829   0.02914   0.0273   0.0037   1.0000  77.1673 160.0000
  15.000   1.1171   0.06565   0.04467   0.0197   0.0035   1.0000  77.2441 160.0000
