  
       XFOIL         Version 6.99
  
 Calculated polar for: MH 60  10.08%                                   
  
 1 1 Reynolds number fixed          Mach number fixed         
  
 xtrf =   1.000 (top)        1.000 (bottom)  
 Mach =   0.000     Re =     0.500 e 6     Ncrit =   9.000  9.000
  
   alpha    CL        CD       CDp       CM     Top_Xtr  Bot_Xtr  Top_Itr  Bot_Itr
  ------ -------- --------- --------- -------- -------- -------- -------- --------
  -6.000  -0.5399   0.02275   0.00953  -0.0139   0.8486   0.0120  12.5479  88.0424
  -5.000  -0.4461   0.01451   0.00365  -0.0099   0.8197   0.0095  14.6032  87.4165
  -4.000  -0.3431   0.01159   0.00185  -0.0074   0.7915   0.0113  16.5944  87.8897
  -3.000  -0.2406   0.00883   0.00098  -0.0057   0.7634   0.2267  18.5839 105.3999
  -2.000  -0.1336   0.00766   0.00079  -0.0047   0.7343   0.4461  20.6295 120.7643
  -1.000  -0.0294   0.00664   0.00070  -0.0026   0.7033   0.6905  22.8085 137.7591
   0.000   0.1128   0.00598   0.00074  -0.0076   0.6664   0.9635  25.4103 156.7842
   1.000   0.2633   0.00614   0.00061  -0.0156   0.6188   1.0000  28.7807 160.0000
   2.000   0.3682   0.00639   0.00054  -0.0141   0.5605   1.0000  32.9079 160.0000
   3.000   0.4746   0.00687   0.00056  -0.0130   0.4878   1.0000  38.0658 160.0000
   4.000   0.5811   0.00757   0.00072  -0.0122   0.4113   1.0000  43.4856 160.0000
   5.000   0.6869   0.00845   0.00098  -0.0114   0.3376   1.0000  48.7105 160.0000
   6.000   0.7912   0.00955   0.00136  -0.0106   0.2644   1.0000  53.9247 160.0000
   7.000   0.8928   0.01094   0.00191  -0.0096   0.1909   1.0000  59.2216 160.0000
   8.000   0.9902   0.01272   0.00267  -0.0083   0.1249   1.0000  64.0960 160.0000
   9.000   1.0826   0.01481   0.00365  -0.0064   0.0748   1.0000  67.9961 160.0000
  10.000   1.1633   0.01773   0.00510  -0.0036   0.0284   1.0000  72.2488 160.0000
  11.000   1.2274   0.02131   0.00703   0.0011   0.0127   1.0000  74.5746 160.0000
  12.000   1.2390   0.02719   0.01014   0.0096   0.0055   1.0000  76.5679 160.0000
  13.000   1.2263   0.03771   0.01760   0.0119   0.0042   1.0000  77.1365 160.0000
  14.000   1.2057   0.05210   0.02931   0.0084   0.0038   1.0000  77.3666 160.0000
  15.000   1.1671   0.07167   0.04666   0.0004   0.0036   1.0000  77.4616 160.0000
