  
       XFOIL         Version 6.99
  
 Calculated polar for: MH 62  9.3%                                     
  
 1 1 Reynolds number fixed          Mach number fixed         
  
 xtrf =   1.000 (top)        1.000 (bottom)  
 Mach =   0.000     Re =     1.000 e 6     Ncrit =   9.000  9.000
  
   alpha    CL        CD       CDp       CM     Top_Xtr  Bot_Xtr  Top_Itr  Bot_Itr
  ------ -------- --------- --------- -------- -------- -------- -------- --------
  -6.000  -0.5551   0.01745   0.00633  -0.0129   0.8413   0.0044  13.1449  85.0962
  -5.000  -0.4563   0.01207   0.00252  -0.0100   0.8081   0.0038  15.5491  84.8541
  -4.000  -0.3510   0.00940   0.00101  -0.0082   0.7773   0.0057  17.7769  85.5529
  -3.000  -0.2425   0.00777   0.00036  -0.0073   0.7470   0.0888  19.9647  93.9734
  -2.000  -0.1339   0.00650   0.00010  -0.0068   0.7155   0.3082  22.2346 109.9552
  -1.000  -0.0242   0.00570   0.00003  -0.0064   0.6799   0.5130  24.8046 124.6263
   0.000   0.0830   0.00498   0.00003  -0.0051   0.6376   0.7446  27.8646 141.1763
   1.000   0.2253   0.00462   0.00009  -0.0110   0.5783   0.9841  32.1636 158.3992
   2.000   0.3554   0.00505   0.00010  -0.0151   0.4974   1.0000  38.0288 160.0000
   3.000   0.4621   0.00561   0.00020  -0.0141   0.4139   1.0000  44.0700 160.0000
   4.000   0.5691   0.00631   0.00037  -0.0133   0.3335   1.0000  49.8905 160.0000
   5.000   0.6755   0.00717   0.00062  -0.0126   0.2535   1.0000  55.7048 160.0000
   6.000   0.7805   0.00827   0.00100  -0.0118   0.1744   1.0000  61.5208 160.0000
   7.000   0.8831   0.00970   0.00156  -0.0110   0.1009   1.0000  67.0656 160.0000
   8.000   0.9813   0.01164   0.00244  -0.0098   0.0349   1.0000  72.5464 160.0000
   9.000   1.0761   0.01374   0.00355  -0.0081   0.0104   1.0000  75.6163 160.0000
  10.000   1.1620   0.01660   0.00487  -0.0054   0.0018   1.0000  78.6507 160.0000
  11.000   1.2292   0.02068   0.00689  -0.0008   0.0012   1.0000  79.2243 160.0000
  12.000   1.2537   0.02580   0.00979   0.0080   0.0010   1.0000  79.3593 160.0000
  13.000   1.2456   0.03507   0.01643   0.0117   0.0010   1.0000  79.4059 160.0000
  14.000   1.2149   0.05122   0.02992   0.0066   0.0010   1.0000  79.4122 160.0000
  15.000   1.1574   0.07531   0.05204  -0.0053   0.0010   1.0000  79.3912 160.0000
