  
       XFOIL         Version 6.99
  
 Calculated polar for: MH 80  12.72%                                   
  
 1 1 Reynolds number fixed          Mach number fixed         
  
 xtrf =   1.000 (top)        1.000 (bottom)  
 Mach =   0.000     Re =     0.500 e 6     Ncrit =   9.000  9.000
  
   alpha    CL        CD       CDp       CM     Top_Xtr  Bot_Xtr  Top_Itr  Bot_Itr
  ------ -------- --------- --------- -------- -------- -------- -------- --------
  -5.000  -0.4225   0.01726   0.00559   0.0060   0.5859   0.0126  27.3957  92.6866
  -4.000  -0.3174   0.01406   0.00304   0.0085   0.5354   0.0132  30.3475  92.9237
  -2.000  -0.1045   0.01025   0.00108   0.0120   0.4505   0.1606  35.3710 109.1408
  -1.000  -0.0103   0.00779   0.00087   0.0153   0.4151   0.7186  37.5052 141.8375
   0.000   0.0891   0.00789   0.00136   0.0208   0.3832   0.9414  39.4461 155.1369
   1.000   0.2319   0.00848   0.00155   0.0159   0.3525   0.9713  41.3391 157.2070
   2.000   0.4145   0.00908   0.00166   0.0021   0.3238   0.9921  43.1311 159.0146
   3.000   0.5537   0.00931   0.00173  -0.0036   0.3026   1.0000  44.4764 160.0000
   4.000   0.6521   0.00973   0.00198  -0.0012   0.2864   1.0000  45.5184 160.0000
   5.000   0.7492   0.01030   0.00231   0.0013   0.2718   1.0000  46.4638 160.0000
   6.000   0.8447   0.01101   0.00271   0.0041   0.2584   1.0000  47.3425 160.0000
   7.000   0.9391   0.01186   0.00317   0.0070   0.2460   1.0000  48.1709 160.0000
   8.000   1.0339   0.01287   0.00366   0.0096   0.2334   1.0000  49.0199 160.0000
   9.000   1.1314   0.01377   0.00415   0.0114   0.2215   1.0000  49.8406 160.0000
  10.000   1.2292   0.01488   0.00470   0.0128   0.2088   1.0000  50.7324 160.0000
  11.000   1.3245   0.01617   0.00528   0.0141   0.1955   1.0000  51.6927 160.0000
  12.000   1.4137   0.01772   0.00593   0.0157   0.1816   1.0000  52.7229 160.0000
  13.000   1.4898   0.01975   0.00673   0.0184   0.1670   1.0000  53.8369 160.0000
  14.000   1.5249   0.02316   0.00809   0.0242   0.1525   1.0000  54.9753 160.0000
  15.000   1.5440   0.02975   0.01177   0.0252   0.1359   1.0000  56.3291 160.0000
