  
       XFOIL         Version 6.99
  
 Calculated polar for: MH 91  14.98%                                   
  
 1 1 Reynolds number fixed          Mach number fixed         
  
 xtrf =   1.000 (top)        1.000 (bottom)  
 Mach =   0.000     Re =     0.500 e 6     Ncrit =   9.000  9.000
  
   alpha    CL        CD       CDp       CM     Top_Xtr  Bot_Xtr  Top_Itr  Bot_Itr
  ------ -------- --------- --------- -------- -------- -------- -------- --------
  -6.000  -0.5954   0.01434   0.00340   0.0126   0.7709   0.0187  16.0429  94.0790
  -5.000  -0.5019   0.01254   0.00238   0.0163   0.7200   0.0345  18.8816  97.8998
  -4.000  -0.4172   0.00970   0.00131   0.0205   0.6719   0.2969  21.5431 118.0577
  -3.000  -0.3217   0.00827   0.00098   0.0236   0.6249   0.5244  24.1612 131.1986
  -2.000  -0.2199   0.00758   0.00099   0.0263   0.5771   0.6899  26.8459 140.6655
  -1.000  -0.1100   0.00758   0.00112   0.0277   0.5291   0.7707  29.5716 145.3151
   0.000   0.0013   0.00783   0.00129   0.0287   0.4813   0.8206  32.3082 148.1531
   1.000   0.1122   0.00821   0.00148   0.0297   0.4349   0.8557  34.9924 150.1328
   2.000   0.2217   0.00864   0.00171   0.0308   0.3927   0.8847  37.4653 151.7674
   3.000   0.3279   0.00917   0.00197   0.0326   0.3560   0.9114  39.6355 153.3072
   4.000   0.4337   0.00970   0.00217   0.0342   0.3247   0.9338  41.5143 154.6649
   5.000   0.5408   0.01030   0.00235   0.0351   0.2973   0.9550  43.1800 156.0538
   6.000   0.6696   0.01108   0.00264   0.0312   0.2704   0.9696  44.8445 157.1218
   7.000   0.8109   0.01193   0.00302   0.0241   0.2450   0.9788  46.4491 157.8592
   8.000   0.9483   0.01293   0.00343   0.0174   0.2201   0.9877  48.0669 158.6464
   9.000   1.0831   0.01391   0.00393   0.0109   0.1981   0.9973  49.5481 159.6859
  10.000   1.1600   0.01507   0.00444   0.0151   0.1804   1.0000  50.7779 160.0000
  11.000   1.2066   0.01643   0.00487   0.0250   0.1645   1.0000  51.9180 160.0000
  12.000   1.2569   0.01821   0.00540   0.0330   0.1480   1.0000  53.1400 160.0000
  13.000   1.2956   0.02113   0.00651   0.0396   0.1310   1.0000  54.4725 160.0000
  14.000   1.3203   0.02634   0.00918   0.0434   0.1138   1.0000  55.8915 160.0000
  15.000   1.3324   0.03395   0.01382   0.0445   0.1000   1.0000  57.1265 160.0000
