  
       XFOIL         Version 6.99
  
 Calculated polar for: MH 93  15.98%                                   
  
 1 1 Reynolds number fixed          Mach number fixed         
  
 xtrf =   1.000 (top)        1.000 (bottom)  
 Mach =   0.000     Re =     0.500 e 6     Ncrit =   9.000  9.000
  
   alpha    CL        CD       CDp       CM     Top_Xtr  Bot_Xtr  Top_Itr  Bot_Itr
  ------ -------- --------- --------- -------- -------- -------- -------- --------
  -6.000  -0.6166   0.01416   0.00305   0.0208   0.7240   0.0254  18.4239  96.0722
  -5.000  -0.5336   0.01181   0.00196   0.0259   0.6796   0.1243  20.8166 107.9475
  -4.000  -0.4513   0.00949   0.00124   0.0306   0.6377   0.3887  23.0815 123.9088
  -3.000  -0.3576   0.00826   0.00102   0.0343   0.5960   0.5795  25.3524 134.6348
  -2.000  -0.2550   0.00778   0.00112   0.0370   0.5546   0.7140  27.6320 142.2451
  -1.000  -0.1445   0.00790   0.00128   0.0382   0.5134   0.7796  29.9205 145.9727
   0.000  -0.0320   0.00816   0.00150   0.0389   0.4728   0.8186  32.2047 148.1632
   1.000   0.0802   0.00854   0.00172   0.0395   0.4329   0.8478  34.4678 149.7867
   2.000   0.1908   0.00898   0.00195   0.0403   0.3955   0.8724  36.6165 151.1542
   3.000   0.2995   0.00951   0.00223   0.0414   0.3620   0.8942  38.5707 152.3731
   4.000   0.4065   0.01004   0.00244   0.0425   0.3328   0.9126  40.2895 153.4315
   5.000   0.5113   0.01062   0.00264   0.0439   0.3067   0.9305  41.8540 154.5067
   6.000   0.6172   0.01125   0.00284   0.0448   0.2833   0.9489  43.2752 155.6882
   7.000   0.7348   0.01201   0.00308   0.0428   0.2604   0.9627  44.6940 156.6531
   8.000   0.8642   0.01300   0.00347   0.0377   0.2379   0.9721  46.1188 157.3695
   9.000   0.9935   0.01401   0.00389   0.0322   0.2160   0.9817  47.5501 158.1480
  10.000   1.1201   0.01540   0.00450   0.0265   0.1956   0.9915  48.9288 159.0324
  11.000   1.2445   0.01687   0.00528   0.0207   0.1764   1.0000  50.2727 160.0000
  12.000   1.2257   0.01834   0.00529   0.0404   0.1653   1.0000  51.0729 160.0000
  13.000   1.2580   0.02137   0.00636   0.0474   0.1508   1.0000  52.1626 160.0000
  14.000   1.2898   0.02604   0.00863   0.0507   0.1349   1.0000  53.4051 160.0000
  15.000   1.3038   0.03320   0.01273   0.0520   0.1189   1.0000  54.7250 160.0000
