  
       XFOIL         Version 6.99
  
 Calculated polar for: MH 93  15.98%                                   
  
 1 1 Reynolds number fixed          Mach number fixed         
  
 xtrf =   1.000 (top)        1.000 (bottom)  
 Mach =   0.000     Re =     1.000 e 6     Ncrit =   9.000  9.000
  
   alpha    CL        CD       CDp       CM     Top_Xtr  Bot_Xtr  Top_Itr  Bot_Itr
  ------ -------- --------- --------- -------- -------- -------- -------- --------
  -5.000  -0.5434   0.01078   0.00171   0.0283   0.6230   0.0455  23.8792 100.1312
  -4.000  -0.4509   0.00894   0.00096   0.0315   0.5829   0.2163  26.0708 113.8701
  -3.000  -0.3541   0.00747   0.00056   0.0341   0.5435   0.4290  28.2432 126.1940
  -2.000  -0.2522   0.00654   0.00040   0.0362   0.5042   0.6109  30.4348 136.3912
  -1.000  -0.1425   0.00627   0.00043   0.0371   0.4648   0.7129  32.6526 142.1812
   0.000  -0.0290   0.00636   0.00056   0.0373   0.4261   0.7712  34.8564 145.4961
   1.000   0.0860   0.00660   0.00070   0.0371   0.3887   0.8049  37.0133 147.3932
   2.000   0.2010   0.00692   0.00086   0.0367   0.3542   0.8307  39.0239 148.8343
   3.000   0.3151   0.00729   0.00106   0.0364   0.3245   0.8538  40.7868 150.1236
   4.000   0.4283   0.00770   0.00127   0.0362   0.2985   0.8731  42.3478 151.1896
   5.000   0.5401   0.00819   0.00149   0.0361   0.2743   0.8895  43.8269 152.1078
   6.000   0.6499   0.00873   0.00174   0.0362   0.2533   0.9058  45.1425 153.0298
   7.000   0.7562   0.00930   0.00199   0.0369   0.2334   0.9232  46.4106 154.0576
   8.000   0.8583   0.00999   0.00223   0.0382   0.2124   0.9396  47.7905 155.0697
   9.000   0.9545   0.01075   0.00247   0.0403   0.1941   0.9578  49.0343 156.3033
  10.000   1.0572   0.01163   0.00272   0.0407   0.1777   0.9768  50.1817 157.7392
  11.000   1.1817   0.01288   0.00327   0.0357   0.1597   0.9867  51.4937 158.5975
  12.000   1.3048   0.01459   0.00409   0.0300   0.1397   0.9968  53.0191 159.6322
  13.000   1.3397   0.01627   0.00433   0.0399   0.1255   1.0000  54.1699 160.0000
  14.000   1.3691   0.01976   0.00554   0.0466   0.1077   1.0000  55.7137 160.0000
  15.000   1.3912   0.02539   0.00830   0.0499   0.0926   1.0000  57.1359 160.0000
