  
       XFOIL         Version 6.99
  
 Calculated polar for: MH 94  16.03%                                   
  
 1 1 Reynolds number fixed          Mach number fixed         
  
 xtrf =   1.000 (top)        1.000 (bottom)  
 Mach =   0.000     Re =     1.000 e 6     Ncrit =   9.000  9.000
  
   alpha    CL        CD       CDp       CM     Top_Xtr  Bot_Xtr  Top_Itr  Bot_Itr
  ------ -------- --------- --------- -------- -------- -------- -------- --------
  -6.000  -0.3708   0.00945   0.00180  -0.0654   0.9403   0.1242   5.9536 109.1001
  -5.000  -0.2832   0.00746   0.00107  -0.0613   0.9188   0.3022   7.3561 120.1779
  -4.000  -0.1759   0.00631   0.00068  -0.0605   0.8931   0.4383   8.9452 127.8334
  -3.000  -0.0660   0.00588   0.00052  -0.0596   0.8540   0.5126  11.2205 131.9030
  -2.000   0.0432   0.00580   0.00040  -0.0584   0.7979   0.5505  14.3603 133.9525
  -1.000   0.1478   0.00592   0.00035  -0.0564   0.7285   0.5860  18.1450 135.8530
   0.000   0.2491   0.00619   0.00035  -0.0537   0.6481   0.6187  22.4651 137.5885
   1.000   0.3441   0.00677   0.00039  -0.0500   0.5316   0.6484  28.7089 139.1534
   2.000   0.4413   0.00741   0.00051  -0.0469   0.4284   0.6778  34.2776 140.6869
   3.000   0.5378   0.00819   0.00070  -0.0438   0.3298   0.7064  39.6822 142.1632
   4.000   0.6330   0.00902   0.00093  -0.0406   0.2502   0.7351  44.1792 143.6319
   6.000   0.8117   0.01080   0.00147  -0.0322   0.1379   0.7926  51.2942 146.5796
   7.000   0.8933   0.01181   0.00179  -0.0267   0.1087   0.8243  53.5959 148.2415
   8.000   0.9722   0.01283   0.00215  -0.0208   0.0950   0.8612  54.8279 150.2434
   9.000   1.0450   0.01378   0.00247  -0.0139   0.0875   0.9140  55.5763 153.3038
  10.000   1.1305   0.01509   0.00308  -0.0106   0.0814   1.0000  56.2192 160.0000
  11.000   1.2015   0.01674   0.00369  -0.0051   0.0763   1.0000  56.7827 160.0000
  12.000   1.2637   0.01883   0.00459   0.0010   0.0728   1.0000  57.1937 160.0000
  13.000   1.3238   0.02114   0.00558   0.0066   0.0695   1.0000  57.6028 160.0000
  14.000   1.3605   0.02505   0.00756   0.0135   0.0662   1.0000  58.0205 160.0000
  15.000   1.4098   0.02864   0.00943   0.0177   0.0641   1.0000  58.3025 160.0000
