  
       XFOIL         Version 6.99
  
 Calculated polar for: MH 94  16.03%                                   
  
 1 1 Reynolds number fixed          Mach number fixed         
  
 xtrf =   1.000 (top)        1.000 (bottom)  
 Mach =   0.000     Re =     0.500 e 6     Ncrit =   9.000  9.000
  
   alpha    CL        CD       CDp       CM     Top_Xtr  Bot_Xtr  Top_Itr  Bot_Itr
  ------ -------- --------- --------- -------- -------- -------- -------- --------
  -6.000  -0.4669   0.01252   0.00327  -0.0471   0.9405   0.1753   5.9419 112.6098
  -5.000  -0.3530   0.01009   0.00246  -0.0489   0.9265   0.3896   6.8619 125.1200
  -4.000  -0.2256   0.00892   0.00212  -0.0518   0.9123   0.4999   7.7657 131.2169
  -3.000  -0.0944   0.00812   0.00176  -0.0548   0.8938   0.5590   8.9007 134.4058
  -2.000   0.0278   0.00762   0.00142  -0.0560   0.8597   0.5978  10.9006 136.4799
  -1.000   0.1425   0.00744   0.00123  -0.0556   0.8074   0.6333  13.8346 138.3604
   0.000   0.2501   0.00756   0.00110  -0.0539   0.7399   0.6651  17.5293 140.0264
   1.000   0.3488   0.00790   0.00107  -0.0505   0.6530   0.6947  22.2047 141.5577
   2.000   0.4385   0.00854   0.00107  -0.0455   0.5420   0.7244  28.1502 143.0858
   4.000   0.6124   0.01029   0.00139  -0.0354   0.3333   0.7834  39.4864 146.1014
   5.000   0.6947   0.01132   0.00165  -0.0298   0.2521   0.8138  44.0701 147.6908
   6.000   0.7711   0.01241   0.00192  -0.0233   0.1864   0.8470  48.0133 149.4649
   7.000   0.8415   0.01368   0.00230  -0.0157   0.1391   0.8872  51.2069 151.7061
   8.000   0.9034   0.01496   0.00267  -0.0068   0.1165   0.9555  52.9402 156.0656
   9.000   0.9977   0.01686   0.00366  -0.0062   0.1036   1.0000  54.0352 160.0000
  10.000   1.0703   0.01870   0.00450  -0.0014   0.0960   1.0000  54.7386 160.0000
  11.000   1.1312   0.02123   0.00579   0.0046   0.0904   1.0000  55.2860 160.0000
  12.000   1.1886   0.02406   0.00723   0.0101   0.0853   1.0000  55.8005 160.0000
  13.000   1.2398   0.02772   0.00930   0.0152   0.0815   1.0000  56.2038 160.0000
  14.000   1.2879   0.03163   0.01157   0.0195   0.0778   1.0000  56.6175 160.0000
  15.000   1.3317   0.03675   0.01449   0.0229   0.0742   1.0000  57.0203 160.0000
