  
       XFOIL         Version 6.99
  
 Calculated polar for: MI-VAWT1                                        
  
 1 1 Reynolds number fixed          Mach number fixed         
  
 xtrf =   1.000 (top)        1.000 (bottom)  
 Mach =   0.000     Re =     0.500 e 6     Ncrit =   9.000  9.000
  
   alpha    CL        CD       CDp       CM     Top_Xtr  Bot_Xtr  Top_Itr  Bot_Itr
  ------ -------- --------- --------- -------- -------- -------- -------- --------
  -6.000  -0.6875   0.01332   0.00414   0.0046   0.7335   0.2836  15.6638 124.6386
  -5.000  -0.5643   0.01256   0.00382   0.0019   0.7177   0.3265  16.2774 126.8096
  -4.000  -0.4402   0.01174   0.00343  -0.0008   0.6990   0.3881  17.0133 129.7201
  -3.000  -0.3140   0.01072   0.00316  -0.0039   0.6780   0.4957  17.8566 134.7870
  -2.000  -0.1862   0.01053   0.00328  -0.0067   0.6598   0.5642  18.5844 137.9201
  -1.000  -0.0590   0.01053   0.00341  -0.0091   0.6400   0.6021  19.3824 139.5294
   0.000   0.0683   0.01055   0.00342  -0.0115   0.6155   0.6279  20.3823 140.5804
   1.000   0.1955   0.01053   0.00333  -0.0139   0.5835   0.6487  21.7312 141.4131
   2.000   0.3227   0.01066   0.00319  -0.0164   0.5297   0.6677  24.1261 142.1639
   3.000   0.4480   0.01141   0.00326  -0.0192   0.4221   0.6861  29.2309 142.8889
   4.000   0.5711   0.01237   0.00371  -0.0217   0.3500   0.7074  32.6381 143.7246
   5.000   0.6937   0.01315   0.00405  -0.0243   0.3070   0.7222  34.7484 144.3028
   6.000   0.8145   0.01403   0.00442  -0.0265   0.2723   0.7378  36.5846 144.9117
   7.000   0.9315   0.01497   0.00488  -0.0282   0.2406   0.7547  38.4290 145.5688
   8.000   1.0440   0.01619   0.00542  -0.0293   0.2066   0.7735  40.6621 146.3140
   9.000   1.1480   0.01782   0.00615  -0.0295   0.1738   0.7938  43.1625 147.1315
  10.000   1.2377   0.01989   0.00719  -0.0277   0.1523   0.8175  45.0457 148.1317
  11.000   1.3001   0.02266   0.00874  -0.0227   0.1391   0.8454  46.3347 149.3870
  12.000   1.3550   0.02677   0.01120  -0.0190   0.1286   0.8806  47.4291 151.1452
  13.000   1.3921   0.03133   0.01394  -0.0133   0.1202   0.9616  48.3744 156.3926
  14.000   1.4387   0.03746   0.01760  -0.0128   0.1123   1.0000  49.3021 160.0000
  15.000   1.4737   0.04478   0.02216  -0.0121   0.1049   1.0000  50.2371 160.0000
