  
       XFOIL         Version 6.99
  
 Calculated polar for: MILEY M06-13-128                                
  
 1 1 Reynolds number fixed          Mach number fixed         
  
 xtrf =   1.000 (top)        1.000 (bottom)  
 Mach =   0.000     Re =     0.500 e 6     Ncrit =   9.000  9.000
  
   alpha    CL        CD       CDp       CM     Top_Xtr  Bot_Xtr  Top_Itr  Bot_Itr
  ------ -------- --------- --------- -------- -------- -------- -------- --------
   0.000   0.3262   0.01626   0.00683  -0.0342   0.5433   0.0335  33.9637  93.0365
   1.000   0.5015   0.01402   0.00777  -0.0492   0.5363   1.0000  34.4658 160.0000
   2.000   0.6052   0.01428   0.00781  -0.0477   0.5318   1.0000  34.7926 160.0000
   3.000   0.7090   0.01470   0.00800  -0.0467   0.5236   1.0000  35.3909 160.0000
   4.000   0.8178   0.01407   0.00711  -0.0457   0.5174   1.0000  35.8534 160.0000
   5.000   0.9236   0.01435   0.00718  -0.0453   0.5092   1.0000  36.4720 160.0000
   6.000   1.0345   0.01372   0.00623  -0.0450   0.5035   1.0000  36.9043 160.0000
   7.000   1.1429   0.01334   0.00561  -0.0450   0.4932   1.0000  37.7204 160.0000
   8.000   1.2538   0.01245   0.00441  -0.0451   0.4805   1.0000  38.7373 160.0000
   9.000   1.3651   0.01151   0.00294  -0.0455   0.4498   1.0000  41.1947 160.0000
  10.000   1.4235   0.01593   0.00391  -0.0423   0.2813   1.0000  53.5372 160.0000
  11.000   1.3864   0.02949   0.01190  -0.0410   0.2066   1.0000  58.9713 160.0000
  12.000   1.3308   0.04262   0.02045  -0.0367   0.1079   1.0000  66.6540 160.0000
  13.000   1.2674   0.05889   0.03249  -0.0340   0.0059   1.0000  78.1925 160.0000
  14.000   1.2614   0.07115   0.04154  -0.0337   0.0027   1.0000  79.8594 160.0000
  15.000   1.2447   0.08587   0.05356  -0.0348   0.0022   1.0000  80.2464 160.0000
