  
       XFOIL         Version 6.99
  
 Calculated polar for: MILEY M06-13-128                                
  
 1 1 Reynolds number fixed          Mach number fixed         
  
 xtrf =   1.000 (top)        1.000 (bottom)  
 Mach =   0.000     Re =     1.000 e 6     Ncrit =   9.000  9.000
  
   alpha    CL        CD       CDp       CM     Top_Xtr  Bot_Xtr  Top_Itr  Bot_Itr
  ------ -------- --------- --------- -------- -------- -------- -------- --------
  -6.000  -0.2093   0.05718   0.05025  -0.0273   0.5340   0.0061  34.6364  88.5030
  -5.000  -0.1635   0.03844   0.03528  -0.0372   0.5328   0.0069  34.7243  88.8105
  -4.000  -0.0808   0.02294   0.02015  -0.0387   0.5312   0.0074  34.8375  88.9925
  -2.000   0.1126   0.01471   0.00540  -0.0342   0.5279   0.0077  35.0737  89.0767
  -1.000   0.2204   0.01251   0.00395  -0.0330   0.5258   0.0093  35.2274  89.4882
   0.000   0.3293   0.01132   0.00330  -0.0318   0.5230   0.0206  35.4358  91.5811
   1.000   0.4182   0.00882   0.00327  -0.0278   0.5199   0.8183  35.6637 146.7019
   2.000   0.6178   0.00886   0.00321  -0.0471   0.5153   1.0000  36.0023 160.0000
   3.000   0.7260   0.00837   0.00292  -0.0463   0.5089   1.0000  36.4956 160.0000
   4.000   0.8346   0.00831   0.00273  -0.0459   0.5048   1.0000  36.8115 160.0000
   5.000   0.9433   0.00836   0.00261  -0.0457   0.4996   1.0000  37.2093 160.0000
   6.000   1.0534   0.00814   0.00227  -0.0458   0.4928   1.0000  37.7487 160.0000
   7.000   1.1638   0.00792   0.00184  -0.0462   0.4828   1.0000  38.5542 160.0000
   8.000   1.2746   0.00770   0.00128  -0.0468   0.4596   1.0000  40.4199 160.0000
   9.000   1.3597   0.01062   0.00209  -0.0453   0.3035   1.0000  51.9366 160.0000
  10.000   1.4085   0.01699   0.00523  -0.0432   0.1536   1.0000  62.9785 160.0000
  11.000   1.3466   0.03284   0.01523  -0.0421   0.0695   1.0000  69.8962 160.0000
  12.000   1.3010   0.04566   0.02394  -0.0381   0.0024   1.0000  80.0538 160.0000
  13.000   1.3160   0.05449   0.02971  -0.0368   0.0009   1.0000  81.5862 160.0000
  14.000   1.3188   0.06536   0.03756  -0.0363   0.0007   1.0000  81.8992 160.0000
  15.000   1.2986   0.08001   0.04929  -0.0369   0.0006   1.0000  81.9837 160.0000
