  
       XFOIL         Version 6.99
  
 Calculated polar for: MRC-20                                          
  
 1 1 Reynolds number fixed          Mach number fixed         
  
 xtrf =   1.000 (top)        1.000 (bottom)  
 Mach =   0.000     Re =     1.000 e 6     Ncrit =   9.000  9.000
  
   alpha    CL        CD       CDp       CM     Top_Xtr  Bot_Xtr  Top_Itr  Bot_Itr
  ------ -------- --------- --------- -------- -------- -------- -------- --------
  -5.000  -0.0824   0.01173   0.00385  -0.0938   0.8691   0.0135  10.8836  93.4808
  -4.000   0.0154   0.01017   0.00247  -0.0916   0.8469   0.0150  12.3331  94.0054
  -3.000   0.1127   0.00889   0.00150  -0.0892   0.8202   0.0179  14.0669  94.9181
  -2.000   0.2139   0.00816   0.00094  -0.0874   0.7889   0.0287  16.0744  97.5312
  -1.000   0.2946   0.00606   0.00049  -0.0824   0.7522   0.5614  18.4075 133.2015
   0.000   0.3942   0.00600   0.00050  -0.0802   0.7109   0.6636  21.0161 139.1595
   1.000   0.4960   0.00614   0.00047  -0.0786   0.6657   0.7057  23.8373 141.5950
   3.000   0.6904   0.00664   0.00060  -0.0737   0.5684   0.8457  29.8739 149.6644
   4.000   0.7822   0.00709   0.00077  -0.0700   0.5162   0.9370  33.1080 154.9960
   5.000   0.9031   0.00796   0.00107  -0.0733   0.4572   0.9877  36.7728 158.6088
   6.000   1.0100   0.00889   0.00125  -0.0742   0.3989   1.0000  40.4172 160.0000
   7.000   1.0745   0.00981   0.00126  -0.0659   0.3478   1.0000  43.6377 160.0000
   8.000   1.1500   0.01113   0.00150  -0.0606   0.2886   1.0000  47.4342 160.0000
   9.000   1.2204   0.01291   0.00195  -0.0549   0.2232   1.0000  51.7541 160.0000
  10.000   1.2832   0.01522   0.00269  -0.0487   0.1600   1.0000  56.1461 160.0000
  11.000   1.3375   0.01812   0.00382  -0.0420   0.1056   1.0000  60.2787 160.0000
  12.000   1.3819   0.02183   0.00549  -0.0349   0.0641   1.0000  64.0511 160.0000
  13.000   1.4192   0.02632   0.00777  -0.0282   0.0390   1.0000  67.2128 160.0000
  14.000   1.4513   0.03175   0.01079  -0.0225   0.0274   1.0000  69.2891 160.0000
  15.000   1.4762   0.03847   0.01485  -0.0180   0.0216   1.0000  70.6109 160.0000
