  
       XFOIL         Version 6.99
  
 Calculated polar for: MRC-16                                          
  
 1 1 Reynolds number fixed          Mach number fixed         
  
 xtrf =   1.000 (top)        1.000 (bottom)  
 Mach =   0.000     Re =     1.000 e 6     Ncrit =   9.000  9.000
  
   alpha    CL        CD       CDp       CM     Top_Xtr  Bot_Xtr  Top_Itr  Bot_Itr
  ------ -------- --------- --------- -------- -------- -------- -------- --------
  -5.000  -0.1864   0.00944   0.00174  -0.0705   0.8002   0.0292  14.8492  95.5630
  -4.000  -0.0793   0.00869   0.00122  -0.0697   0.7703   0.0464  16.7835  97.9586
  -3.000   0.0265   0.00788   0.00082  -0.0689   0.7390   0.1250  18.8068 104.1278
  -2.000   0.1265   0.00664   0.00054  -0.0673   0.7067   0.3989  20.8965 121.5650
  -1.000   0.2257   0.00577   0.00048  -0.0651   0.6735   0.6763  23.0435 138.8716
   0.000   0.3290   0.00555   0.00058  -0.0631   0.6392   0.8247  25.2625 148.0920
   1.000   0.4345   0.00567   0.00071  -0.0615   0.6031   0.9049  27.6009 153.0572
   2.000   0.5411   0.00601   0.00085  -0.0602   0.5651   0.9530  30.0612 156.0919
   3.000   0.6630   0.00648   0.00101  -0.0627   0.5241   0.9803  32.7191 158.0146
   4.000   0.8064   0.00706   0.00120  -0.0704   0.4785   0.9911  35.6829 158.9433
   5.000   0.9474   0.00771   0.00138  -0.0780   0.4276   0.9991  39.0048 159.8898
   6.000   1.0330   0.00838   0.00148  -0.0736   0.3786   1.0000  42.2165 160.0000
   7.000   1.1082   0.00927   0.00165  -0.0671   0.3243   1.0000  45.8085 160.0000
   8.000   1.1848   0.01052   0.00198  -0.0613   0.2605   1.0000  50.0871 160.0000
   9.000   1.2570   0.01220   0.00251  -0.0553   0.1915   1.0000  54.8451 160.0000
  10.000   1.3177   0.01440   0.00333  -0.0479   0.1283   1.0000  59.4291 160.0000
  11.000   1.3684   0.01743   0.00467  -0.0405   0.0755   1.0000  63.6945 160.0000
  12.000   1.4106   0.02138   0.00668  -0.0335   0.0405   1.0000  67.3106 160.0000
  13.000   1.4449   0.02641   0.00952  -0.0274   0.0231   1.0000  70.0805 160.0000
  14.000   1.4712   0.03270   0.01335  -0.0225   0.0157   1.0000  71.8475 160.0000
  15.000   1.4848   0.04096   0.01877  -0.0189   0.0121   1.0000  72.9690 160.0000
