  
       XFOIL         Version 6.99
  
 Calculated polar for: MRC-20                                          
  
 1 1 Reynolds number fixed          Mach number fixed         
  
 xtrf =   1.000 (top)        1.000 (bottom)  
 Mach =   0.000     Re =     0.500 e 6     Ncrit =   9.000  9.000
  
   alpha    CL        CD       CDp       CM     Top_Xtr  Bot_Xtr  Top_Itr  Bot_Itr
  ------ -------- --------- --------- -------- -------- -------- -------- --------
  -5.000  -0.0848   0.01821   0.00793  -0.0955   0.8951   0.0219   9.1679  96.0134
  -4.000   0.0177   0.01398   0.00474  -0.0935   0.8783   0.0218  10.2748  95.9877
  -3.000   0.1113   0.01171   0.00309  -0.0901   0.8568   0.0259  11.6848  96.9685
  -2.000   0.2092   0.01017   0.00198  -0.0875   0.8313   0.0466  13.3465 100.3720
  -1.000   0.2868   0.00770   0.00146  -0.0816   0.8002   0.6401  15.3543 137.7972
   0.000   0.3888   0.00751   0.00135  -0.0795   0.7651   0.7235  17.5933 142.6225
   1.000   0.4924   0.00749   0.00120  -0.0780   0.7251   0.7773  20.1183 145.7249
   2.000   0.5904   0.00762   0.00119  -0.0753   0.6802   0.8519  22.9355 150.0198
   3.000   0.6890   0.00802   0.00132  -0.0725   0.6318   0.9325  25.9436 154.7269
   4.000   0.8165   0.00879   0.00156  -0.0768   0.5775   0.9799  29.3118 157.9141
   5.000   0.9673   0.00976   0.00186  -0.0871   0.5147   0.9999  33.1973 159.9853
   6.000   1.0028   0.01040   0.00158  -0.0725   0.4636   1.0000  36.3731 160.0000
   7.000   1.0610   0.01144   0.00159  -0.0629   0.4100   1.0000  39.7202 160.0000
   8.000   1.1304   0.01285   0.00185  -0.0565   0.3550   1.0000  43.1786 160.0000
   9.000   1.1969   0.01471   0.00231  -0.0503   0.2933   1.0000  47.1292 160.0000
  10.000   1.2569   0.01713   0.00309  -0.0439   0.2282   1.0000  51.4224 160.0000
  11.000   1.3057   0.02044   0.00441  -0.0369   0.1638   1.0000  55.8759 160.0000
  12.000   1.3437   0.02475   0.00645  -0.0296   0.1075   1.0000  60.1176 160.0000
  14.000   1.3835   0.03779   0.01413  -0.0167   0.0429   1.0000  66.6360 160.0000
  15.000   1.3870   0.04730   0.02059  -0.0127   0.0331   1.0000  68.1798 160.0000
