  
       XFOIL         Version 6.99
  
 Calculated polar for: MRC12                                           
  
 1 1 Reynolds number fixed          Mach number fixed         
  
 xtrf =   1.000 (top)        1.000 (bottom)  
 Mach =   0.000     Re =     0.500 e 6     Ncrit =   9.000  9.000
  
   alpha    CL        CD       CDp       CM     Top_Xtr  Bot_Xtr  Top_Itr  Bot_Itr
  ------ -------- --------- --------- -------- -------- -------- -------- --------
  -6.000  -0.2737   0.01326   0.00384  -0.0815   0.8699   0.0306  10.7510  94.1700
  -5.000  -0.1707   0.01179   0.00300  -0.0807   0.8566   0.0565  11.6423  96.9506
  -4.000  -0.0675   0.01027   0.00235  -0.0801   0.8431   0.1720  12.5479 105.1446
  -3.000   0.0320   0.00837   0.00194  -0.0793   0.8289   0.5024  13.5014 126.5666
  -2.000   0.1359   0.00756   0.00206  -0.0778   0.8140   0.7513  14.5101 142.7027
  -1.000   0.2459   0.00757   0.00218  -0.0770   0.7975   0.8217  15.6224 147.2475
   0.000   0.3553   0.00765   0.00220  -0.0762   0.7793   0.8641  16.8526 149.9692
   1.000   0.4606   0.00775   0.00223  -0.0744   0.7579   0.8962  18.3059 152.0507
   2.000   0.5622   0.00783   0.00211  -0.0719   0.7331   0.9231  19.9822 153.8184
   3.000   0.6621   0.00787   0.00190  -0.0694   0.7016   0.9457  22.1129 155.3421
   4.000   0.7643   0.00797   0.00162  -0.0678   0.6595   0.9695  24.9554 157.0517
   5.000   0.8907   0.00841   0.00148  -0.0720   0.5920   0.9863  29.4975 158.4664
   6.000   1.0122   0.00964   0.00162  -0.0764   0.4816   1.0000  36.8658 160.0000
   7.000   1.0588   0.01115   0.00179  -0.0657   0.3788   1.0000  43.6985 160.0000
   8.000   1.1237   0.01346   0.00251  -0.0596   0.2724   1.0000  50.8197 160.0000
   9.000   1.1855   0.01636   0.00364  -0.0540   0.1779   1.0000  57.3198 160.0000
  10.000   1.2415   0.01979   0.00517  -0.0483   0.1048   1.0000  62.6447 160.0000
  11.000   1.2895   0.02395   0.00728  -0.0423   0.0558   1.0000  66.7106 160.0000
  12.000   1.3279   0.02905   0.01015  -0.0363   0.0312   1.0000  69.4187 160.0000
  13.000   1.3505   0.03581   0.01436  -0.0302   0.0213   1.0000  70.9717 160.0000
  14.000   1.3670   0.04387   0.01984  -0.0257   0.0167   1.0000  71.9346 160.0000
  15.000   1.3791   0.05335   0.02676  -0.0231   0.0138   1.0000  72.6788 160.0000
