  
       XFOIL         Version 6.99
  
 Calculated polar for: MRC16-95                                        
  
 1 1 Reynolds number fixed          Mach number fixed         
  
 xtrf =   1.000 (top)        1.000 (bottom)  
 Mach =   0.000     Re =     1.000 e 6     Ncrit =   9.000  9.000
  
   alpha    CL        CD       CDp       CM     Top_Xtr  Bot_Xtr  Top_Itr  Bot_Itr
  ------ -------- --------- --------- -------- -------- -------- -------- --------
  -6.000  -0.2914   0.01079   0.00280  -0.0719   0.8409   0.0188  12.3556  92.9042
  -5.000  -0.1863   0.00964   0.00192  -0.0708   0.8123   0.0237  14.2334  93.9704
  -4.000  -0.0799   0.00871   0.00126  -0.0699   0.7821   0.0356  16.2236  95.8762
  -3.000   0.0270   0.00795   0.00083  -0.0692   0.7501   0.0861  18.3279 100.4608
  -2.000   0.1287   0.00672   0.00052  -0.0679   0.7168   0.3431  20.5215 117.3049
  -1.000   0.2268   0.00565   0.00045  -0.0656   0.6824   0.6758  22.7838 138.4917
   0.000   0.3290   0.00539   0.00055  -0.0633   0.6472   0.8428  25.1003 149.0740
   1.000   0.4343   0.00553   0.00069  -0.0615   0.6097   0.9264  27.5651 154.3629
   2.000   0.5473   0.00591   0.00084  -0.0617   0.5699   0.9688  30.1885 157.1537
   3.000   0.6855   0.00641   0.00100  -0.0680   0.5256   0.9854  33.1034 158.4380
   4.000   0.8281   0.00693   0.00114  -0.0756   0.4766   0.9959  36.3427 159.4997
   5.000   0.9407   0.00753   0.00125  -0.0769   0.4252   1.0000  39.7473 160.0000
   6.000   1.0223   0.00827   0.00138  -0.0716   0.3722   1.0000  43.2786 160.0000
   7.000   1.1031   0.00925   0.00162  -0.0662   0.3101   1.0000  47.4486 160.0000
   8.000   1.1831   0.01069   0.00206  -0.0612   0.2335   1.0000  52.6810 160.0000
   9.000   1.2571   0.01259   0.00275  -0.0558   0.1569   1.0000  58.0985 160.0000
  10.000   1.3151   0.01501   0.00373  -0.0480   0.0906   1.0000  63.1703 160.0000
  11.000   1.3645   0.01816   0.00523  -0.0404   0.0443   1.0000  67.4785 160.0000
  12.000   1.4077   0.02211   0.00732  -0.0335   0.0224   1.0000  70.6531 160.0000
  13.000   1.4452   0.02697   0.01012  -0.0277   0.0145   1.0000  72.5172 160.0000
  14.000   1.4726   0.03327   0.01403  -0.0230   0.0111   1.0000  73.5877 160.0000
  15.000   1.4832   0.04193   0.01989  -0.0195   0.0093   1.0000  74.2400 160.0000
