  
       XFOIL         Version 6.99
  
 Calculated polar for: MRC16-85                                        
  
 1 1 Reynolds number fixed          Mach number fixed         
  
 xtrf =   1.000 (top)        1.000 (bottom)  
 Mach =   0.000     Re =     0.500 e 6     Ncrit =   9.000  9.000
  
   alpha    CL        CD       CDp       CM     Top_Xtr  Bot_Xtr  Top_Itr  Bot_Itr
  ------ -------- --------- --------- -------- -------- -------- -------- --------
  -6.000  -0.2688   0.01711   0.00740  -0.0786   0.9130   0.0199   7.7248  92.0484
  -5.000  -0.1709   0.01348   0.00450  -0.0760   0.8846   0.0237   9.6443  92.7248
  -4.000  -0.0704   0.01121   0.00271  -0.0736   0.8549   0.0309  11.6572  93.7784
  -3.000   0.0330   0.00974   0.00163  -0.0718   0.8236   0.0545  13.7786  96.1398
  -2.000   0.1293   0.00761   0.00104  -0.0697   0.7907   0.4465  16.0175 122.6505
  -1.000   0.2198   0.00638   0.00115  -0.0646   0.7551   0.8518  18.4407 149.3924
   0.000   0.3375   0.00665   0.00136  -0.0643   0.7187   0.9650  20.9136 156.8874
   1.000   0.4991   0.00695   0.00139  -0.0752   0.6777   0.9919  23.7011 158.9840
   2.000   0.6289   0.00715   0.00125  -0.0800   0.6329   1.0000  26.7471 160.0000
   3.000   0.7240   0.00751   0.00120  -0.0773   0.5870   1.0000  29.8706 160.0000
   4.000   0.8168   0.00802   0.00125  -0.0739   0.5382   1.0000  33.1859 160.0000
   5.000   0.9079   0.00869   0.00137  -0.0702   0.4844   1.0000  36.8521 160.0000
   6.000   0.9976   0.00957   0.00157  -0.0665   0.4230   1.0000  41.0370 160.0000
   7.000   1.0856   0.01077   0.00189  -0.0627   0.3452   1.0000  46.3749 160.0000
   8.000   1.1656   0.01261   0.00249  -0.0582   0.2448   1.0000  53.3522 160.0000
   9.000   1.2330   0.01525   0.00352  -0.0521   0.1387   1.0000  60.9984 160.0000
  10.000   1.2765   0.01887   0.00522  -0.0428   0.0511   1.0000  68.1321 160.0000
  11.000   1.3108   0.02347   0.00772  -0.0341   0.0219   1.0000  71.6779 160.0000
  12.000   1.3324   0.02970   0.01158  -0.0266   0.0156   1.0000  72.8965 160.0000
  13.000   1.3483   0.03742   0.01689  -0.0217   0.0129   1.0000  73.5968 160.0000
  14.000   1.3327   0.04939   0.02577  -0.0184   0.0113   1.0000  74.0284 160.0000
  15.000   1.3307   0.06138   0.03517  -0.0180   0.0104   1.0000  74.3291 160.0000
