  
       XFOIL         Version 6.99
  
 Calculated polar for: NACA-0009 9.0% smoothed                         
  
 1 1 Reynolds number fixed          Mach number fixed         
  
 xtrf =   1.000 (top)        1.000 (bottom)  
 Mach =   0.000     Re =     0.500 e 6     Ncrit =   9.000  9.000
  
   alpha    CL        CD       CDp       CM     Top_Xtr  Bot_Xtr  Top_Itr  Bot_Itr
  ------ -------- --------- --------- -------- -------- -------- -------- --------
  -6.000  -0.7096   0.01276   0.00317   0.0093   1.0000   0.0494   1.0000  91.5579
  -5.000  -0.6286   0.01125   0.00210   0.0153   1.0000   0.0632   1.0000  92.6635
  -4.000  -0.5472   0.01005   0.00129   0.0212   1.0000   0.0968   1.0000  95.2093
  -3.000  -0.4291   0.00837   0.00086   0.0184   0.9919   0.3297   1.9380 111.9708
  -2.000  -0.2902   0.00701   0.00079   0.0120   0.9741   0.5709   3.3543 129.0500
  -1.000  -0.1536   0.00578   0.00085   0.0075   0.9537   0.8045   4.8409 145.5630
   0.000  -0.0000   0.00538   0.00089   0.0000   0.9148   0.9148   7.6152 153.3847
   1.000   0.1536   0.00578   0.00085  -0.0075   0.8044   0.9537  15.4402 156.1591
   2.000   0.2902   0.00701   0.00079  -0.0120   0.5709   0.9741  31.9503 157.6462
   3.000   0.4291   0.00837   0.00086  -0.0184   0.3296   0.9919  49.0311 159.0630
   4.000   0.5472   0.01005   0.00129  -0.0212   0.0968   1.0000  65.7896 160.0000
   5.000   0.6286   0.01125   0.00210  -0.0153   0.0632   1.0000  68.3363 160.0000
   6.000   0.7096   0.01276   0.00317  -0.0093   0.0494   1.0000  69.4420 160.0000
   7.000   0.7911   0.01441   0.00427  -0.0036   0.0380   1.0000  70.4339 160.0000
   8.000   0.8741   0.01597   0.00518   0.0017   0.0268   1.0000  71.5682 160.0000
   9.000   0.9484   0.01860   0.00660   0.0080   0.0159   1.0000  73.0183 160.0000
  10.000   1.0121   0.02234   0.00906   0.0154   0.0109   1.0000  74.0225 160.0000
  11.000   1.0694   0.02605   0.01188   0.0230   0.0086   1.0000  74.6419 160.0000
  12.000   1.0645   0.03315   0.01727   0.0367   0.0076   1.0000  74.9316 160.0000
  14.000   0.8675   0.07208   0.04590   0.0251   0.0078   1.0000  74.8485 160.0000
