  
       XFOIL         Version 6.99
  
 Calculated polar for: NACA 0012 AIRFOILS                              
  
 1 1 Reynolds number fixed          Mach number fixed         
  
 xtrf =   1.000 (top)        1.000 (bottom)  
 Mach =   0.000     Re =     1.000 e 6     Ncrit =   9.000  9.000
  
   alpha    CL        CD       CDp       CM     Top_Xtr  Bot_Xtr  Top_Itr  Bot_Itr
  ------ -------- --------- --------- -------- -------- -------- -------- --------
  -6.000  -0.6948   0.00972   0.00223   0.0043   0.9940   0.0815   1.7243 101.6242
  -5.000  -0.5580   0.00847   0.00165  -0.0017   0.9849   0.1487   2.6043 106.6299
  -4.000  -0.4278   0.00728   0.00118  -0.0060   0.9685   0.2536   3.9096 113.4469
  -3.000  -0.3199   0.00639   0.00087  -0.0049   0.9285   0.3640   6.5437 120.3177
  -2.000  -0.2142   0.00581   0.00064  -0.0030   0.8676   0.4742  10.2558 127.0417
  -1.000  -0.1074   0.00549   0.00050  -0.0014   0.7848   0.5827  15.2434 133.6013
   0.000   0.0000   0.00540   0.00046  -0.0000   0.6871   0.6871  21.1149 139.8850
   1.000   0.1074   0.00549   0.00050   0.0014   0.5827   0.7848  27.3991 145.7568
   2.000   0.2142   0.00581   0.00064   0.0030   0.4742   0.8676  33.9585 150.7441
   3.000   0.3199   0.00639   0.00087   0.0049   0.3640   0.9285  40.6825 154.4563
   4.000   0.4278   0.00728   0.00118   0.0060   0.2536   0.9685  47.5534 157.0908
   5.000   0.5580   0.00847   0.00165   0.0017   0.1487   0.9849  54.3706 158.3972
   6.000   0.6949   0.00972   0.00223  -0.0043   0.0814   0.9940  59.3765 159.2784
   7.000   0.8264   0.01094   0.00289  -0.0092   0.0506   1.0000  62.5257 160.0000
   8.000   0.9101   0.01209   0.00354  -0.0040   0.0382   1.0000  64.2734 160.0000
   9.000   0.9948   0.01340   0.00434   0.0010   0.0306   1.0000  65.6114 160.0000
  10.000   1.0809   0.01498   0.00533   0.0053   0.0255   1.0000  66.6934 160.0000
  11.000   1.1668   0.01691   0.00662   0.0090   0.0220   1.0000  67.5316 160.0000
  12.000   1.2457   0.01934   0.00824   0.0133   0.0194   1.0000  68.2431 160.0000
  13.000   1.3152   0.02201   0.01000   0.0183   0.0174   1.0000  68.8135 160.0000
  14.000   1.3507   0.02607   0.01278   0.0267   0.0162   1.0000  69.2002 160.0000
  15.000   1.3810   0.03167   0.01678   0.0310   0.0151   1.0000  69.5508 160.0000
