  
       XFOIL         Version 6.99
  
 Calculated polar for: N-11                                            
  
 1 1 Reynolds number fixed          Mach number fixed         
  
 xtrf =   1.000 (top)        1.000 (bottom)  
 Mach =   0.000     Re =     0.500 e 6     Ncrit =   9.000  9.000
  
   alpha    CL        CD       CDp       CM     Top_Xtr  Bot_Xtr  Top_Itr  Bot_Itr
  ------ -------- --------- --------- -------- -------- -------- -------- --------
  -6.000  -0.0092   0.01375   0.00541  -0.1072   0.8851   0.0407   9.9976  97.0689
  -5.000   0.0973   0.01109   0.00307  -0.1056   0.8461   0.0427  12.6647  97.2738
  -4.000   0.2057   0.00995   0.00194  -0.1043   0.8101   0.0457  15.0438  97.5973
  -3.000   0.3145   0.00924   0.00127  -0.1031   0.7701   0.0535  17.5989  98.3879
  -2.000   0.4229   0.00849   0.00102  -0.1023   0.7284   0.2036  20.2829 108.7276
  -1.000   0.5170   0.00677   0.00107  -0.0988   0.6755   0.8442  23.7646 148.8453
   0.000   0.6469   0.00709   0.00104  -0.1023   0.6145   1.0000  27.7523 160.0000
   1.000   0.7492   0.00767   0.00109  -0.1005   0.5593   1.0000  31.2963 160.0000
   2.000   0.8492   0.00843   0.00120  -0.0984   0.4845   1.0000  36.1011 160.0000
   3.000   0.9458   0.00953   0.00147  -0.0960   0.3928   1.0000  42.1381 160.0000
   4.000   1.0437   0.01064   0.00188  -0.0942   0.3452   1.0000  45.2353 160.0000
   5.000   1.1416   0.01169   0.00230  -0.0925   0.3099   1.0000  47.4830 160.0000
   6.000   1.2367   0.01281   0.00267  -0.0906   0.2711   1.0000  50.0074 160.0000
   7.000   1.3262   0.01417   0.00305  -0.0879   0.2115   1.0000  54.1754 160.0000
   8.000   1.3916   0.01681   0.00405  -0.0816   0.1238   1.0000  60.4525 160.0000
   9.000   1.4095   0.02222   0.00683  -0.0690   0.0200   1.0000  71.2860 160.0000
  10.000   1.4450   0.02691   0.00955  -0.0609   0.0157   1.0000  72.2293 160.0000
  11.000   1.4602   0.03404   0.01434  -0.0539   0.0137   1.0000  72.7356 160.0000
  12.000   1.4307   0.04710   0.02402  -0.0488   0.0126   1.0000  73.0063 160.0000
  13.000   1.4223   0.06008   0.03430  -0.0484   0.0120   1.0000  73.1980 160.0000
  14.000   1.4032   0.07580   0.04737  -0.0503   0.0112   1.0000  73.4442 160.0000
  15.000   1.3834   0.09237   0.06177  -0.0535   0.0105   1.0000  73.6472 160.0000
