  
       XFOIL         Version 6.99
  
 Calculated polar for: N-13                                            
  
 1 1 Reynolds number fixed          Mach number fixed         
  
 xtrf =   1.000 (top)        1.000 (bottom)  
 Mach =   0.000     Re =     1.000 e 6     Ncrit =   9.000  9.000
  
   alpha    CL        CD       CDp       CM     Top_Xtr  Bot_Xtr  Top_Itr  Bot_Itr
  ------ -------- --------- --------- -------- -------- -------- -------- --------
  -6.000  -0.6472   0.01018   0.00180  -0.0042   0.9646   0.0566   4.6736  95.8769
  -5.000  -0.5341   0.00901   0.00129  -0.0051   0.9522   0.1023   5.6781  99.7695
  -4.000  -0.4011   0.00831   0.00094  -0.0102   0.9418   0.1197   6.4631 100.9331
  -3.000  -0.2440   0.00727   0.00044  -0.0211   0.9234   0.2017   7.7898 106.5609
  -2.000  -0.1381   0.00613   0.00023  -0.0205   0.8944   0.4134   9.8150 120.4240
  -1.000  -0.0495   0.00544   0.00020  -0.0154   0.8594   0.5706  12.2602 130.6512
   0.000   0.0296   0.00525   0.00004  -0.0076   0.7404   0.6754  20.3843 137.4515
   1.000   0.1203   0.00534   0.00007  -0.0026   0.6729   0.7451  24.7556 141.9261
   2.000   0.2073   0.00533   0.00012   0.0032   0.5849   0.8502  30.4317 148.8003
   3.000   0.2997   0.00636   0.00040   0.0076   0.3940   0.9288  42.8980 154.0829
   4.000   0.4049   0.00752   0.00073   0.0088   0.2529   0.9579  52.0967 156.0317
   5.000   0.5496   0.00917   0.00139   0.0010   0.1333   0.9715  60.1102 157.0802
   6.000   0.6806   0.01060   0.00203  -0.0040   0.0669   0.9779  64.9365 157.6302
   7.000   0.8042   0.01163   0.00258  -0.0073   0.0499   0.9852  66.3536 158.3018
   8.000   0.9228   0.01276   0.00316  -0.0098   0.0378   0.9925  67.5864 159.0413
   9.000   1.0447   0.01408   0.00387  -0.0134   0.0215   0.9979  69.8794 159.7239
  10.000   1.1239   0.01590   0.00499  -0.0083   0.0138   1.0000  71.4276 160.0000
  11.000   1.1627   0.01804   0.00627   0.0048   0.0110   1.0000  72.1506 160.0000
  12.000   1.1805   0.01983   0.00718   0.0217   0.0097   1.0000  72.5865 160.0000
  13.000   1.1809   0.02365   0.00936   0.0382   0.0084   1.0000  73.0064 160.0000
  14.000   1.2049   0.02774   0.01199   0.0473   0.0079   1.0000  73.2341 160.0000
  15.000   1.2101   0.03463   0.01686   0.0532   0.0073   1.0000  73.4774 160.0000
