  
       XFOIL         Version 6.99
  
 Calculated polar for: N-14                                            
  
 1 1 Reynolds number fixed          Mach number fixed         
  
 xtrf =   1.000 (top)        1.000 (bottom)  
 Mach =   0.000     Re =     1.000 e 6     Ncrit =   9.000  9.000
  
   alpha    CL        CD       CDp       CM     Top_Xtr  Bot_Xtr  Top_Itr  Bot_Itr
  ------ -------- --------- --------- -------- -------- -------- -------- --------
  -6.000  -0.6411   0.01065   0.00223  -0.0058   0.9743   0.0423   3.6607  95.6048
  -5.000  -0.5165   0.00918   0.00147  -0.0092   0.9624   0.0877   4.6225  99.9502
  -4.000  -0.3778   0.00840   0.00112  -0.0153   0.9450   0.1149   5.8788 101.9459
  -3.000  -0.2508   0.00776   0.00070  -0.0187   0.9093   0.1299   8.2030 102.9422
  -2.000  -0.1553   0.00676   0.00039  -0.0154   0.8626   0.2844  11.1893 113.1241
  -1.000  -0.0747   0.00554   0.00020  -0.0089   0.8206   0.5518  13.8512 130.0891
   0.000   0.0109   0.00495   0.00021  -0.0028   0.7792   0.7275  16.4435 141.2840
   1.000   0.1026   0.00499   0.00017   0.0023   0.6918   0.8017  22.0076 145.9919
   2.000   0.1813   0.00590   0.00023   0.0097   0.4587   0.8528  36.8612 149.2286
   3.000   0.2750   0.00670   0.00049   0.0137   0.3170   0.9137  45.8139 153.1074
   4.000   0.3955   0.00758   0.00081   0.0117   0.2172   0.9473  52.2151 155.2956
   5.000   0.5195   0.00907   0.00139   0.0082   0.0942   0.9631  60.5211 156.4444
   6.000   0.6457   0.01058   0.00220   0.0046   0.0517   0.9743  64.1194 157.3482
   7.000   0.7670   0.01210   0.00316   0.0017   0.0428   0.9838  65.0016 158.1963
   8.000   0.8932   0.01308   0.00379  -0.0023   0.0380   0.9916  65.6006 158.9597
   9.000   1.0211   0.01432   0.00461  -0.0071   0.0319   0.9975  66.4485 159.6844
  10.000   1.1131   0.01541   0.00518  -0.0044   0.0260   1.0000  67.4247 160.0000
  11.000   1.1708   0.01664   0.00572   0.0053   0.0205   1.0000  68.5237 160.0000
  12.000   1.2139   0.01836   0.00654   0.0174   0.0165   1.0000  69.4664 160.0000
  13.000   1.2396   0.02072   0.00770   0.0314   0.0140   1.0000  70.1488 160.0000
  14.000   1.2739   0.02377   0.00943   0.0412   0.0122   1.0000  70.6996 160.0000
  15.000   1.2850   0.02927   0.01300   0.0499   0.0109   1.0000  71.1088 160.0000
