  
       XFOIL         Version 6.99
  
 Calculated polar for: NACA 2415                                       
  
 1 1 Reynolds number fixed          Mach number fixed         
  
 xtrf =   1.000 (top)        1.000 (bottom)  
 Mach =   0.000     Re =     0.500 e 6     Ncrit =   9.000  9.000
  
   alpha    CL        CD       CDp       CM     Top_Xtr  Bot_Xtr  Top_Itr  Bot_Itr
  ------ -------- --------- --------- -------- -------- -------- -------- --------
  -6.000  -0.4009   0.01133   0.00301  -0.0596   0.9388   0.1325   5.8104 111.4906
  -5.000  -0.2936   0.01025   0.00240  -0.0582   0.9091   0.1810   7.5887 114.7495
  -4.000  -0.1864   0.00938   0.00192  -0.0567   0.8728   0.2454   9.6529 118.5779
  -3.000  -0.0781   0.00873   0.00156  -0.0554   0.8299   0.3252  12.0318 122.9982
  -2.000   0.0286   0.00814   0.00131  -0.0539   0.7787   0.4289  14.8419 128.5355
  -1.000   0.1337   0.00767   0.00120  -0.0520   0.7225   0.5763  17.9079 136.3163
   0.000   0.2380   0.00747   0.00121  -0.0498   0.6643   0.7126  21.0870 143.4012
   1.000   0.3411   0.00750   0.00134  -0.0470   0.6082   0.8352  24.1500 149.7533
   3.000   0.5761   0.00854   0.00185  -0.0474   0.5061   0.9759  29.7515 157.8059
   4.000   0.7368   0.00925   0.00207  -0.0579   0.4510   0.9947  32.8075 159.4244
   5.000   0.8465   0.00985   0.00212  -0.0582   0.3966   1.0000  35.8730 160.0000
   6.000   0.9262   0.01065   0.00223  -0.0520   0.3366   1.0000  39.3457 160.0000
   7.000   1.0042   0.01180   0.00253  -0.0457   0.2702   1.0000  43.2912 160.0000
   8.000   1.0824   0.01337   0.00308  -0.0399   0.2009   1.0000  47.6073 160.0000
   9.000   1.1564   0.01529   0.00387  -0.0340   0.1432   1.0000  51.5434 160.0000
  10.000   1.2175   0.01752   0.00488  -0.0262   0.1042   1.0000  54.6606 160.0000
  11.000   1.2722   0.02039   0.00634  -0.0188   0.0798   1.0000  57.0455 160.0000
  12.000   1.3210   0.02400   0.00836  -0.0122   0.0645   1.0000  58.8682 160.0000
  13.000   1.3591   0.02892   0.01138  -0.0067   0.0548   1.0000  60.2470 160.0000
  14.000   1.3859   0.03561   0.01579  -0.0028   0.0479   1.0000  61.3511 160.0000
  15.000   1.3963   0.04484   0.02229  -0.0008   0.0432   1.0000  62.1878 160.0000
