  
       XFOIL         Version 6.99
  
 Calculated polar for: N-24                                            
  
 1 1 Reynolds number fixed          Mach number fixed         
  
 xtrf =   1.000 (top)        1.000 (bottom)  
 Mach =   0.000     Re =     1.000 e 6     Ncrit =   9.000  9.000
  
   alpha    CL        CD       CDp       CM     Top_Xtr  Bot_Xtr  Top_Itr  Bot_Itr
  ------ -------- --------- --------- -------- -------- -------- -------- --------
  -6.000   0.0146   0.01016   0.00179  -0.0713   0.6046   0.0409  24.5296 102.9387
  -5.000   0.1359   0.00992   0.00173  -0.0724   0.5736   0.0761  26.2013 108.9826
  -4.000   0.2571   0.00971   0.00158  -0.0737   0.5499   0.0864  27.4683 110.2149
  -3.000   0.3780   0.00956   0.00143  -0.0752   0.5283   0.0964  28.6210 111.2871
  -2.000   0.4980   0.00932   0.00139  -0.0769   0.5083   0.1620  29.6913 116.4002
  -1.000   0.6170   0.00912   0.00144  -0.0787   0.4866   0.2830  30.8566 122.8012
   0.000   0.7326   0.00858   0.00158  -0.0803   0.4618   0.5848  32.2157 137.4291
   4.000   1.1985   0.01112   0.00288  -0.0904   0.3078   1.0002  41.0735 160.0000
   5.000   1.2952   0.01212   0.00322  -0.0897   0.2913   1.0002  42.0190 160.0000
   6.000   1.3882   0.01309   0.00350  -0.0886   0.2795   1.0002  42.7044 160.0000
   7.000   1.4631   0.01445   0.00394  -0.0847   0.2687   1.0002  43.3395 160.0000
   8.000   1.5350   0.01634   0.00459  -0.0815   0.2563   1.0002  44.0836 160.0000
   9.000   1.6065   0.01857   0.00537  -0.0791   0.2402   1.0002  45.0743 160.0000
  10.000   1.6715   0.02144   0.00646  -0.0769   0.2204   1.0002  46.3497 160.0000
  11.000   1.7172   0.02589   0.00841  -0.0737   0.1944   1.0002  48.1267 160.0000
  12.000   1.7369   0.03277   0.01191  -0.0695   0.1596   1.0002  50.6959 160.0000
  13.000   1.7421   0.04182   0.01707  -0.0662   0.1335   1.0002  52.7570 160.0000
  14.000   1.7467   0.05181   0.02307  -0.0646   0.1198   1.0002  53.8926 160.0000
  15.000   1.7482   0.06274   0.02989  -0.0642   0.1106   1.0002  54.6890 160.0000
