  
       XFOIL         Version 6.99
  
 Calculated polar for: N-24                                            
  
 1 1 Reynolds number fixed          Mach number fixed         
  
 xtrf =   1.000 (top)        1.000 (bottom)  
 Mach =   0.000     Re =     0.500 e 6     Ncrit =   9.000  9.000
  
   alpha    CL        CD       CDp       CM     Top_Xtr  Bot_Xtr  Top_Itr  Bot_Itr
  ------ -------- --------- --------- -------- -------- -------- -------- --------
  -6.000   0.0224   0.01206   0.00274  -0.0733   0.6571   0.0819  21.7003 109.6838
  -5.000   0.1416   0.01163   0.00238  -0.0740   0.6226   0.0982  23.5583 111.4670
  -4.000   0.2609   0.01138   0.00212  -0.0750   0.5953   0.1124  25.0292 112.8091
  -3.000   0.3802   0.01109   0.00203  -0.0763   0.5716   0.1586  26.3083 116.1930
  -1.000   0.6124   0.01022   0.00214  -0.0787   0.5255   0.5360  28.7696 135.0751
   0.000   0.7684   0.00964   0.00246  -0.0884   0.4988   1.0002  30.1963 160.0000
   1.000   0.8787   0.01015   0.00251  -0.0889   0.4678   1.0002  31.8827 160.0000
   2.000   0.9858   0.01085   0.00265  -0.0891   0.4269   1.0002  34.1887 160.0000
   3.000   1.0854   0.01199   0.00295  -0.0885   0.3778   1.0002  37.0472 160.0000
   4.000   1.1790   0.01330   0.00342  -0.0871   0.3463   1.0002  38.8722 160.0000
   5.000   1.2659   0.01472   0.00395  -0.0849   0.3256   1.0002  40.0586 160.0000
   6.000   1.3369   0.01638   0.00455  -0.0803   0.3084   1.0002  41.0415 160.0000
   7.000   1.4092   0.01821   0.00527  -0.0767   0.2955   1.0002  41.7776 160.0000
   8.000   1.4810   0.02038   0.00616  -0.0740   0.2831   1.0002  42.4941 160.0000
   9.000   1.5460   0.02314   0.00729  -0.0713   0.2704   1.0002  43.2402 160.0000
  10.000   1.6033   0.02662   0.00879  -0.0687   0.2553   1.0002  44.1434 160.0000
  11.000   1.6522   0.03105   0.01086  -0.0666   0.2357   1.0002  45.3600 160.0000
  12.000   1.6849   0.03726   0.01405  -0.0644   0.2134   1.0002  46.8162 160.0000
  13.000   1.6970   0.04611   0.01915  -0.0624   0.1847   1.0002  48.8171 160.0000
  14.000   1.6878   0.05787   0.02662  -0.0610   0.1583   1.0002  50.7947 160.0000
  15.000   1.6721   0.07107   0.03557  -0.0608   0.1415   1.0002  52.1149 160.0000
