  
       XFOIL         Version 6.99
  
 Calculated polar for: NACA 5-H-15 AIRFOIL                             
  
 1 1 Reynolds number fixed          Mach number fixed         
  
 xtrf =   1.000 (top)        1.000 (bottom)  
 Mach =   0.000     Re =     1.000 e 6     Ncrit =   9.000  9.000
  
   alpha    CL        CD       CDp       CM     Top_Xtr  Bot_Xtr  Top_Itr  Bot_Itr
  ------ -------- --------- --------- -------- -------- -------- -------- --------
  -6.000  -0.4887   0.01676   0.00696  -0.0081   0.6530   0.0318  25.1753  95.4981
  -5.000  -0.3796   0.01397   0.00447  -0.0082   0.6420   0.0326  25.8802  95.6076
  -4.000  -0.2743   0.01221   0.00304  -0.0075   0.6326   0.0342  26.4898  95.8295
  -3.000  -0.1725   0.01111   0.00214  -0.0061   0.6231   0.0354  27.1034  95.9898
  -2.000  -0.0754   0.00982   0.00135  -0.0036   0.6132   0.0380  27.7469  96.2865
  -1.000   0.0289   0.00926   0.00101  -0.0025   0.6019   0.0436  28.4855  96.9084
   0.000   0.1166   0.00785   0.00068   0.0015   0.5891   0.3248  29.3214 115.9970
   1.000   0.1639   0.00599   0.00082   0.0149   0.5747   0.8783  30.2789 151.0597
   2.000   0.2742   0.00643   0.00119   0.0155   0.5537   0.9114  31.6841 153.1452
   3.000   0.3875   0.00690   0.00141   0.0149   0.5212   0.9280  33.8900 154.1912
   4.000   0.4981   0.00731   0.00144   0.0141   0.4830   0.9346  36.4759 154.6037
   5.000   0.5950   0.00771   0.00139   0.0158   0.4511   0.9418  38.5661 155.0619
   6.000   0.7015   0.00818   0.00142   0.0152   0.4243   0.9467  40.2756 155.3790
   7.000   0.7923   0.00883   0.00134   0.0176   0.3819   0.9549  42.9728 155.9209
   8.000   0.8052   0.01501   0.00309   0.0252   0.0984   0.9743  62.6170 157.3848
   9.000   0.8632   0.02109   0.00629   0.0227   0.0152   0.9845  71.9681 158.2827
  10.000   0.9375   0.02570   0.00915   0.0198   0.0127   0.9930  72.6242 159.1315
  11.000   0.9977   0.03241   0.01386   0.0157   0.0108   0.9996  73.1454 159.9461
  12.000   1.0024   0.03781   0.01719   0.0242   0.0100   1.0000  73.4245 160.0000
  13.000   1.0183   0.04435   0.02156   0.0291   0.0092   1.0000  73.6989 160.0000
  14.000   1.0237   0.05248   0.02703   0.0333   0.0083   1.0000  74.0120 160.0000
  15.000   1.0558   0.05914   0.03171   0.0348   0.0078   1.0000  74.2128 160.0000
