  
       XFOIL         Version 6.99
  
 Calculated polar for: NACA 5-H-10 AIRFOIL                             
  
 1 1 Reynolds number fixed          Mach number fixed         
  
 xtrf =   1.000 (top)        1.000 (bottom)  
 Mach =   0.000     Re =     0.500 e 6     Ncrit =   9.000  9.000
  
   alpha    CL        CD       CDp       CM     Top_Xtr  Bot_Xtr  Top_Itr  Bot_Itr
  ------ -------- --------- --------- -------- -------- -------- -------- --------
  -6.000  -0.4928   0.02967   0.01952  -0.0154   0.7801   0.0158  17.9063  89.7415
  -5.000  -0.4172   0.01788   0.00813  -0.0084   0.7631   0.0197  19.0917  90.2622
  -4.000  -0.3135   0.01435   0.00498  -0.0067   0.7445   0.0293  20.3861  91.2397
  -3.000  -0.2096   0.01209   0.00315  -0.0052   0.7259   0.0412  21.6816  92.2668
  -2.000  -0.1062   0.01076   0.00204  -0.0036   0.7087   0.0496  22.8872  92.9322
  -1.000  -0.0021   0.00977   0.00132  -0.0021   0.6905   0.0615  24.1640  93.8182
   0.000   0.0558   0.00713   0.00159   0.0096   0.6730   0.9014  25.3932 151.8876
   1.000   0.1715   0.00769   0.00204   0.0105   0.6573   0.9469  26.4940 155.1047
   2.000   0.3828   0.00868   0.00232  -0.0101   0.6330   0.9665  28.1839 156.5165
   3.000   0.4792   0.00847   0.00194  -0.0075   0.5929   0.9695  30.9594 156.7462
   4.000   0.5659   0.00836   0.00169  -0.0030   0.5474   0.9728  34.0995 157.0042
   5.000   0.6632   0.01007   0.00197  -0.0025   0.2855   0.9757  52.3403 157.2649
   6.000   0.7461   0.01303   0.00310  -0.0002   0.0471   0.9812  69.5953 157.7706
   7.000   0.8404   0.01541   0.00453   0.0002   0.0322   0.9868  71.0330 158.3310
   8.000   0.9320   0.01855   0.00644   0.0002   0.0197   0.9945  72.3599 159.2153
   9.000   0.9825   0.02275   0.00869   0.0072   0.0140   1.0000  73.0849 160.0000
  10.000   1.0056   0.02552   0.01012   0.0196   0.0115   1.0000  73.5945 160.0000
  11.000   1.0423   0.03329   0.01505   0.0267   0.0097   1.0000  73.9723 160.0000
  12.000   1.0230   0.04560   0.02481   0.0344   0.0095   1.0000  74.0541 160.0000
  13.000   0.9545   0.06360   0.04067   0.0357   0.0096   1.0000  73.9953 160.0000
  14.000   0.8947   0.08414   0.06130   0.0275   0.0097   1.0000  73.9729 160.0000
