  
       XFOIL         Version 6.99
  
 Calculated polar for: NACA 5-H-20 AIRFOIL                             
  
 1 1 Reynolds number fixed          Mach number fixed         
  
 xtrf =   1.000 (top)        1.000 (bottom)  
 Mach =   0.000     Re =     1.000 e 6     Ncrit =   9.000  9.000
  
   alpha    CL        CD       CDp       CM     Top_Xtr  Bot_Xtr  Top_Itr  Bot_Itr
  ------ -------- --------- --------- -------- -------- -------- -------- --------
  -6.000  -0.2555   0.01501   0.00301  -0.0375   0.5906   0.0314  27.0083  99.7124
  -5.000  -0.1401   0.01372   0.00205  -0.0388   0.5861   0.0325  27.2584  99.9633
  -4.000  -0.0334   0.01248   0.00144  -0.0387   0.5810   0.0347  27.5435 100.4238
  -3.000   0.0677   0.01185   0.00114  -0.0375   0.5744   0.0369  27.9120 100.8913
  -2.000   0.1683   0.01122   0.00099  -0.0361   0.5695   0.0410  28.1871 101.6641
  -1.000   0.2673   0.01070   0.00090  -0.0345   0.5630   0.0529  28.5523 103.6144
   0.000   0.2962   0.00901   0.00103  -0.0196   0.5561   0.4329  28.9426 126.0819
   1.000   0.2774   0.00799   0.00174   0.0071   0.5524   0.8380  29.1584 148.5715
   2.000   0.4049   0.00954   0.00313   0.0041   0.5472   0.8620  29.4622 150.2306
   3.000   0.5999   0.01229   0.00513  -0.0117   0.5382   0.8770  29.9805 151.2386
   4.000   0.6667   0.01155   0.00445  -0.0046   0.5324   0.8790  30.3305 151.3760
   5.000   0.7457   0.01109   0.00366  -0.0002   0.5227   0.8810  30.9067 151.5056
   6.000   0.8300   0.01082   0.00295   0.0029   0.5131   0.8824  31.4967 151.5988
   7.000   0.8782   0.01093   0.00169   0.0124   0.4974   0.8849  32.4746 151.7626
   8.000   0.8987   0.01254   0.00035   0.0249   0.4704   0.8872  34.2188 151.9165
   9.000   0.7620   0.02000   0.00040   0.0574   0.3476   0.8913  42.1139 152.1838
  10.000   0.7528   0.02540   0.00182   0.0689   0.3117   0.8938  44.0075 152.3424
  11.000   0.7898   0.02916   0.00268   0.0739   0.2905   0.8953  45.1270 152.4419
  12.000   0.8254   0.03341   0.00390   0.0781   0.2599   0.8969  46.9113 152.5444
  13.000   0.8330   0.03971   0.00653   0.0837   0.1948   0.8986  51.0434 152.6570
  14.000   0.8462   0.04611   0.00958   0.0876   0.1242   0.9002  56.3017 152.7593
  15.000   0.8936   0.05068   0.01149   0.0883   0.1129   0.9017  57.1812 152.8508
