  
       XFOIL         Version 6.99
  
 Calculated polar for: NACA 63A010 AIRFOIL                             
  
 1 1 Reynolds number fixed          Mach number fixed         
  
 xtrf =   1.000 (top)        1.000 (bottom)  
 Mach =   0.000     Re =     1.000 e 6     Ncrit =   9.000  9.000
  
   alpha    CL        CD       CDp       CM     Top_Xtr  Bot_Xtr  Top_Itr  Bot_Itr
  ------ -------- --------- --------- -------- -------- -------- -------- --------
  -6.000  -0.6734   0.01135   0.00323   0.0039   1.0000   0.0159   1.0000  88.5233
  -5.000  -0.5474   0.00975   0.00208  -0.0002   0.9908   0.0189   2.1976  89.0373
  -4.000  -0.4178   0.00812   0.00118  -0.0048   0.9622   0.0604   4.8249  92.9495
  -3.000  -0.3200   0.00590   0.00042  -0.0031   0.8972   0.3987   9.4432 116.9740
  -2.000  -0.2176   0.00510   0.00027  -0.0014   0.8380   0.5947  13.5391 130.6318
  -1.000  -0.1103   0.00488   0.00028  -0.0004   0.7899   0.6957  16.8612 137.6453
   0.000  -0.0000   0.00486   0.00028   0.0000   0.7469   0.7469  19.8213 141.1787
   1.000   0.1103   0.00488   0.00028   0.0004   0.6957   0.7899  23.3547 144.1388
   2.000   0.2176   0.00510   0.00027   0.0014   0.5947   0.8380  30.3684 147.4609
   3.000   0.3200   0.00590   0.00042   0.0031   0.3987   0.8972  44.0267 151.5568
   4.000   0.4178   0.00812   0.00118   0.0048   0.0604   0.9622  68.0508 156.1753
   5.000   0.5474   0.00975   0.00209   0.0002   0.0189   0.9908  71.9627 158.8053
   6.000   0.6733   0.01135   0.00323  -0.0039   0.0159   1.0000  72.4766 160.0000
   7.000   0.7560   0.01365   0.00482   0.0011   0.0138   1.0000  72.8419 160.0000
   8.000   0.8408   0.01731   0.00768   0.0051   0.0120   1.0000  73.2482 160.0000
   9.000   0.9299   0.02042   0.01030   0.0077   0.0102   1.0000  73.6962 160.0000
  10.000   0.9596   0.01880   0.01298   0.0151   0.0086   1.0000  74.1186 160.0000
  11.000   0.9644   0.02919   0.02120   0.0238   0.0077   1.0000  74.4181 160.0000
  12.000   0.8429   0.05254   0.03758   0.0232   0.0078   1.0000  74.3851 160.0000
  15.000   0.5549   0.16146   0.13578  -0.0201   0.0098   1.0000  73.7830 160.0000
