  
       XFOIL         Version 6.99
  
 Calculated polar for: NACA 63012A AIRFOIL                             
  
 1 1 Reynolds number fixed          Mach number fixed         
  
 xtrf =   1.000 (top)        1.000 (bottom)  
 Mach =   0.000     Re =     1.000 e 6     Ncrit =   9.000  9.000
  
   alpha    CL        CD       CDp       CM     Top_Xtr  Bot_Xtr  Top_Itr  Bot_Itr
  ------ -------- --------- --------- -------- -------- -------- -------- --------
  -6.000  -0.6384   0.01032   0.00239  -0.0040   0.9777   0.0241   3.4341  91.4275
  -5.000  -0.5249   0.00899   0.00162  -0.0050   0.9246   0.0620   7.3089  95.3963
  -3.000  -0.3316   0.00584   0.00045  -0.0007   0.8095   0.5125  14.9003 126.4090
  -2.000  -0.2227   0.00554   0.00041  -0.0002   0.7698   0.5998  17.5071 132.2391
  -1.000  -0.1120   0.00543   0.00040   0.0001   0.7333   0.6577  19.9041 136.0964
   0.000   0.0000   0.00539   0.00040  -0.0000   0.6979   0.6979  22.2402 138.7598
   1.000   0.1120   0.00543   0.00040  -0.0001   0.6577   0.7333  24.9035 141.0960
   2.000   0.2227   0.00554   0.00041   0.0002   0.5998   0.7698  28.7609 143.4929
   3.000   0.3316   0.00584   0.00045   0.0007   0.5125   0.8095  34.5912 146.0996
   5.000   0.5249   0.00899   0.00163   0.0050   0.0620   0.9246  65.6048 153.6905
   6.000   0.6384   0.01032   0.00239   0.0040   0.0241   0.9778  69.5726 157.5684
   7.000   0.7728   0.01198   0.00344  -0.0021   0.0180   0.9966  70.6633 159.5502
   8.000   0.8599   0.01435   0.00502   0.0013   0.0159   1.0000  71.1011 160.0000
   9.000   0.9408   0.01653   0.00659   0.0059   0.0146   1.0000  71.4181 160.0000
  10.000   1.0227   0.01914   0.00846   0.0095   0.0133   1.0000  71.7497 160.0000
  11.000   1.0859   0.02431   0.01229   0.0147   0.0121   1.0000  72.0820 160.0000
  12.000   1.1399   0.02839   0.01562   0.0205   0.0112   1.0000  72.3679 160.0000
  13.000   1.1650   0.03426   0.02030   0.0264   0.0104   1.0000  72.6062 160.0000
  14.000   1.1725   0.04296   0.02738   0.0277   0.0099   1.0000  72.7772 160.0000
  15.000   1.1359   0.05955   0.04180   0.0225   0.0095   1.0000  72.8923 160.0000
