  
       XFOIL         Version 6.99
  
 Calculated polar for: NACA 63-212 AIRFOIL                             
  
 1 1 Reynolds number fixed          Mach number fixed         
  
 xtrf =   1.000 (top)        1.000 (bottom)  
 Mach =   0.000     Re =     1.000 e 6     Ncrit =   9.000  9.000
  
   alpha    CL        CD       CDp       CM     Top_Xtr  Bot_Xtr  Top_Itr  Bot_Itr
  ------ -------- --------- --------- -------- -------- -------- -------- --------
  -6.000  -0.4925   0.01054   0.00238  -0.0382   0.8495   0.0158  12.3163  90.3703
  -5.000  -0.3849   0.00949   0.00162  -0.0378   0.8144   0.0180  14.5714  90.9291
  -4.000  -0.2747   0.00858   0.00110  -0.0379   0.7823   0.0408  16.6312  94.2739
  -3.000  -0.1662   0.00679   0.00045  -0.0386   0.7518   0.2925  18.5946 112.0541
  -2.000  -0.0542   0.00576   0.00028  -0.0394   0.7221   0.5219  20.5107 127.1876
  -1.000   0.0605   0.00557   0.00031  -0.0400   0.6925   0.6045  22.4282 132.5195
   0.000   0.1757   0.00556   0.00035  -0.0406   0.6625   0.6541  24.3826 135.7379
   1.000   0.2909   0.00564   0.00038  -0.0413   0.6298   0.6882  26.5206 137.9204
   2.000   0.4052   0.00580   0.00043  -0.0418   0.5886   0.7210  29.2187 140.0140
   3.000   0.5179   0.00612   0.00050  -0.0420   0.5195   0.7531  33.7566 142.0786
   4.000   0.6271   0.00685   0.00071  -0.0418   0.4042   0.7856  41.3978 144.1687
   5.000   0.7209   0.00952   0.00177  -0.0400   0.1052   0.8207  61.7014 146.4401
   6.000   0.8202   0.01112   0.00266  -0.0385   0.0319   0.8610  68.0165 149.0819
   7.000   0.9160   0.01236   0.00348  -0.0359   0.0212   0.9124  69.6610 152.4964
   8.000   1.0089   0.01394   0.00451  -0.0332   0.0171   1.0000  70.4931 160.0000
   9.000   1.0902   0.01703   0.00646  -0.0297   0.0148   1.0000  71.0017 160.0000
  10.000   1.1695   0.01960   0.00825  -0.0259   0.0141   1.0000  71.2181 160.0000
  11.000   1.2267   0.02264   0.01030  -0.0192   0.0130   1.0000  71.5091 160.0000
  12.000   1.2673   0.02659   0.01298  -0.0121   0.0122   1.0000  71.7418 160.0000
  13.000   1.2779   0.03508   0.01914  -0.0056   0.0113   1.0000  72.0065 160.0000
  14.000   1.2950   0.04252   0.02519  -0.0030   0.0109   1.0000  72.1383 160.0000
  15.000   1.2852   0.05472   0.03554  -0.0038   0.0105   1.0000  72.2773 160.0000
