  
       XFOIL         Version 6.99
  
 Calculated polar for: NACA 63-415 AIRFOIL                             
  
 1 1 Reynolds number fixed          Mach number fixed         
  
 xtrf =   1.000 (top)        1.000 (bottom)  
 Mach =   0.000     Re =     0.500 e 6     Ncrit =   9.000  9.000
  
   alpha    CL        CD       CDp       CM     Top_Xtr  Bot_Xtr  Top_Itr  Bot_Itr
  ------ -------- --------- --------- -------- -------- -------- -------- --------
  -6.000  -0.3330   0.01188   0.00264  -0.0732   0.8071   0.0624  13.9635  99.6334
  -5.000  -0.2298   0.00964   0.00159  -0.0736   0.7792   0.2195  15.5997 110.5634
  -4.000  -0.1196   0.00817   0.00126  -0.0748   0.7537   0.4664  17.1104 125.8082
  -3.000  -0.0040   0.00803   0.00131  -0.0755   0.7280   0.5346  18.6422 129.9142
  -2.000   0.1118   0.00811   0.00143  -0.0762   0.7037   0.5863  20.0963 132.9868
  -1.000   0.2276   0.00813   0.00148  -0.0769   0.6791   0.6174  21.5785 134.8228
   0.000   0.3432   0.00823   0.00151  -0.0776   0.6560   0.6438  22.9791 136.3682
   1.000   0.4589   0.00835   0.00158  -0.0785   0.6323   0.6700  24.4132 137.8890
   2.000   0.5733   0.00854   0.00167  -0.0790   0.6083   0.6957  25.8786 139.3784
   3.000   0.6873   0.00880   0.00179  -0.0796   0.5834   0.7234  27.3992 140.9978
   4.000   0.7983   0.00903   0.00185  -0.0795   0.5503   0.7511  29.4310 142.6498
   5.000   0.9055   0.00937   0.00186  -0.0787   0.5005   0.7808  32.5065 144.4132
   6.000   1.0081   0.01001   0.00202  -0.0772   0.4366   0.8129  36.5002 146.3253
   7.000   1.0864   0.01210   0.00275  -0.0723   0.2754   0.8501  46.7688 148.6120
   8.000   1.1277   0.01562   0.00439  -0.0618   0.1007   0.9041  58.5532 152.0287
   9.000   1.1618   0.01851   0.00573  -0.0508   0.0499   1.0000  63.2677 160.0000
  10.000   1.2070   0.02222   0.00785  -0.0443   0.0388   1.0000  64.7666 160.0000
  11.000   1.2419   0.02726   0.01105  -0.0387   0.0320   1.0000  65.8556 160.0000
  12.000   1.2708   0.03360   0.01535  -0.0345   0.0267   1.0000  66.8385 160.0000
  13.000   1.2927   0.04137   0.02092  -0.0316   0.0233   1.0000  67.5758 160.0000
  14.000   1.3074   0.05076   0.02781  -0.0300   0.0212   1.0000  68.0723 160.0000
  15.000   1.3314   0.06014   0.03503  -0.0301   0.0197   1.0000  68.4687 160.0000
