  
       XFOIL         Version 6.99
  
 Calculated polar for: NACA 63-415 AIRFOIL                             
  
 1 1 Reynolds number fixed          Mach number fixed         
  
 xtrf =   1.000 (top)        1.000 (bottom)  
 Mach =   0.000     Re =     1.000 e 6     Ncrit =   9.000  9.000
  
   alpha    CL        CD       CDp       CM     Top_Xtr  Bot_Xtr  Top_Itr  Bot_Itr
  ------ -------- --------- --------- -------- -------- -------- -------- --------
  -6.000  -0.3400   0.00990   0.00185  -0.0719   0.7593   0.0463  16.7766  97.8130
  -5.000  -0.2295   0.00872   0.00122  -0.0726   0.7340   0.1058  18.2841 103.2063
  -4.000  -0.1183   0.00688   0.00056  -0.0743   0.7088   0.3563  19.7911 119.0440
  -3.000  -0.0020   0.00637   0.00048  -0.0756   0.6847   0.4739  21.2444 126.2621
  -2.000   0.1152   0.00627   0.00050  -0.0768   0.6605   0.5357  22.7075 129.9807
  -1.000   0.2323   0.00629   0.00054  -0.0778   0.6372   0.5732  24.1168 132.2111
   0.000   0.3494   0.00634   0.00058  -0.0789   0.6142   0.6005  25.5177 133.8243
   2.000   0.5820   0.00662   0.00071  -0.0809   0.5667   0.6509  28.4232 136.7807
   3.000   0.6967   0.00686   0.00080  -0.0816   0.5365   0.6767  30.2804 138.2790
   4.000   0.8095   0.00721   0.00090  -0.0820   0.4949   0.7040  32.8544 139.8584
   5.000   0.9191   0.00777   0.00108  -0.0820   0.4346   0.7310  36.6212 141.4518
   6.000   1.0153   0.00938   0.00168  -0.0800   0.2931   0.7594  45.6341 143.1431
   7.000   1.0926   0.01214   0.00298  -0.0754   0.1204   0.7913  57.0828 145.0353
   8.000   1.1666   0.01444   0.00419  -0.0701   0.0457   0.8292  63.8039 147.3163
   9.000   1.2321   0.01610   0.00509  -0.0630   0.0332   0.8805  65.6571 150.5245
  10.000   1.2768   0.01801   0.00605  -0.0531   0.0274   1.0000  66.7072 160.0000
  11.000   1.3272   0.02114   0.00777  -0.0469   0.0224   1.0000  67.7853 160.0000
  12.000   1.3699   0.02536   0.01025  -0.0416   0.0183   1.0000  68.8443 160.0000
  13.000   1.4061   0.03073   0.01366  -0.0373   0.0159   1.0000  69.5363 160.0000
  14.000   1.4230   0.03855   0.01903  -0.0338   0.0144   1.0000  70.0151 160.0000
  15.000   1.4476   0.04664   0.02483  -0.0325   0.0136   1.0000  70.3228 160.0000
