  
       XFOIL         Version 6.99
  
 Calculated polar for: NACA 642-015A AIRFOIL                           
  
 1 1 Reynolds number fixed          Mach number fixed         
  
 xtrf =   1.000 (top)        1.000 (bottom)  
 Mach =   0.000     Re =     0.500 e 6     Ncrit =   9.000  9.000
  
   alpha    CL        CD       CDp       CM     Top_Xtr  Bot_Xtr  Top_Itr  Bot_Itr
  ------ -------- --------- --------- -------- -------- -------- -------- --------
  -6.000  -0.6126   0.01156   0.00254  -0.0088   0.9002   0.1258   8.5821 103.2855
  -5.000  -0.5440   0.00846   0.00142  -0.0025   0.8490   0.4632  11.7162 125.3035
  -4.000  -0.4412   0.00810   0.00140  -0.0008   0.8117   0.5551  13.9802 131.1396
  -3.000  -0.3336   0.00800   0.00144   0.0000   0.7785   0.6039  15.9970 134.2076
  -2.000  -0.2246   0.00799   0.00154   0.0006   0.7480   0.6460  17.8550 136.8420
  -1.000  -0.1125   0.00790   0.00150   0.0003   0.7200   0.6698  19.5716 138.3263
   0.000   0.0000   0.00790   0.00146  -0.0000   0.6942   0.6942  21.1627 139.8373
   1.000   0.1125   0.00790   0.00150  -0.0003   0.6698   0.7200  22.6742 141.4284
   2.000   0.2246   0.00799   0.00154  -0.0006   0.6460   0.7480  24.1580 143.1450
   3.000   0.3336   0.00800   0.00144  -0.0000   0.6039   0.7785  26.7925 145.0030
   4.000   0.4412   0.00810   0.00140   0.0008   0.5551   0.8117  29.8606 147.0197
   5.000   0.5440   0.00846   0.00142   0.0025   0.4632   0.8490  35.6978 149.2835
   6.000   0.6127   0.01156   0.00254   0.0088   0.1257   0.9002  57.7197 152.4172
   7.000   0.7037   0.01369   0.00371   0.0115   0.0506   0.9608  63.7855 156.2788
   8.000   0.8320   0.01644   0.00538   0.0052   0.0328   0.9942  66.0876 159.2585
   9.000   0.8919   0.01877   0.00664   0.0122   0.0280   1.0000  66.8857 160.0000
  10.000   0.9387   0.02189   0.00854   0.0210   0.0256   1.0000  67.3502 160.0000
  11.000   0.9974   0.02547   0.01081   0.0259   0.0234   1.0000  67.7971 160.0000
  12.000   1.0554   0.03102   0.01445   0.0302   0.0221   1.0000  68.0801 160.0000
  13.000   1.0959   0.03716   0.01919   0.0345   0.0211   1.0000  68.3154 160.0000
  14.000   1.1090   0.04570   0.02603   0.0378   0.0201   1.0000  68.5440 160.0000
  15.000   1.0873   0.05853   0.03697   0.0381   0.0196   1.0000  68.6578 160.0000
