  
       XFOIL         Version 6.99
  
 Calculated polar for: NACA 642-015 AIRFOIL                            
  
 1 1 Reynolds number fixed          Mach number fixed         
  
 xtrf =   1.000 (top)        1.000 (bottom)  
 Mach =   0.000     Re =     1.000 e 6     Ncrit =   9.000  9.000
  
   alpha    CL        CD       CDp       CM     Top_Xtr  Bot_Xtr  Top_Itr  Bot_Itr
  ------ -------- --------- --------- -------- -------- -------- -------- --------
  -6.000  -0.6547   0.01079   0.00222   0.0011   0.7615   0.0536  17.4265  97.5390
  -5.000  -0.5602   0.00881   0.00130   0.0027   0.7323   0.2021  19.1942 108.3455
  -4.000  -0.4629   0.00672   0.00059   0.0039   0.7040   0.4761  20.9064 125.9649
  -3.000  -0.3483   0.00647   0.00054   0.0031   0.6781   0.5256  22.4849 129.0807
  -2.000  -0.2332   0.00638   0.00057   0.0022   0.6538   0.5704  23.9753 131.8791
  -1.000  -0.1167   0.00630   0.00054   0.0011   0.6314   0.5922  25.3524 133.2321
   0.000   0.0000   0.00627   0.00053  -0.0000   0.6115   0.6115  26.5789 134.4213
   1.000   0.1167   0.00630   0.00054  -0.0011   0.5922   0.6314  27.7679 135.6476
   2.000   0.2332   0.00638   0.00057  -0.0022   0.5704   0.6538  29.1209 137.0247
   3.000   0.3483   0.00647   0.00054  -0.0031   0.5256   0.6781  31.9192 138.5154
   4.000   0.4629   0.00672   0.00059  -0.0039   0.4761   0.7040  35.0350 140.0936
   5.000   0.5602   0.00881   0.00131  -0.0027   0.2021   0.7323  52.6546 141.8058
   6.000   0.6547   0.01079   0.00223  -0.0011   0.0536   0.7615  63.4611 143.5735
   7.000   0.7523   0.01210   0.00298   0.0005   0.0333   0.7920  66.0045 145.4128
   8.000   0.8450   0.01342   0.00380   0.0029   0.0266   0.8260  67.1403 147.4893
   9.000   0.9232   0.01515   0.00480   0.0075   0.0222   0.8671  68.0409 150.0270
  10.000   0.9790   0.01657   0.00554   0.0162   0.0201   0.9499  68.5418 155.3984
  11.000   1.0335   0.02006   0.00748   0.0205   0.0181   1.0000  69.0274 160.0000
  12.000   1.0827   0.02361   0.00963   0.0252   0.0172   1.0000  69.2829 160.0000
  13.000   1.1243   0.02822   0.01260   0.0290   0.0163   1.0000  69.5377 160.0000
  14.000   1.1605   0.03375   0.01630   0.0316   0.0155   1.0000  69.7751 160.0000
  15.000   1.1688   0.04254   0.02267   0.0338   0.0147   1.0000  70.0033 160.0000
