  
       XFOIL         Version 6.99
  
 Calculated polar for: NACA 64-012A AIRFOIL                            
  
 1 1 Reynolds number fixed          Mach number fixed         
  
 xtrf =   1.000 (top)        1.000 (bottom)  
 Mach =   0.000     Re =     1.000 e 6     Ncrit =   9.000  9.000
  
   alpha    CL        CD       CDp       CM     Top_Xtr  Bot_Xtr  Top_Itr  Bot_Itr
  ------ -------- --------- --------- -------- -------- -------- -------- --------
  -6.000  -0.6254   0.01067   0.00262  -0.0061   0.9691   0.0218   4.1854  90.9773
  -5.000  -0.5211   0.00934   0.00177  -0.0051   0.9097   0.0385   8.3235  93.1086
  -3.000  -0.3312   0.00581   0.00045  -0.0005   0.8077   0.5278  15.0729 127.2727
  -2.000  -0.2221   0.00554   0.00040  -0.0001   0.7705   0.6039  17.5308 132.3767
  -1.000  -0.1120   0.00541   0.00042   0.0002   0.7362   0.6682  19.8045 136.6749
   0.000   0.0000   0.00540   0.00041  -0.0000   0.7039   0.7039  21.9439 139.0561
   1.000   0.1120   0.00541   0.00042  -0.0002   0.6682   0.7362  24.3252 141.1955
   2.000   0.2221   0.00554   0.00040   0.0001   0.6039   0.7705  28.6233 143.4692
   3.000   0.3312   0.00581   0.00045   0.0004   0.5278   0.8077  33.7275 145.9271
   5.000   0.5211   0.00934   0.00177   0.0051   0.0385   0.9097  67.8925 152.6758
   6.000   0.6255   0.01067   0.00263   0.0061   0.0218   0.9691  70.0227 156.8149
   7.000   0.7556   0.01225   0.00369   0.0009   0.0181   0.9935  70.7367 159.1410
   8.000   0.8537   0.01494   0.00555   0.0016   0.0161   1.0000  71.1476 160.0000
   9.000   0.9317   0.01721   0.00722   0.0067   0.0147   1.0000  71.4774 160.0000
  10.000   1.0124   0.01996   0.00919   0.0104   0.0134   1.0000  71.8005 160.0000
  11.000   1.0765   0.02525   0.01332   0.0155   0.0121   1.0000  72.1394 160.0000
  12.000   1.1250   0.02990   0.01719   0.0219   0.0111   1.0000  72.4402 160.0000
  13.000   1.1456   0.03587   0.02200   0.0279   0.0104   1.0000  72.6670 160.0000
  14.000   1.1473   0.04499   0.02947   0.0293   0.0099   1.0000  72.8243 160.0000
  15.000   1.0878   0.06511   0.04751   0.0222   0.0096   1.0000  72.9148 160.0000
