  
       XFOIL         Version 6.99
  
 Calculated polar for: NACA 642-015A AIRFOIL                           
  
 1 1 Reynolds number fixed          Mach number fixed         
  
 xtrf =   1.000 (top)        1.000 (bottom)  
 Mach =   0.000     Re =     1.000 e 6     Ncrit =   9.000  9.000
  
   alpha    CL        CD       CDp       CM     Top_Xtr  Bot_Xtr  Top_Itr  Bot_Itr
  ------ -------- --------- --------- -------- -------- -------- -------- --------
  -6.000  -0.6298   0.01038   0.00214  -0.0042   0.8294   0.0688  12.9079  98.9910
  -5.000  -0.5370   0.00866   0.00134  -0.0019   0.7908   0.2102  15.2521 108.9174
  -4.000  -0.4476   0.00663   0.00069   0.0011   0.7582   0.4895  17.2317 126.9862
  -3.000  -0.3379   0.00636   0.00063   0.0012   0.7288   0.5493  19.0264 130.7783
  -2.000  -0.2263   0.00620   0.00062   0.0010   0.7008   0.5934  20.7539 133.5502
  -1.000  -0.1136   0.00613   0.00062   0.0006   0.6739   0.6259  22.4181 135.5881
   0.000   0.0000   0.00615   0.00059  -0.0000   0.6491   0.6491  23.9651 137.0349
   1.000   0.1136   0.00613   0.00062  -0.0006   0.6259   0.6739  25.4120 138.5818
   2.000   0.2263   0.00620   0.00062  -0.0010   0.5934   0.7008  27.4498 140.2462
   3.000   0.3379   0.00636   0.00063  -0.0012   0.5493   0.7288  30.2218 141.9736
   4.000   0.4476   0.00663   0.00069  -0.0011   0.4895   0.7582  34.0140 143.7683
   5.000   0.5371   0.00866   0.00134   0.0019   0.2101   0.7908  52.0858 145.7478
   6.000   0.6299   0.01038   0.00214   0.0042   0.0687   0.8294  62.0103 148.0919
   7.000   0.7260   0.01149   0.00282   0.0063   0.0362   0.8821  65.5908 151.3100
   8.000   0.8170   0.01276   0.00365   0.0096   0.0253   0.9566  67.4154 155.9693
   9.000   0.9387   0.01476   0.00492   0.0052   0.0205   0.9956  68.4423 159.4333
  10.000   1.0029   0.01709   0.00622   0.0116   0.0181   1.0000  69.0213 160.0000
  11.000   1.0615   0.01949   0.00768   0.0183   0.0172   1.0000  69.3006 160.0000
  12.000   1.1161   0.02294   0.00989   0.0232   0.0162   1.0000  69.5757 160.0000
  13.000   1.1621   0.02758   0.01294   0.0270   0.0153   1.0000  69.8227 160.0000
  14.000   1.1847   0.03482   0.01798   0.0310   0.0146   1.0000  70.0333 160.0000
  15.000   1.2109   0.04218   0.02350   0.0325   0.0142   1.0000  70.1629 160.0000
