  
       XFOIL         Version 6.99
  
 Calculated polar for: NACA 64-108 AIRFOIL                             
  
 1 1 Reynolds number fixed          Mach number fixed         
  
 xtrf =   1.000 (top)        1.000 (bottom)  
 Mach =   0.000     Re =     1.000 e 6     Ncrit =   9.000  9.000
  
   alpha    CL        CD       CDp       CM     Top_Xtr  Bot_Xtr  Top_Itr  Bot_Itr
  ------ -------- --------- --------- -------- -------- -------- -------- --------
  -6.000  -0.5748   0.01380   0.00547  -0.0190   1.0000   0.0093   1.0000  86.0869
  -5.000  -0.4646   0.01139   0.00367  -0.0199   0.9924   0.0137   2.0659  86.8457
  -4.000  -0.3372   0.00854   0.00158  -0.0242   0.9573   0.0188   5.3692  87.4464
  -3.000  -0.2323   0.00745   0.00071  -0.0226   0.9062   0.0327   9.1383  88.7108
  -2.000  -0.1300   0.00519   0.00009  -0.0221   0.8605   0.4769  12.4431 121.0182
  -1.000  -0.0219   0.00457   0.00009  -0.0215   0.8179   0.6807  15.5099 135.6605
   0.000   0.0877   0.00444   0.00015  -0.0209   0.7751   0.7757  18.5829 142.4636
   1.000   0.1974   0.00458   0.00013  -0.0204   0.7011   0.8208  23.8979 145.6933
   2.000   0.3040   0.00511   0.00014  -0.0193   0.5449   0.8663  35.1447 148.9713
   3.000   0.3984   0.00770   0.00082  -0.0172   0.0554   0.9180  70.7231 152.7118
   4.000   0.5077   0.00866   0.00141  -0.0168   0.0205   0.9863  73.6012 158.2483
   5.000   0.6150   0.01088   0.00297  -0.0167   0.0152   1.0000  74.1814 160.0000
   6.000   0.7184   0.01292   0.00449  -0.0159   0.0117   1.0000  74.7100 160.0000
   7.000   0.8138   0.01793   0.00846  -0.0137   0.0084   1.0000  75.3510 160.0000
   8.000   0.8968   0.02488   0.01416  -0.0111   0.0059   1.0000  75.9951 160.0000
   9.000   0.8929   0.05116   0.03998  -0.0026   0.0053   1.0000  76.2151 160.0000
  10.000   0.8064   0.07332   0.06159  -0.0039   0.0055   1.0000  76.1157 160.0000
