  
       XFOIL         Version 6.99
  
 Calculated polar for: NACA 64(1)-212 MOD B                            
  
 1 1 Reynolds number fixed          Mach number fixed         
  
 xtrf =   1.000 (top)        1.000 (bottom)  
 Mach =   0.000     Re =     0.500 e 6     Ncrit =   9.000  9.000
  
   alpha    CL        CD       CDp       CM     Top_Xtr  Bot_Xtr  Top_Itr  Bot_Itr
  ------ -------- --------- --------- -------- -------- -------- -------- --------
  -6.000  -0.4387   0.01386   0.00434  -0.0401   0.9345   0.0286   6.4809  95.8443
  -5.000  -0.3450   0.01200   0.00303  -0.0364   0.8903   0.0342   9.1686  96.9111
  -4.000  -0.2457   0.01044   0.00196  -0.0336   0.8446   0.0509  11.8635  99.3314
  -3.000  -0.1489   0.00735   0.00101  -0.0322   0.8024   0.5025  14.3025 128.5902
  -2.000  -0.0377   0.00711   0.00101  -0.0311   0.7589   0.6044  16.8332 134.6261
  -1.000   0.0733   0.00719   0.00114  -0.0298   0.7053   0.6783  19.9747 138.9325
   0.000   0.1830   0.00743   0.00101  -0.0286   0.5836   0.7064  27.2113 140.5552
   2.000   0.3901   0.01012   0.00189  -0.0258   0.2051   0.7690  49.8229 144.1644
   3.000   0.4982   0.01074   0.00236  -0.0249   0.1899   0.8038  50.7424 146.1892
   4.000   0.6036   0.01146   0.00294  -0.0234   0.1793   0.8411  51.3948 148.4060
   5.000   0.7038   0.01255   0.00364  -0.0211   0.1692   0.8832  52.0153 150.9504
   6.000   0.7970   0.01315   0.00420  -0.0170   0.1631   0.9379  52.4082 154.4598
   7.000   0.9103   0.01464   0.00501  -0.0182   0.1538   1.0000  53.0079 160.0000
   8.000   1.0190   0.01517   0.00534  -0.0184   0.1445   1.0000  53.6446 160.0000
   9.000   1.1217   0.01628   0.00588  -0.0177   0.1346   1.0000  54.3470 160.0000
  10.000   1.2209   0.01707   0.00604  -0.0165   0.1226   1.0000  55.2503 160.0000
  11.000   1.3172   0.01777   0.00601  -0.0148   0.1051   1.0000  56.6961 160.0000
  12.000   1.3971   0.01974   0.00672  -0.0113   0.0714   1.0000  59.9981 160.0000
  13.000   1.4381   0.02355   0.00895  -0.0032   0.0492   1.0000  62.7199 160.0000
  14.000   1.4600   0.02883   0.01234   0.0042   0.0397   1.0000  64.1236 160.0000
  15.000   1.4605   0.03690   0.01803   0.0088   0.0343   1.0000  65.0451 160.0000
