  
       XFOIL         Version 6.99
  
 Calculated polar for: NACA 64(1)-212                                  
  
 1 1 Reynolds number fixed          Mach number fixed         
  
 xtrf =   1.000 (top)        1.000 (bottom)  
 Mach =   0.000     Re =     1.000 e 6     Ncrit =   9.000  9.000
  
   alpha    CL        CD       CDp       CM     Top_Xtr  Bot_Xtr  Top_Itr  Bot_Itr
  ------ -------- --------- --------- -------- -------- -------- -------- --------
  -6.000  -0.4857   0.01057   0.00260  -0.0390   0.8526   0.0226  12.1257  91.6416
  -5.000  -0.3801   0.00941   0.00174  -0.0384   0.8175   0.0300  14.4053  92.7474
  -4.000  -0.2711   0.00851   0.00112  -0.0384   0.7851   0.0501  16.5153  94.8642
  -3.000  -0.1675   0.00601   0.00034  -0.0388   0.7528   0.4520  18.6267 122.3446
  -2.000  -0.0541   0.00566   0.00030  -0.0394   0.7223   0.5588  20.6255 129.4027
  -1.000   0.0600   0.00557   0.00036  -0.0399   0.6928   0.6310  22.5626 134.1268
   0.000   0.1750   0.00560   0.00037  -0.0407   0.6653   0.6617  24.3694 136.1281
   1.000   0.2898   0.00568   0.00040  -0.0414   0.6374   0.6901  26.2111 137.9714
   2.000   0.4034   0.00583   0.00043  -0.0419   0.5958   0.7213  28.9639 139.9900
   3.000   0.5156   0.00610   0.00048  -0.0421   0.5319   0.7533  33.2018 142.0633
   4.000   0.6169   0.00762   0.00092  -0.0410   0.2982   0.7878  48.9285 144.2993
   5.000   0.7089   0.01016   0.00203  -0.0388   0.0470   0.8240  66.7936 146.6699
   6.000   0.8093   0.01136   0.00279  -0.0372   0.0265   0.8638  69.0981 149.3034
   7.000   0.9022   0.01268   0.00366  -0.0341   0.0190   0.9150  70.3900 152.7177
   8.000   0.9872   0.01487   0.00505  -0.0303   0.0160   1.0000  71.0161 160.0000
   9.000   1.0730   0.01720   0.00664  -0.0273   0.0150   1.0000  71.2793 160.0000
  10.000   1.1495   0.01975   0.00834  -0.0231   0.0136   1.0000  71.6437 160.0000
  11.000   1.1962   0.02374   0.01091  -0.0151   0.0126   1.0000  71.9159 160.0000
  12.000   1.2352   0.02896   0.01476  -0.0081   0.0119   1.0000  72.1335 160.0000
  13.000   1.2615   0.03511   0.01956  -0.0025   0.0112   1.0000  72.3360 160.0000
  14.000   1.2679   0.04372   0.02652   0.0010   0.0107   1.0000  72.5274 160.0000
  15.000   1.2555   0.05575   0.03674   0.0002   0.0102   1.0000  72.6783 160.0000
