  
       XFOIL         Version 6.99
  
 Calculated polar for: NACA 64(2)-415 [NACA 6a series from Theory of Wi
  
 1 1 Reynolds number fixed          Mach number fixed         
  
 xtrf =   1.000 (top)        1.000 (bottom)  
 Mach =   0.000     Re =     1.000 e 6     Ncrit =   9.000  9.000
  
   alpha    CL        CD       CDp       CM     Top_Xtr  Bot_Xtr  Top_Itr  Bot_Itr
  ------ -------- --------- --------- -------- -------- -------- -------- --------
  -6.000  -0.3326   0.01016   0.00201  -0.0729   0.7595   0.0366  16.8822  96.4603
  -5.000  -0.2233   0.00927   0.00143  -0.0732   0.7318   0.0528  18.5456  98.5995
  -4.000  -0.1146   0.00773   0.00079  -0.0742   0.7061   0.2214  20.1004 110.4730
  -3.000  -0.0022   0.00633   0.00048  -0.0758   0.6813   0.4982  21.5988 127.6126
  -2.000   0.1140   0.00630   0.00050  -0.0769   0.6574   0.5457  23.0467 130.4813
  -1.000   0.2307   0.00636   0.00059  -0.0780   0.6357   0.5874  24.3699 132.9610
   0.000   0.3471   0.00642   0.00061  -0.0791   0.6158   0.6074  25.5884 134.1468
   1.000   0.4632   0.00653   0.00067  -0.0802   0.5973   0.6275  26.7206 135.3324
   2.000   0.5784   0.00670   0.00074  -0.0811   0.5778   0.6498  27.9180 136.6397
   3.000   0.6933   0.00687   0.00081  -0.0820   0.5533   0.6742  29.4300 138.0640
   4.000   0.8049   0.00717   0.00086  -0.0823   0.5124   0.7020  31.9645 139.6753
   5.000   0.9147   0.00761   0.00100  -0.0824   0.4626   0.7302  35.0814 141.3239
   6.000   0.9894   0.01055   0.00214  -0.0771   0.1984   0.7608  52.0760 143.1228
   7.000   1.0625   0.01303   0.00333  -0.0716   0.0666   0.7953  61.6471 145.1738
   8.000   1.1344   0.01481   0.00425  -0.0656   0.0344   0.8341  65.5844 147.5303
   9.000   1.1839   0.01660   0.00515  -0.0558   0.0260   0.8931  67.1057 151.2108
  10.000   1.2309   0.01892   0.00635  -0.0474   0.0206   1.0000  68.3348 160.0000
  11.000   1.2772   0.02259   0.00842  -0.0413   0.0173   1.0000  69.2111 160.0000
  12.000   1.3206   0.02703   0.01113  -0.0364   0.0155   1.0000  69.7679 160.0000
  13.000   1.3463   0.03349   0.01543  -0.0318   0.0144   1.0000  70.1097 160.0000
  14.000   1.3749   0.04047   0.02031  -0.0291   0.0137   1.0000  70.3617 160.0000
  15.000   1.3980   0.04884   0.02639  -0.0278   0.0131   1.0000  70.5984 160.0000
