  
       XFOIL         Version 6.99
  
 Calculated polar for: NACA 6-H-10 AIRFOIL                             
  
 1 1 Reynolds number fixed          Mach number fixed         
  
 xtrf =   1.000 (top)        1.000 (bottom)  
 Mach =   0.000     Re =     1.000 e 6     Ncrit =   9.000  9.000
  
   alpha    CL        CD       CDp       CM     Top_Xtr  Bot_Xtr  Top_Itr  Bot_Itr
  ------ -------- --------- --------- -------- -------- -------- -------- --------
   0.000   0.1783   0.00970   0.00191   0.0048   0.5585   0.0118  33.5260  89.3589
   1.000   0.2827   0.00854   0.00087   0.0064   0.5520   0.0200  33.9757  90.3086
   2.000   0.3508   0.00612   0.00093   0.0153   0.5473   0.9022  34.3087 151.6416
   3.000   0.4558   0.00639   0.00123   0.0170   0.5408   0.9387  34.7643 154.2065
   4.000   0.5672   0.00644   0.00107   0.0165   0.5212   0.9476  36.1361 154.8299
   5.000   0.6799   0.00649   0.00096   0.0153   0.5024   0.9515  37.4599 155.1100
   6.000   0.7923   0.00680   0.00084   0.0137   0.4494   0.9548  41.2330 155.3510
   7.000   0.8582   0.01198   0.00294   0.0155   0.0725   0.9668  68.0468 156.2818
   8.000   0.9602   0.01398   0.00385   0.0127   0.0530   0.9765  69.5153 157.1452
   9.000   1.0701   0.01719   0.00545   0.0046   0.0393   0.9856  70.7199 158.0817
  10.000   1.1531   0.02332   0.00885  -0.0037   0.0063   0.9994  75.3173 159.9061
  11.000   1.1554   0.02902   0.01201   0.0051   0.0044   1.0000  76.2384 160.0000
  12.000   1.1702   0.03542   0.01589   0.0103   0.0034   1.0000  76.8466 160.0000
  13.000   1.1791   0.04338   0.02098   0.0144   0.0029   1.0000  77.2204 160.0000
  14.000   1.1975   0.05132   0.02653   0.0165   0.0024   1.0000  77.6668 160.0000
  15.000   1.1971   0.06191   0.03448   0.0180   0.0021   1.0000  77.9220 160.0000
