  
       XFOIL         Version 6.99
  
 Calculated polar for: NACA 6-H-10 AIRFOIL                             
  
 1 1 Reynolds number fixed          Mach number fixed         
  
 xtrf =   1.000 (top)        1.000 (bottom)  
 Mach =   0.000     Re =     0.500 e 6     Ncrit =   9.000  9.000
  
   alpha    CL        CD       CDp       CM     Top_Xtr  Bot_Xtr  Top_Itr  Bot_Itr
  ------ -------- --------- --------- -------- -------- -------- -------- --------
   0.000   0.1884   0.01257   0.00366   0.0012   0.5875   0.0216  31.4926  90.4322
   1.000   0.2909   0.01095   0.00225   0.0036   0.5815   0.0340  31.9085  91.5210
   2.000   0.4379   0.01045   0.00397  -0.0016   0.5755   0.9638  32.3339 156.0271
   3.000   0.5932   0.01079   0.00410  -0.0116   0.5690   0.9727  32.7865 156.7946
   4.000   0.6868   0.01036   0.00340  -0.0086   0.5518   0.9742  33.9921 156.9254
   5.000   0.7856   0.00996   0.00292  -0.0070   0.5310   0.9756  35.4521 157.0570
   6.000   0.8955   0.00970   0.00231  -0.0080   0.4937   0.9771  38.0747 157.2036
   7.000   0.9644   0.01587   0.00485  -0.0088   0.0798   0.9835  67.5129 157.8592
   8.000   1.0509   0.01969   0.00707  -0.0122   0.0618   0.9902  68.8471 158.6156
   9.000   1.1217   0.02445   0.00996  -0.0162   0.0468   1.0000  69.9893 159.9979
  10.000   1.1093   0.02685   0.01069  -0.0002   0.0375   1.0000  70.9004 160.0000
  11.000   1.1131   0.03310   0.01365   0.0077   0.0094   1.0000  74.2907 160.0000
  12.000   1.1109   0.04124   0.01873   0.0136   0.0070   1.0000  75.0309 160.0000
  13.000   1.1281   0.04876   0.02346   0.0174   0.0059   1.0000  75.5221 160.0000
  14.000   1.1404   0.05731   0.02898   0.0211   0.0052   1.0000  75.8250 160.0000
  15.000   1.1381   0.06875   0.03714   0.0241   0.0050   1.0000  75.9262 160.0000
