  
       XFOIL         Version 6.99
  
 Calculated polar for: NACA 6-H-20 AIRFOIL                             
  
 1 1 Reynolds number fixed          Mach number fixed         
  
 xtrf =   1.000 (top)        1.000 (bottom)  
 Mach =   0.000     Re =     1.000 e 6     Ncrit =   9.000  9.000
  
   alpha    CL        CD       CDp       CM     Top_Xtr  Bot_Xtr  Top_Itr  Bot_Itr
  ------ -------- --------- --------- -------- -------- -------- -------- --------
  -6.000  -0.2329   0.01779   0.00628  -0.0270   0.5894   0.0305  26.7656  98.4444
  -5.000  -0.0650   0.01531   0.00359  -0.0390   0.5855   0.0315  27.0081  98.6691
  -4.000   0.0779   0.01403   0.00245  -0.0456   0.5836   0.0327  27.1284  98.9214
  -3.000   0.2044   0.01307   0.00198  -0.0492   0.5808   0.0348  27.3037  99.3405
  -2.000   0.3154   0.01256   0.00183  -0.0499   0.5771   0.0373  27.5320  99.8147
  -1.000   0.4210   0.01216   0.00176  -0.0496   0.5735   0.0422  27.7561 100.6783
   0.000   0.5083   0.01179   0.00205  -0.0461   0.5693   0.1861  28.0223 111.8049
   1.000   0.4649   0.00960   0.00214  -0.0171   0.5662   0.5723  28.2210 131.8138
   2.000   0.4546   0.00952   0.00294   0.0081   0.5623   0.8417  28.4709 148.5953
   3.000   0.5899   0.01114   0.00429   0.0028   0.5581   0.8612  28.7426 150.1069
   4.000   0.7514   0.01312   0.00557  -0.0082   0.5520   0.8717  29.1333 150.9023
   5.000   1.1271   0.01606   0.00742  -0.0612   0.5433   0.8900  29.7037 152.2250
   6.000   1.2258   0.01587   0.00708  -0.0612   0.5359   0.8910  30.1940 152.2956
   7.000   1.3146   0.01576   0.00674  -0.0595   0.5281   0.8921  30.7147 152.3708
   8.000   1.3735   0.01584   0.00623  -0.0525   0.5151   0.8928  31.5956 152.4196
   9.000   0.9674   0.01635  -0.00039   0.0374   0.5040   0.8805  32.3484 151.5409
  10.000   0.9534   0.02015  -0.00157   0.0518   0.4798   0.8814  33.9928 151.6123
  11.000   0.9281   0.02564  -0.00161   0.0655   0.4390   0.8826  36.7251 151.6978
  12.000   0.9047   0.03204  -0.00049   0.0769   0.3860   0.8832  40.0893 151.7437
  13.000   0.8959   0.03870   0.00166   0.0847   0.3336   0.8838  43.2074 151.7841
  14.000   0.9027   0.04522   0.00429   0.0895   0.2813   0.8843  46.3311 151.8232
  15.000   0.9135   0.05216   0.00767   0.0926   0.2340   0.8849  49.3336 151.8616
