  
       XFOIL         Version 6.99
  
 Calculated polar for: NACA 8-H-12 AIRFOIL                             
  
 1 1 Reynolds number fixed          Mach number fixed         
  
 xtrf =   1.000 (top)        1.000 (bottom)  
 Mach =   0.000     Re =     0.500 e 6     Ncrit =   9.000  9.000
  
   alpha    CL        CD       CDp       CM     Top_Xtr  Bot_Xtr  Top_Itr  Bot_Itr
  ------ -------- --------- --------- -------- -------- -------- -------- --------
  -6.000  -0.4923   0.02292   0.01291  -0.0036   0.6474   0.0237  25.6624  95.2700
  -5.000  -0.3942   0.01782   0.00738  -0.0005   0.6233   0.0269  27.1824  95.9085
  -4.000  -0.2891   0.01434   0.00444   0.0011   0.5986   0.0313  28.7304  96.6551
  -3.000  -0.1835   0.01225   0.00270   0.0029   0.5759   0.0368  30.1592  97.4702
  -2.000  -0.0765   0.01101   0.00173   0.0043   0.5539   0.0460  31.5446  98.6035
  -1.000   0.0285   0.00969   0.00118   0.0058   0.5347   0.2072  32.7600 109.6630
   0.000   0.1846   0.00771   0.00148  -0.0028   0.5160   0.9694  33.9495 156.7203
   1.000   0.3849   0.00814   0.00143  -0.0211   0.4987   1.0000  35.0567 160.0000
   2.000   0.4860   0.00828   0.00148  -0.0193   0.4854   1.0000  35.9088 160.0000
   3.000   0.5889   0.00850   0.00164  -0.0178   0.4733   1.0000  36.6865 160.0000
   4.000   0.6926   0.00888   0.00189  -0.0166   0.4623   1.0000  37.3933 160.0000
   5.000   0.7963   0.00933   0.00212  -0.0154   0.4501   1.0000  38.1800 160.0000
   6.000   0.9001   0.00955   0.00207  -0.0142   0.4271   1.0000  39.6673 160.0000
   7.000   1.0031   0.00987   0.00190  -0.0132   0.3904   1.0000  42.0680 160.0000
   8.000   1.1038   0.01068   0.00202  -0.0123   0.3227   1.0000  46.6832 160.0000
   9.000   1.1565   0.01657   0.00498  -0.0089   0.0834   1.0000  63.7613 160.0000
  10.000   1.1623   0.02257   0.00830  -0.0005   0.0363   1.0000  68.4693 160.0000
  11.000   1.1698   0.02997   0.01317   0.0039   0.0295   1.0000  69.4678 160.0000
  12.000   1.1652   0.03977   0.02026   0.0061   0.0263   1.0000  69.9813 160.0000
  13.000   1.1760   0.04868   0.02696   0.0072   0.0248   1.0000  70.2610 160.0000
  14.000   1.1919   0.05766   0.03377   0.0074   0.0230   1.0000  70.6096 160.0000
  15.000   1.2091   0.06637   0.04013   0.0081   0.0217   1.0000  70.8823 160.0000
