  
       XFOIL         Version 6.99
  
 Calculated polar for: N-9                                             
  
 1 1 Reynolds number fixed          Mach number fixed         
  
 xtrf =   1.000 (top)        1.000 (bottom)  
 Mach =   0.000     Re =     0.500 e 6     Ncrit =   9.000  9.000
  
   alpha    CL        CD       CDp       CM     Top_Xtr  Bot_Xtr  Top_Itr  Bot_Itr
  ------ -------- --------- --------- -------- -------- -------- -------- --------
  -6.000  -0.2510   0.01228   0.00408  -0.0590   0.9811   0.0323   3.3099  92.6981
  -5.000  -0.1115   0.01014   0.00238  -0.0646   0.9642   0.0471   4.8876  94.0893
  -4.000   0.0225   0.00862   0.00131  -0.0686   0.9264   0.0750   7.6795  96.2811
  -3.000   0.1330   0.00801   0.00091  -0.0676   0.8689   0.1440  11.7275 101.2602
  -2.000   0.2358   0.00646   0.00073  -0.0659   0.7871   0.5930  17.5193 131.3243
  -1.000   0.3537   0.00589   0.00071  -0.0660   0.7092   1.0000  22.8070 160.0000
   0.000   0.4596   0.00632   0.00072  -0.0645   0.6527   1.0000  26.5830 160.0000
   1.000   0.5663   0.00676   0.00074  -0.0633   0.5830   1.0000  31.2507 160.0000
   2.000   0.6674   0.00786   0.00086  -0.0615   0.4156   1.0000  42.6380 160.0000
   3.000   0.7704   0.00905   0.00126  -0.0604   0.3203   1.0000  49.0576 160.0000
   4.000   0.8671   0.01109   0.00195  -0.0587   0.1361   1.0000  61.8977 160.0000
   5.000   0.9650   0.01293   0.00308  -0.0570   0.1053   1.0000  64.0183 160.0000
   6.000   1.0656   0.01419   0.00382  -0.0560   0.0856   1.0000  65.3987 160.0000
   7.000   1.1658   0.01534   0.00419  -0.0551   0.0627   1.0000  67.1583 160.0000
   8.000   1.2467   0.01863   0.00566  -0.0513   0.0161   1.0000  72.4446 160.0000
   9.000   1.3098   0.02313   0.00836  -0.0450   0.0117   1.0000  73.2840 160.0000
  10.000   1.3498   0.02817   0.01166  -0.0363   0.0099   1.0000  73.7320 160.0000
  11.000   1.3380   0.03805   0.01853  -0.0253   0.0089   1.0000  73.9895 160.0000
  12.000   1.3394   0.04806   0.02676  -0.0224   0.0083   1.0000  74.2225 160.0000
  13.000   1.3078   0.06502   0.04155  -0.0257   0.0079   1.0000  74.3509 160.0000
  14.000   1.2477   0.09032   0.06546  -0.0370   0.0079   1.0000  74.3633 160.0000
  15.000   1.1697   0.12449   0.10200  -0.0554   0.0081   1.0000  74.2800 160.0000
