  
       XFOIL         Version 6.99
  
 Calculated polar for: NACA 0010-34 a=0.8 c(li)=0.2                    
  
 1 1 Reynolds number fixed          Mach number fixed         
  
 xtrf =   1.000 (top)        1.000 (bottom)  
 Mach =   0.000     Re =     1.000 e 6     Ncrit =   9.000  9.000
  
   alpha    CL        CD       CDp       CM     Top_Xtr  Bot_Xtr  Top_Itr  Bot_Itr
  ------ -------- --------- --------- -------- -------- -------- -------- --------
  -5.000  -0.3121   0.01264   0.00411  -0.0546   0.9550   0.0066   5.7331  85.3922
  -4.000  -0.2155   0.00985   0.00214  -0.0515   0.9403   0.0093   6.8440  85.9577
  -3.000  -0.1175   0.00774   0.00095  -0.0488   0.9243   0.0568   8.0686  89.9845
  -2.000  -0.0307   0.00497   0.00052  -0.0453   0.9041   0.6615   9.5818 133.8224
  -1.000   0.0732   0.00447   0.00051  -0.0437   0.8837   0.8091  11.1016 144.4868
   0.000   0.1807   0.00427   0.00050  -0.0429   0.8599   0.8796  12.9035 149.7189
   1.000   0.2888   0.00428   0.00053  -0.0422   0.8283   0.9389  15.2987 154.1098
   2.000   0.4028   0.00454   0.00055  -0.0428   0.7721   0.9731  19.4249 156.8265
   3.000   0.5295   0.00578   0.00063  -0.0471   0.5550   0.9883  35.1699 158.4036
   4.000   0.6433   0.00960   0.00162  -0.0508   0.0256   0.9989  74.0864 159.8386
   5.000   0.7247   0.01163   0.00245  -0.0452   0.0078   1.0000  76.0155 160.0000
   6.000   0.7970   0.01365   0.00345  -0.0377   0.0054   1.0000  76.6045 160.0000
   7.000   0.8663   0.01974   0.00707  -0.0290   0.0051   1.0000  76.6993 160.0000
