  
       XFOIL         Version 6.99
  
 Calculated polar for: NACA 64-210                                     
  
 1 1 Reynolds number fixed          Mach number fixed         
  
 xtrf =   1.000 (top)        1.000 (bottom)  
 Mach =   0.000     Re =     1.000 e 6     Ncrit =   9.000  9.000
  
   alpha    CL        CD       CDp       CM     Top_Xtr  Bot_Xtr  Top_Itr  Bot_Itr
  ------ -------- --------- --------- -------- -------- -------- -------- --------
  -6.000  -0.4723   0.01120   0.00347  -0.0429   0.9417   0.0169   6.3709  89.1595
  -5.000  -0.3715   0.00963   0.00224  -0.0412   0.8942   0.0202   9.6590  89.6887
  -4.000  -0.2656   0.00838   0.00126  -0.0404   0.8546   0.0281  12.3997  90.6560
  -3.000  -0.1564   0.00750   0.00066  -0.0402   0.8175   0.0742  14.9463  94.4595
  -2.000  -0.0501   0.00529   0.00020  -0.0408   0.7814   0.5516  17.4204 127.6830
  -1.000   0.0621   0.00508   0.00023  -0.0410   0.7461   0.6532  19.8512 134.6560
   0.000   0.1752   0.00507   0.00027  -0.0413   0.7117   0.7093  22.2276 138.4849
   1.000   0.2884   0.00516   0.00030  -0.0416   0.6746   0.7462  24.7824 141.0039
   2.000   0.3991   0.00541   0.00031  -0.0414   0.5979   0.7838  30.0879 143.5755
   3.000   0.5077   0.00596   0.00043  -0.0410   0.4808   0.8229  38.2084 146.2557
   4.000   0.5981   0.00905   0.00149  -0.0386   0.0478   0.8659  68.9905 149.2345
   5.000   0.6983   0.01009   0.00219  -0.0365   0.0240   0.9160  71.2535 152.7077
   6.000   0.7973   0.01164   0.00322  -0.0344   0.0173   1.0000  72.1843 160.0000
   7.000   0.8970   0.01366   0.00462  -0.0332   0.0149   1.0000  72.6314 160.0000
   8.000   0.9826   0.01796   0.00758  -0.0301   0.0129   1.0000  73.0245 160.0000
   9.000   1.0745   0.02086   0.01003  -0.0280   0.0114   1.0000  73.3999 160.0000
  10.000   1.1584   0.02357   0.01208  -0.0253   0.0098   1.0000  73.8157 160.0000
  11.000   1.2027   0.03165   0.01891  -0.0185   0.0085   1.0000  74.2030 160.0000
  12.000   1.2040   0.03864   0.02501  -0.0078   0.0077   1.0000  74.4965 160.0000
  13.000   1.1985   0.04657   0.03178  -0.0033   0.0071   1.0000  74.6927 160.0000
  14.000   1.1642   0.06169   0.04545  -0.0068   0.0069   1.0000  74.7897 160.0000
