  
       XFOIL         Version 6.99
  
 Calculated polar for: NACA 65-210                                     
  
 1 1 Reynolds number fixed          Mach number fixed         
  
 xtrf =   1.000 (top)        1.000 (bottom)  
 Mach =   0.000     Re =     0.500 e 6     Ncrit =   9.000  9.000
  
   alpha    CL        CD       CDp       CM     Top_Xtr  Bot_Xtr  Top_Itr  Bot_Itr
  ------ -------- --------- --------- -------- -------- -------- -------- --------
  -6.000  -0.4500   0.01852   0.00888  -0.0484   0.9676   0.0221   4.4709  89.3876
  -5.000  -0.3356   0.01438   0.00502  -0.0492   0.9396   0.0266   6.5892  89.9063
  -4.000  -0.2418   0.01097   0.00261  -0.0460   0.9061   0.0323   8.9579  90.4187
  -3.000  -0.1404   0.00944   0.00143  -0.0442   0.8751   0.0484  11.1335  91.7226
  -2.000  -0.0460   0.00647   0.00093  -0.0426   0.8461   0.6697  13.1663 135.5013
   0.000   0.1718   0.00656   0.00126  -0.0409   0.7939   0.7981  16.8053 144.4037
   1.000   0.2830   0.00663   0.00131  -0.0410   0.7690   0.8252  18.5484 146.2910
   2.000   0.3907   0.00665   0.00120  -0.0399   0.7253   0.8541  21.6139 148.3066
   3.000   0.4919   0.00684   0.00096  -0.0373   0.6230   0.8856  28.7974 150.5246
   4.000   0.5534   0.01086   0.00203  -0.0291   0.0448   0.9285  70.0581 153.5215
   5.000   0.6529   0.01267   0.00319  -0.0272   0.0283   0.9854  71.4831 158.1815
   6.000   0.7471   0.01760   0.00618  -0.0258   0.0229   1.0000  72.0092 160.0000
   7.000   0.8494   0.02177   0.00971  -0.0248   0.0208   1.0000  72.2896 160.0000
   8.000   0.9348   0.03100   0.01776  -0.0210   0.0190   1.0000  72.5311 160.0000
