  
       XFOIL         Version 6.99
  
 Calculated polar for: NACA 66(2)-215                                  
  
 1 1 Reynolds number fixed          Mach number fixed         
  
 xtrf =   1.000 (top)        1.000 (bottom)  
 Mach =   0.000     Re =     1.000 e 6     Ncrit =   9.000  9.000
  
   alpha    CL        CD       CDp       CM     Top_Xtr  Bot_Xtr  Top_Itr  Bot_Itr
  ------ -------- --------- --------- -------- -------- -------- -------- --------
  -6.000  -0.4033   0.01175   0.00248  -0.0519   0.7965   0.0270  15.5607  93.6765
  -5.000  -0.3173   0.01063   0.00192  -0.0483   0.7881   0.0318  16.0896  94.4199
  -4.000  -0.2213   0.00979   0.00156  -0.0464   0.7809   0.0404  16.5454  95.5134
  -3.000  -0.1490   0.00736   0.00095  -0.0410   0.7736   0.3946  17.0095 119.4559
  -2.000  -0.0559   0.00602   0.00104  -0.0387   0.7682   0.7081  17.3578 139.5627
  -1.000   0.0592   0.00629   0.00141  -0.0398   0.7627   0.7438  17.7058 141.8218
   0.000   0.1754   0.00658   0.00166  -0.0414   0.7577   0.7608  18.0304 142.8907
   1.000   0.2913   0.00642   0.00155  -0.0431   0.7478   0.7659  18.6616 143.2048
   2.000   0.4058   0.00629   0.00124  -0.0442   0.7275   0.7710  19.9767 143.5237
   3.000   0.5160   0.00615   0.00090  -0.0444   0.6890   0.7768  22.4840 143.8844
   4.000   0.5741   0.00806   0.00103  -0.0348   0.3925   0.7841  41.7512 144.3316
   5.000   0.5777   0.01138   0.00164  -0.0158   0.0486   0.7939  65.1810 144.9386
   6.000   0.6490   0.01265   0.00202  -0.0096   0.0320   0.8036  67.1691 145.5363
   7.000   0.7195   0.01420   0.00259  -0.0039   0.0259   0.8140  68.1102 146.1813
   8.000   0.7866   0.01607   0.00336   0.0018   0.0214   0.8262  68.9416 146.9362
   9.000   0.8544   0.01800   0.00427   0.0070   0.0190   0.8407  69.5053 147.8437
  10.000   0.9072   0.02110   0.00582   0.0135   0.0169   0.8586  69.9944 148.9721
  11.000   0.9705   0.02359   0.00726   0.0183   0.0158   0.8805  70.2998 150.3605
  12.000   1.0259   0.02678   0.00917   0.0236   0.0148   0.9120  70.5752 152.3857
  13.000   1.0940   0.03071   0.01197   0.0246   0.0141   0.9788  70.7913 157.6047
  14.000   1.1354   0.03768   0.01680   0.0287   0.0133   1.0000  71.0068 160.0000
  15.000   1.1542   0.04449   0.02219   0.0328   0.0130   1.0000  71.1329 160.0000
