  
       XFOIL         Version 6.99
  
 Calculated polar for: NACA 64-206                                     
  
 1 1 Reynolds number fixed          Mach number fixed         
  
 xtrf =   1.000 (top)        1.000 (bottom)  
 Mach =   0.000     Re =     1.000 e 6     Ncrit =   9.000  9.000
  
   alpha    CL        CD       CDp       CM     Top_Xtr  Bot_Xtr  Top_Itr  Bot_Itr
  ------ -------- --------- --------- -------- -------- -------- -------- --------
  -6.000  -0.4860   0.04178   0.03358  -0.0369   1.0000   0.0054   1.0000  84.1900
  -5.000  -0.4095   0.02830   0.02004  -0.0361   1.0000   0.0073   1.0000  84.5384
  -4.000  -0.2980   0.01297   0.00540  -0.0356   0.9961   0.0071   1.5991  84.5007
  -3.000  -0.1628   0.00789   0.00129  -0.0407   0.9856   0.0154   2.9348  85.5193
  -2.000  -0.0342   0.00638   0.00013  -0.0445   0.9590   0.0402   5.4261  87.5131
  -1.000   0.0719   0.00400  -0.00007  -0.0447   0.9109   0.7070   9.1326 136.8023
   1.000   0.2749   0.00387  -0.00000  -0.0391   0.7721   0.9339  19.4416 153.6284
   2.000   0.3823   0.00483  -0.00008  -0.0384   0.5191   1.0000  38.1641 160.0000
   3.000   0.4816   0.00796   0.00083  -0.0376   0.0225   1.0000  75.2129 160.0000
   4.000   0.5863   0.01022   0.00231  -0.0365   0.0128   1.0000  76.0797 160.0000
   5.000   0.6889   0.01338   0.00431  -0.0350   0.0053   1.0000  77.1394 160.0000
