  
       XFOIL         Version 6.99
  
 Calculated polar for: NACA 66(3)-218                                  
  
 1 1 Reynolds number fixed          Mach number fixed         
  
 xtrf =   1.000 (top)        1.000 (bottom)  
 Mach =   0.000     Re =     1.000 e 6     Ncrit =   9.000  9.000
  
   alpha    CL        CD       CDp       CM     Top_Xtr  Bot_Xtr  Top_Itr  Bot_Itr
  ------ -------- --------- --------- -------- -------- -------- -------- --------
  -6.000  -0.3220   0.01202   0.00129  -0.0649   0.7617   0.0436  17.0066  97.8984
  -5.000  -0.2960   0.00994   0.00127  -0.0512   0.7557   0.1774  17.3652 108.4410
  -4.000  -0.2772   0.00708   0.00090  -0.0358   0.7496   0.5327  17.7333 129.4440
  -3.000  -0.1768   0.00676   0.00126  -0.0347   0.7448   0.6839  18.0186 138.9681
  -2.000  -0.0619   0.00713   0.00184  -0.0360   0.7416   0.7159  18.2182 140.8931
   0.000   0.1726   0.00743   0.00223  -0.0402   0.7346   0.7366  18.6422 142.1190
   1.000   0.2903   0.00746   0.00215  -0.0426   0.7279   0.7402  19.0449 142.3286
   2.000   0.4062   0.00733   0.00203  -0.0445   0.7197   0.7436  19.5454 142.5293
   3.000   0.5210   0.00714   0.00167  -0.0461   0.7044   0.7475  20.4893 142.7583
   4.000   0.6289   0.00691   0.00110  -0.0460   0.6714   0.7512  22.5331 142.9735
   5.000   0.6847   0.00781   0.00069  -0.0357   0.5113   0.7571  32.7451 143.3109
   6.000   0.6487   0.01088   0.00080  -0.0094   0.3075   0.7651  44.9232 143.7728
   7.000   0.6520   0.01453   0.00163   0.0062   0.1177   0.7731  56.9020 144.2311
   8.000   0.6957   0.01735   0.00249   0.0144   0.0354   0.7818  64.9892 144.7258
   9.000   0.7597   0.01950   0.00322   0.0192   0.0249   0.7905  67.0387 145.2205
  10.000   0.8230   0.02187   0.00412   0.0237   0.0204   0.8007  68.1544 145.8004
  11.000   0.8831   0.02455   0.00528   0.0280   0.0179   0.8124  68.8445 146.4674
  12.000   0.9345   0.02800   0.00702   0.0326   0.0166   0.8258  69.2354 147.2392
  13.000   0.9849   0.03175   0.00907   0.0366   0.0156   0.8417  69.5539 148.1645
  14.000   1.0269   0.03629   0.01175   0.0406   0.0148   0.8619  69.8039 149.3597
  15.000   1.0557   0.04227   0.01565   0.0447   0.0141   0.8882  70.0402 150.9361
