  
       XFOIL         Version 6.99
  
 Calculated polar for: NACA 66(4)-221                                  
  
 1 1 Reynolds number fixed          Mach number fixed         
  
 xtrf =   1.000 (top)        1.000 (bottom)  
 Mach =   0.000     Re =     1.000 e 6     Ncrit =   9.000  9.000
  
   alpha    CL        CD       CDp       CM     Top_Xtr  Bot_Xtr  Top_Itr  Bot_Itr
  ------ -------- --------- --------- -------- -------- -------- -------- --------
  -6.000  -0.3300   0.01069   0.00061  -0.0624   0.7360   0.3365  17.6101 120.0341
  -5.000  -0.3798   0.00795   0.00098  -0.0345   0.7303   0.5270  17.9317 130.5308
  -4.000  -0.2979   0.00753   0.00156  -0.0301   0.7275   0.6644  18.0862 138.9302
  -3.000  -0.1831   0.00807   0.00236  -0.0315   0.7253   0.6933  18.2138 140.5912
  -2.000  -0.0656   0.00849   0.00292  -0.0337   0.7227   0.7076  18.3642 141.3981
  -1.000   0.0516   0.00871   0.00311  -0.0362   0.7201   0.7145  18.5095 141.7819
   0.000   0.1684   0.00889   0.00317  -0.0387   0.7178   0.7184  18.6446 141.9999
   1.000   0.2858   0.00870   0.00303  -0.0415   0.7139   0.7217  18.8650 142.1837
   3.000   0.5171   0.00842   0.00258  -0.0458   0.6992   0.7265  19.7162 142.4458
   4.000   0.6295   0.00815   0.00208  -0.0471   0.6857   0.7295  20.5076 142.6081
   5.000   0.7310   0.00775   0.00124  -0.0460   0.6587   0.7324  22.1136 142.7663
   6.000   0.7447   0.00833   0.00004  -0.0273   0.5566   0.7358  28.6088 142.9542
   7.000   0.6782   0.01246   0.00012   0.0019   0.4104   0.7420  36.9451 143.2869
   8.000   0.6627   0.01689   0.00113   0.0189   0.2658   0.7475  45.1046 143.5779
   9.000   0.6758   0.02102   0.00231   0.0301   0.1189   0.7530  54.3520 143.8754
  10.000   0.7133   0.02458   0.00351   0.0370   0.0396   0.7587  63.1268 144.1768
  11.000   0.7733   0.02732   0.00447   0.0406   0.0278   0.7657  65.6374 144.5451
  12.000   0.8305   0.03050   0.00574   0.0440   0.0222   0.7725  67.1091 144.9040
  13.000   0.8831   0.03413   0.00741   0.0473   0.0190   0.7816  68.0413 145.3768
  14.000   0.9358   0.03806   0.00937   0.0499   0.0174   0.7913  68.5897 145.8783
  15.000   0.9688   0.04369   0.01275   0.0532   0.0161   0.8031  69.0067 146.4960
