  
       XFOIL         Version 6.99
  
 Calculated polar for: NACA 63,3-418                                   
  
 1 1 Reynolds number fixed          Mach number fixed         
  
 xtrf =   1.000 (top)        1.000 (bottom)  
 Mach =   0.000     Re =     1.000 e 6     Ncrit =   9.000  9.000
  
   alpha    CL        CD       CDp       CM     Top_Xtr  Bot_Xtr  Top_Itr  Bot_Itr
  ------ -------- --------- --------- -------- -------- -------- -------- --------
  -6.000  -0.3538   0.00887   0.00128  -0.0683   0.6963   0.2052  19.2804 112.3325
  -5.000  -0.2440   0.00735   0.00075  -0.0695   0.6744   0.3829  20.5165 122.9368
  -4.000  -0.1271   0.00701   0.00068  -0.0709   0.6530   0.4523  21.7258 127.0078
  -3.000  -0.0091   0.00690   0.00068  -0.0722   0.6330   0.4916  22.8613 129.2630
  -1.000   0.2274   0.00694   0.00074  -0.0749   0.5949   0.5449  25.0426 132.2863
   0.000   0.3454   0.00701   0.00078  -0.0762   0.5771   0.5647  26.0682 133.3960
   1.000   0.4629   0.00712   0.00083  -0.0775   0.5594   0.5838  27.0942 134.4606
   2.000   0.5798   0.00727   0.00090  -0.0787   0.5408   0.6033  28.1725 135.5385
   3.000   0.6959   0.00747   0.00098  -0.0797   0.5217   0.6235  29.2917 136.6491
   4.000   0.8102   0.00773   0.00106  -0.0805   0.4981   0.6441  30.6770 137.7755
   5.000   0.9225   0.00808   0.00116  -0.0809   0.4685   0.6649  32.4293 138.9020
   6.000   1.0307   0.00861   0.00130  -0.0808   0.4291   0.6864  34.7911 140.0701
   7.000   1.1287   0.00961   0.00162  -0.0790   0.3569   0.7092  39.1793 141.3100
   8.000   1.1966   0.01189   0.00250  -0.0726   0.2319   0.7332  46.9291 142.6275
   9.000   1.2265   0.01452   0.00344  -0.0599   0.1410   0.7605  52.8957 144.1415
  10.000   1.2486   0.01792   0.00492  -0.0486   0.0868   0.7950  57.1145 146.0900
  12.000   1.3047   0.02676   0.00989  -0.0343   0.0444   1.0000  62.0040 160.0000
  13.000   1.3392   0.03245   0.01330  -0.0309   0.0364   1.0000  63.4018 160.0000
  14.000   1.3677   0.03929   0.01769  -0.0284   0.0307   1.0000  64.5369 160.0000
  15.000   1.3912   0.04742   0.02319  -0.0272   0.0271   1.0000  65.3761 160.0000
