  
       XFOIL         Version 6.99
  
 Calculated polar for: NACA 64A410                                     
  
 1 1 Reynolds number fixed          Mach number fixed         
  
 xtrf =   1.000 (top)        1.000 (bottom)  
 Mach =   0.000     Re =     0.500 e 6     Ncrit =   9.000  9.000
  
   alpha    CL        CD       CDp       CM     Top_Xtr  Bot_Xtr  Top_Itr  Bot_Itr
  ------ -------- --------- --------- -------- -------- -------- -------- --------
  -5.000  -0.1632   0.01420   0.00568  -0.0911   0.9385   0.0244   6.6396  90.5811
  -4.000  -0.0633   0.01115   0.00316  -0.0885   0.9155   0.0300   8.2335  91.2470
  -3.000   0.0405   0.00947   0.00183  -0.0869   0.8922   0.0459   9.8384  92.7343
  -2.000   0.1453   0.00798   0.00114  -0.0859   0.8664   0.2401  11.6187 107.2009
  -1.000   0.2473   0.00660   0.00102  -0.0844   0.8345   0.6415  13.7924 134.3279
   0.000   0.3540   0.00639   0.00097  -0.0830   0.7953   0.7430  16.5270 141.1426
   1.000   0.4608   0.00633   0.00086  -0.0817   0.7511   0.8067  19.6161 145.5226
   2.000   0.5817   0.00623   0.00079  -0.0834   0.6900   0.9947  23.7971 159.2577
   3.000   0.6831   0.00694   0.00077  -0.0816   0.5866   1.0000  30.8929 160.0000
   4.000   0.7598   0.00984   0.00151  -0.0761   0.2291   1.0000  55.5572 160.0000
   5.000   0.8509   0.01189   0.00236  -0.0734   0.0944   1.0000  65.1532 160.0000
   6.000   0.9367   0.01448   0.00367  -0.0694   0.0270   1.0000  71.2970 160.0000
   7.000   1.0106   0.01813   0.00575  -0.0635   0.0212   1.0000  72.0153 160.0000
   8.000   1.0915   0.02174   0.00815  -0.0589   0.0189   1.0000  72.3777 160.0000
   9.000   1.1755   0.02697   0.01179  -0.0553   0.0170   1.0000  72.6854 160.0000
  10.000   1.2323   0.03880   0.02019  -0.0491   0.0150   1.0000  73.0192 160.0000
  11.000   1.2345   0.04808   0.02870  -0.0361   0.0141   1.0000  73.2274 160.0000
  12.000   1.1658   0.06297   0.04231  -0.0238   0.0138   1.0000  73.2764 160.0000
  13.000   1.0691   0.08645   0.06511  -0.0275   0.0144   1.0000  73.1446 160.0000
