  
       XFOIL         Version 6.99
  
 Calculated polar for: NACA 65-209                                     
  
 1 1 Reynolds number fixed          Mach number fixed         
  
 xtrf =   1.000 (top)        1.000 (bottom)  
 Mach =   0.000     Re =     0.500 e 6     Ncrit =   9.000  9.000
  
   alpha    CL        CD       CDp       CM     Top_Xtr  Bot_Xtr  Top_Itr  Bot_Itr
  ------ -------- --------- --------- -------- -------- -------- -------- --------
  -5.000  -0.3528   0.01575   0.00659  -0.0469   0.9697   0.0230   4.3435  88.6238
  -4.000  -0.2354   0.01162   0.00314  -0.0482   0.9442   0.0279   6.3325  89.1075
  -3.000  -0.1352   0.00951   0.00160  -0.0461   0.9104   0.0378   8.7900  89.9124
  -2.000  -0.0414   0.00622   0.00080  -0.0442   0.8782   0.6575  11.0939 134.2467
  -1.000   0.0632   0.00615   0.00108  -0.0421   0.8483   0.7835  13.2332 143.1591
   0.000   0.1716   0.00619   0.00114  -0.0411   0.8195   0.8257  15.2757 146.1400
   1.000   0.2805   0.00625   0.00117  -0.0405   0.7910   0.8567  17.3045 148.3476
   2.000   0.3842   0.00627   0.00102  -0.0383   0.7336   0.8905  21.3958 150.7651
   3.000   0.4762   0.00676   0.00075  -0.0336   0.5623   0.9295  33.6380 153.5316
   4.000   0.5589   0.01103   0.00214  -0.0299   0.0320   0.9874  72.0756 158.3768
   5.000   0.6623   0.01344   0.00381  -0.0298   0.0248   1.0000  72.7281 160.0000
   6.000   0.7576   0.01885   0.00748  -0.0275   0.0209   1.0000  73.1117 160.0000
   7.000   0.8554   0.02523   0.01314  -0.0251   0.0175   1.0000  73.5325 160.0000
