  
       XFOIL         Version 6.99
  
 Calculated polar for: NACA 65(2)-215                                  
  
 1 1 Reynolds number fixed          Mach number fixed         
  
 xtrf =   1.000 (top)        1.000 (bottom)  
 Mach =   0.000     Re =     1.000 e 6     Ncrit =   9.000  9.000
  
   alpha    CL        CD       CDp       CM     Top_Xtr  Bot_Xtr  Top_Itr  Bot_Itr
  ------ -------- --------- --------- -------- -------- -------- -------- --------
  -6.000  -0.4675   0.01114   0.00238  -0.0396   0.7692   0.0278  17.0484  93.7824
  -5.000  -0.3668   0.01007   0.00174  -0.0386   0.7486   0.0354  18.3354  94.9461
  -4.000  -0.2710   0.00821   0.00099  -0.0373   0.7302   0.2077  19.4939 107.8802
  -3.000  -0.1729   0.00614   0.00050  -0.0366   0.7132   0.5647  20.5632 130.8052
  -2.000  -0.0582   0.00607   0.00062  -0.0376   0.6976   0.6267  21.5450 134.7342
  -1.000   0.0577   0.00611   0.00071  -0.0389   0.6832   0.6550  22.4585 136.5066
   0.000   0.1742   0.00614   0.00070  -0.0403   0.6695   0.6682  23.3235 137.3344
   1.000   0.2906   0.00621   0.00072  -0.0418   0.6563   0.6820  24.1571 138.1970
   2.000   0.4065   0.00629   0.00075  -0.0431   0.6408   0.6969  25.1452 139.1191
   3.000   0.5200   0.00633   0.00066  -0.0439   0.6043   0.7131  27.4844 140.1195
   4.000   0.6299   0.00663   0.00062  -0.0440   0.5392   0.7307  31.6930 141.2001
   5.000   0.7030   0.00943   0.00151  -0.0385   0.2117   0.7506  53.0213 142.4219
   6.000   0.7735   0.01192   0.00253  -0.0325   0.0371   0.7737  66.3370 143.8374
   7.000   0.8541   0.01332   0.00322  -0.0279   0.0253   0.7985  68.1330 145.3671
   8.000   0.9096   0.01505   0.00397  -0.0190   0.0209   0.8305  68.9886 147.3544
   9.000   0.9664   0.01692   0.00492  -0.0114   0.0191   0.8711  69.4130 149.9244
  10.000   1.0101   0.01934   0.00622  -0.0026   0.0176   0.9505  69.7797 155.2510
  11.000   1.0633   0.02350   0.00881   0.0012   0.0163   1.0000  70.1177 160.0000
  12.000   1.1142   0.02754   0.01136   0.0054   0.0154   1.0000  70.3779 160.0000
  13.000   1.1604   0.03227   0.01449   0.0091   0.0146   1.0000  70.6101 160.0000
  14.000   1.1995   0.03788   0.01828   0.0120   0.0138   1.0000  70.8200 160.0000
  15.000   1.2195   0.04653   0.02463   0.0148   0.0131   1.0000  71.0320 160.0000
