  
       XFOIL         Version 6.99
  
 Calculated polar for: NACA 64A210                                     
  
 1 1 Reynolds number fixed          Mach number fixed         
  
 xtrf =   1.000 (top)        1.000 (bottom)  
 Mach =   0.000     Re =     1.000 e 6     Ncrit =   9.000  9.000
  
   alpha    CL        CD       CDp       CM     Top_Xtr  Bot_Xtr  Top_Itr  Bot_Itr
  ------ -------- --------- --------- -------- -------- -------- -------- --------
  -6.000  -0.4446   0.01234   0.00433  -0.0488   0.9610   0.0154   4.9971  88.9763
  -5.000  -0.3485   0.00961   0.00234  -0.0462   0.9307   0.0189   7.1633  89.5194
  -4.000  -0.2443   0.00836   0.00134  -0.0449   0.9015   0.0242   9.2185  90.2450
  -3.000  -0.1381   0.00729   0.00073  -0.0441   0.8714   0.0939  11.3146  95.9122
  -2.000  -0.0387   0.00522   0.00030  -0.0429   0.8385   0.5474  13.5917 127.4823
  -1.000   0.0697   0.00491   0.00029  -0.0423   0.8025   0.6678  16.1029 135.7641
   0.000   0.1791   0.00486   0.00032  -0.0417   0.7634   0.7417  18.8382 140.8285
   1.000   0.2894   0.00492   0.00033  -0.0415   0.7222   0.7837  21.6970 143.7277
   2.000   0.3961   0.00509   0.00032  -0.0405   0.6469   0.8339  26.9326 147.2010
   4.000   0.6144   0.00847   0.00132  -0.0419   0.0952   1.0000  65.7095 160.0000
   5.000   0.7077   0.01011   0.00206  -0.0388   0.0209   1.0000  72.0191 160.0000
   6.000   0.8059   0.01149   0.00290  -0.0368   0.0166   1.0000  72.6958 160.0000
   7.000   0.8918   0.01454   0.00490  -0.0328   0.0145   1.0000  73.0373 160.0000
   8.000   0.9838   0.01697   0.00673  -0.0302   0.0129   1.0000  73.4075 160.0000
   9.000   1.0715   0.01979   0.00872  -0.0274   0.0109   1.0000  73.8479 160.0000
  10.000   1.1426   0.02573   0.01349  -0.0226   0.0094   1.0000  74.2671 160.0000
  11.000   1.2096   0.02921   0.01636  -0.0179   0.0080   1.0000  74.6921 160.0000
  12.000   1.1988   0.03895   0.02416  -0.0063   0.0071   1.0000  74.9885 160.0000
  13.000   1.1720   0.05057   0.03475  -0.0014   0.0067   1.0000  75.1134 160.0000
  14.000   1.0744   0.07893   0.06194  -0.0133   0.0068   1.0000  75.1065 160.0000
  15.000   0.6434   0.15829   0.13170  -0.0350   0.0110   1.0000  73.8168 160.0000
