  
       XFOIL         Version 6.99
  
 Calculated polar for: NACA 65(1)-412                                  
  
 1 1 Reynolds number fixed          Mach number fixed         
  
 xtrf =   1.000 (top)        1.000 (bottom)  
 Mach =   0.000     Re =     1.000 e 6     Ncrit =   9.000  9.000
  
   alpha    CL        CD       CDp       CM     Top_Xtr  Bot_Xtr  Top_Itr  Bot_Itr
  ------ -------- --------- --------- -------- -------- -------- -------- --------
  -5.000  -0.2034   0.01016   0.00252  -0.0788   0.8160   0.0232  14.7387  91.6780
  -4.000  -0.0972   0.00879   0.00143  -0.0786   0.7917   0.0272  16.3575  92.2573
  -3.000   0.0132   0.00802   0.00084  -0.0790   0.7689   0.0387  17.8839  93.5324
  -2.000   0.1210   0.00558   0.00032  -0.0806   0.7477   0.5697  19.3057 129.6240
  -1.000   0.2348   0.00547   0.00047  -0.0813   0.7276   0.6762  20.6579 136.6471
   0.000   0.3491   0.00558   0.00053  -0.0821   0.7088   0.7103  21.9152 138.8702
   1.000   0.4636   0.00568   0.00058  -0.0831   0.6911   0.7303  23.1060 140.1717
   2.000   0.5761   0.00578   0.00059  -0.0836   0.6608   0.7519  25.1393 141.5790
   3.000   0.6855   0.00605   0.00056  -0.0835   0.6016   0.7752  29.1329 143.1012
   4.000   0.7729   0.00804   0.00110  -0.0798   0.3276   0.8016  47.7581 144.8398
   5.000   0.8456   0.01126   0.00246  -0.0740   0.0333   0.8321  69.1178 146.8552
   6.000   0.9372   0.01261   0.00324  -0.0710   0.0206   0.8655  70.8033 149.0914
   8.000   1.0696   0.01680   0.00569  -0.0559   0.0145   1.0000  72.0049 160.0000
   9.000   1.1337   0.01955   0.00743  -0.0494   0.0139   1.0000  72.1675 160.0000
  10.000   1.1966   0.02303   0.00975  -0.0437   0.0130   1.0000  72.4141 160.0000
  11.000   1.2563   0.02674   0.01227  -0.0385   0.0119   1.0000  72.6983 160.0000
  12.000   1.3025   0.03509   0.01813  -0.0333   0.0108   1.0000  73.0052 160.0000
  13.000   1.3231   0.04098   0.02302  -0.0269   0.0103   1.0000  73.1776 160.0000
  14.000   1.3114   0.05215   0.03253  -0.0221   0.0098   1.0000  73.3675 160.0000
  15.000   1.2638   0.06950   0.04831  -0.0226   0.0094   1.0000  73.5043 160.0000
