  
       XFOIL         Version 6.99
  
 Calculated polar for: NACA 63(4)-221                                  
  
 1 1 Reynolds number fixed          Mach number fixed         
  
 xtrf =   1.000 (top)        1.000 (bottom)  
 Mach =   0.000     Re =     0.500 e 6     Ncrit =   9.000  9.000
  
   alpha    CL        CD       CDp       CM     Top_Xtr  Bot_Xtr  Top_Itr  Bot_Itr
  ------ -------- --------- --------- -------- -------- -------- -------- --------
  -6.000  -0.5337   0.01041   0.00216  -0.0286   0.6823   0.4532  19.2498 129.0348
  -5.000  -0.4194   0.01025   0.00226  -0.0294   0.6629   0.4820  20.2477 130.6242
  -4.000  -0.3029   0.01017   0.00228  -0.0306   0.6444   0.5041  21.2055 131.8292
  -3.000  -0.1856   0.01011   0.00228  -0.0319   0.6264   0.5231  22.1469 132.8569
  -2.000  -0.0678   0.01004   0.00224  -0.0333   0.6094   0.5392  23.0447 133.7154
  -1.000   0.0503   0.00999   0.00223  -0.0348   0.5927   0.5551  23.9275 134.5602
   0.000   0.1685   0.00998   0.00224  -0.0364   0.5773   0.5706  24.7542 135.3770
   1.000   0.2865   0.01006   0.00228  -0.0379   0.5619   0.5867  25.5848 136.2199
   2.000   0.4040   0.01023   0.00233  -0.0393   0.5465   0.6031  26.4165 137.0727
   3.000   0.5207   0.01045   0.00241  -0.0406   0.5311   0.6205  27.2561 137.9654
   4.000   0.6363   0.01070   0.00251  -0.0418   0.5156   0.6388  28.1076 138.8973
   5.000   0.7496   0.01093   0.00256  -0.0425   0.4968   0.6578  29.1474 139.8619
   6.000   0.8601   0.01120   0.00259  -0.0428   0.4756   0.6778  30.3296 140.8689
   7.000   0.9659   0.01156   0.00256  -0.0423   0.4494   0.6986  31.8072 141.9103
   8.000   1.0607   0.01214   0.00251  -0.0401   0.4083   0.7208  34.1547 143.0233
   9.000   1.1329   0.01323   0.00260  -0.0344   0.3516   0.7448  37.4847 144.2382
  10.000   1.1394   0.01612   0.00313  -0.0200   0.2803   0.7732  41.7408 145.7006
  11.000   1.1323   0.02145   0.00536  -0.0087   0.2099   0.8068  46.0466 147.4627
  12.000   1.1280   0.02800   0.00884  -0.0008   0.1562   0.8517  49.5816 149.9058
  13.000   1.1361   0.03540   0.01357   0.0026   0.1144   1.0000  52.7154 160.0000
  14.000   1.1425   0.04458   0.01966   0.0038   0.0809   1.0000  55.8704 160.0000
  15.000   1.1518   0.05441   0.02664   0.0036   0.0622   1.0000  58.1646 160.0000
