  
       XFOIL         Version 6.99
  
 Calculated polar for: NACA 0010                                       
  
 1 1 Reynolds number fixed          Mach number fixed         
  
 xtrf =   1.000 (top)        1.000 (bottom)  
 Mach =   0.000     Re =     1.000 e 6     Ncrit =   9.000  9.000
  
   alpha    CL        CD       CDp       CM     Top_Xtr  Bot_Xtr  Top_Itr  Bot_Itr
  ------ -------- --------- --------- -------- -------- -------- -------- --------
  -6.000  -0.6934   0.01035   0.00257   0.0053   1.0000   0.0379   1.0000  93.9636
  -5.000  -0.5969   0.00923   0.00187   0.0082   0.9993   0.0465   1.0866  94.8428
  -4.000  -0.4577   0.00778   0.00123   0.0015   0.9917   0.1430   2.0552 102.1373
  -3.000  -0.3228   0.00650   0.00082  -0.0041   0.9774   0.2986   3.4301 112.6175
  -2.000  -0.2078   0.00551   0.00058  -0.0047   0.9393   0.4627   6.2798 123.4406
  -1.000  -0.1043   0.00488   0.00042  -0.0023   0.8670   0.6249  11.0552 134.0613
   0.000  -0.0000   0.00469   0.00036   0.0000   0.7591   0.7591  18.1681 142.8320
   1.000   0.1043   0.00488   0.00042   0.0023   0.6249   0.8670  26.9388 149.9448
   2.000   0.2078   0.00551   0.00058   0.0047   0.4627   0.9393  37.5594 154.7203
   3.000   0.3228   0.00650   0.00083   0.0041   0.2986   0.9774  48.3824 157.5709
   4.000   0.4577   0.00778   0.00123  -0.0015   0.1430   0.9918  58.8620 158.9486
   5.000   0.5969   0.00923   0.00187  -0.0082   0.0465   0.9993  66.1574 159.9156
   6.000   0.6933   0.01035   0.00258  -0.0053   0.0379   1.0000  67.0363 160.0000
   7.000   0.7867   0.01134   0.00326  -0.0018   0.0336   1.0000  67.5605 160.0000
   8.000   0.8792   0.01282   0.00429   0.0016   0.0285   1.0000  68.2196 160.0000
   9.000   0.9746   0.01437   0.00529   0.0041   0.0229   1.0000  69.0532 160.0000
  10.000   1.0727   0.01569   0.00606   0.0059   0.0175   1.0000  70.0201 160.0000
  11.000   1.1652   0.01765   0.00732   0.0083   0.0132   1.0000  71.0046 160.0000
  12.000   1.2520   0.01998   0.00901   0.0111   0.0112   1.0000  71.6158 160.0000
  13.000   1.3158   0.02413   0.01211   0.0162   0.0095   1.0000  72.1468 160.0000
  14.000   1.3621   0.02820   0.01518   0.0228   0.0085   1.0000  72.5441 160.0000
  15.000   1.3663   0.03611   0.02133   0.0276   0.0078   1.0000  72.8077 160.0000
