  
       XFOIL         Version 6.99
  
 Calculated polar for: NACA 63-206                                     
  
 1 1 Reynolds number fixed          Mach number fixed         
  
 xtrf =   1.000 (top)        1.000 (bottom)  
 Mach =   0.000     Re =     1.000 e 6     Ncrit =   9.000  9.000
  
   alpha    CL        CD       CDp       CM     Top_Xtr  Bot_Xtr  Top_Itr  Bot_Itr
  ------ -------- --------- --------- -------- -------- -------- -------- --------
  -4.000  -0.3170   0.01745   0.00701  -0.0275   0.6000   0.0061  39.6785  92.8643
  -3.000  -0.2093   0.01423   0.00382  -0.0269   0.5995   0.0143  39.9962  93.8208
  -2.000  -0.0974   0.01254   0.00202  -0.0269   0.5977   0.0263  40.9115  94.7206
  -1.000   0.0128   0.00982   0.00152  -0.0280   0.5761   0.6560  45.8474 136.0801
   0.000   0.1218   0.00835  -0.00074  -0.0268   0.5683   0.8542  46.8566 149.0443
   1.000   0.2301   0.00721  -0.00355  -0.0256   0.5492   0.9299  48.4749 154.0673
   2.000   0.3434   0.00737  -0.00389  -0.0258   0.4921   1.0000  53.1057 160.0000
   3.000   0.4518   0.00859  -0.00540  -0.0259   0.0224   1.0000  84.6723 160.0000
   4.000   0.5600   0.01012  -0.00535  -0.0252   0.0136   1.0000  85.4082 160.0000
   5.000   0.6635   0.01252  -0.00498  -0.0238   0.0047   1.0000  86.5857 160.0000
