  
       XFOIL         Version 6.99
  
 Calculated polar for: NACA 63(4)-421                                  
  
 1 1 Reynolds number fixed          Mach number fixed         
  
 xtrf =   1.000 (top)        1.000 (bottom)  
 Mach =   0.000     Re =     1.000 e 6     Ncrit =   9.000  9.000
  
   alpha    CL        CD       CDp       CM     Top_Xtr  Bot_Xtr  Top_Itr  Bot_Itr
  ------ -------- --------- --------- -------- -------- -------- -------- --------
  -6.000  -0.3715   0.00803   0.00095  -0.0638   0.6457   0.3815  20.5894 125.3531
  -5.000  -0.2536   0.00772   0.00090  -0.0655   0.6286   0.4307  21.4756 128.0756
  -4.000  -0.1343   0.00758   0.00092  -0.0672   0.6121   0.4623  22.3372 129.7932
  -3.000  -0.0145   0.00755   0.00092  -0.0689   0.5955   0.4827  23.2133 130.8857
  -2.000   0.1052   0.00756   0.00093  -0.0707   0.5795   0.5015  24.0577 131.8799
  -1.000   0.2250   0.00756   0.00094  -0.0725   0.5648   0.5175  24.8471 132.7227
   0.000   0.3447   0.00760   0.00098  -0.0743   0.5500   0.5341  25.6416 133.5834
   1.000   0.4636   0.00771   0.00102  -0.0760   0.5354   0.5496  26.4301 134.3817
   2.000   0.5815   0.00788   0.00106  -0.0775   0.5182   0.5652  27.3656 135.1816
   3.000   0.6982   0.00812   0.00114  -0.0788   0.5017   0.5810  28.2682 135.9846
   4.000   0.8133   0.00838   0.00124  -0.0800   0.4851   0.5988  29.1866 136.8775
   5.000   0.9266   0.00867   0.00131  -0.0808   0.4640   0.6174  30.3749 137.8016
   6.000   1.0369   0.00907   0.00142  -0.0811   0.4439   0.6360  31.5161 138.7184
   7.000   1.1404   0.00967   0.00156  -0.0804   0.4165   0.6562  33.0684 139.7105
   8.000   1.2356   0.01043   0.00171  -0.0783   0.3783   0.6770  35.2466 140.7249
   9.000   1.2869   0.01202   0.00195  -0.0688   0.3095   0.6994  39.3437 141.8226
  11.000   1.3016   0.02038   0.00509  -0.0445   0.1749   0.7527  47.7021 144.4775
  12.000   1.3090   0.02652   0.00827  -0.0369   0.1316   0.7843  50.8096 146.0974
  13.000   1.3181   0.03357   0.01237  -0.0316   0.0984   0.8248  53.6417 148.2495
  14.000   1.3252   0.04148   0.01756  -0.0278   0.0720   0.9666  56.5241 157.1232
  15.000   1.3343   0.05092   0.02387  -0.0265   0.0521   1.0000  59.4013 160.0000
