  
       XFOIL         Version 6.99
  
 Calculated polar for: NACA 67,1-215                                   
  
 1 1 Reynolds number fixed          Mach number fixed         
  
 xtrf =   1.000 (top)        1.000 (bottom)  
 Mach =   0.000     Re =     0.500 e 6     Ncrit =   9.000  9.000
  
   alpha    CL        CD       CDp       CM     Top_Xtr  Bot_Xtr  Top_Itr  Bot_Itr
  ------ -------- --------- --------- -------- -------- -------- -------- --------
  -6.000  -0.2711   0.01495   0.00358  -0.0838   0.8918   0.0580   9.6955  98.3737
  -5.000  -0.2064   0.01404   0.00356  -0.0763   0.8866   0.1020  10.0238 101.8739
  -2.000  -0.1669   0.01345   0.00665  -0.0191   0.8554   0.8144  12.0199 146.2549
   0.000  -0.0448   0.01754   0.00974   0.0040   0.8280   0.8756  13.7795 150.0303
   1.000   0.0791   0.01711   0.00930   0.0009   0.8225   0.8790  14.1354 150.2436
   2.000   0.2700   0.01560   0.00836  -0.0155   0.8240   0.8790  14.0380 150.2402
   3.000   0.4585   0.01245   0.00590  -0.0299   0.8066   0.8788  15.1425 150.2301
   4.000   0.5320   0.01100   0.00421  -0.0216   0.7696   0.8854  17.5481 150.6335
   5.000   0.5539   0.01017   0.00199  -0.0031   0.6211   0.8944  27.4004 151.1934
   6.000   0.5180   0.01303   0.00147   0.0231   0.3449   0.9055  44.4443 151.8944
   7.000   0.5451   0.01589   0.00172   0.0356   0.0918   0.9127  60.6532 152.3651
   8.000   0.6122   0.01770   0.00208   0.0411   0.0516   0.9194  64.1541 152.8096
   9.000   0.6808   0.01938   0.00255   0.0462   0.0412   0.9267  65.3645 153.3116
  10.000   0.7469   0.02139   0.00316   0.0512   0.0322   0.9356  66.6226 153.9493
  11.000   0.8046   0.02394   0.00414   0.0570   0.0255   0.9471  67.7905 154.8293
  12.000   0.8660   0.02711   0.00581   0.0613   0.0221   0.9624  68.5232 156.0989
  13.000   0.9511   0.03198   0.00906   0.0596   0.0200   0.9747  69.0001 157.2256
  14.000   1.0273   0.03834   0.01452   0.0569   0.0190   0.9906  69.2465 158.8275
  15.000   1.0361   0.04677   0.02141   0.0622   0.0183   1.0000  69.4519 160.0000
