  
       XFOIL         Version 6.99
  
 Calculated polar for: NACA M2                                         
  
 1 1 Reynolds number fixed          Mach number fixed         
  
 xtrf =   1.000 (top)        1.000 (bottom)  
 Mach =   0.000     Re =     1.000 e 6     Ncrit =   9.000  9.000
  
   alpha    CL        CD       CDp       CM     Top_Xtr  Bot_Xtr  Top_Itr  Bot_Itr
  ------ -------- --------- --------- -------- -------- -------- -------- --------
  -6.000  -0.6621   0.01156   0.00374   0.0001   1.0000   0.0271   1.0000  90.8596
  -5.000  -0.5632   0.00993   0.00256   0.0023   1.0000   0.0321   1.0000  91.3527
  -4.000  -0.4664   0.00882   0.00176   0.0051   1.0000   0.0371   1.0000  91.8207
  -3.000  -0.3556   0.00803   0.00124   0.0049   0.9975   0.0421   1.3493  92.2653
  -2.000  -0.2180   0.00641   0.00072  -0.0017   0.9881   0.2584   2.4907 107.7261
  -1.000  -0.0970   0.00465   0.00049  -0.0044   0.9527   0.6463   5.5548 134.3007
   0.000  -0.0000   0.00413   0.00046   0.0000   0.8493   0.8493  12.7790 148.2196
   1.000   0.0970   0.00465   0.00049   0.0044   0.6463   0.9527  26.6997 155.4452
   2.000   0.2180   0.00641   0.00072   0.0017   0.2584   0.9882  53.2741 158.5103
   3.000   0.3556   0.00803   0.00124  -0.0049   0.0421   0.9975  68.7347 159.6528
   4.000   0.4663   0.00882   0.00176  -0.0051   0.0371   1.0000  69.1791 160.0000
   5.000   0.5631   0.00993   0.00256  -0.0022   0.0321   1.0000  69.6472 160.0000
   6.000   0.6621   0.01156   0.00374  -0.0001   0.0271   1.0000  70.1404 160.0000
   7.000   0.7653   0.01284   0.00451   0.0010   0.0194   1.0000  71.0138 160.0000
   8.000   0.8718   0.01354   0.00474   0.0016   0.0132   1.0000  72.0131 160.0000
   9.000   0.9726   0.01531   0.00592   0.0028   0.0100   1.0000  72.8211 160.0000
  10.000   1.0640   0.01859   0.00858   0.0052   0.0080   1.0000  73.4589 160.0000
  11.000   1.1351   0.02453   0.01354   0.0093   0.0065   1.0000  73.9819 160.0000
  12.000   1.1871   0.03154   0.01999   0.0144   0.0060   1.0000  74.2032 160.0000
  13.000   1.1608   0.04341   0.03085   0.0219   0.0058   1.0000  74.3357 160.0000
  14.000   0.7464   0.16709   0.16479  -0.0446   0.0102   1.0000  72.7708 160.0000
  15.000   0.7633   0.18334   0.18523  -0.0514   0.0092   1.0000  73.0085 160.0000
