  
       XFOIL         Version 6.99
  
 Calculated polar for: NACA M2                                         
  
 1 1 Reynolds number fixed          Mach number fixed         
  
 xtrf =   1.000 (top)        1.000 (bottom)  
 Mach =   0.000     Re =     0.500 e 6     Ncrit =   9.000  9.000
  
   alpha    CL        CD       CDp       CM     Top_Xtr  Bot_Xtr  Top_Itr  Bot_Itr
  ------ -------- --------- --------- -------- -------- -------- -------- --------
  -6.000  -0.6536   0.01482   0.00534  -0.0019   1.0000   0.0342   1.0000  91.5558
  -5.000  -0.5562   0.01232   0.00336   0.0006   1.0000   0.0412   1.0000  92.1911
  -4.000  -0.4603   0.01055   0.00210   0.0035   1.0000   0.0488   1.0000  92.8297
  -3.000  -0.3639   0.00943   0.00139   0.0065   1.0000   0.0629   1.0000  93.9500
  -2.000  -0.2702   0.00685   0.00103   0.0084   1.0000   0.5244   1.0000 125.9673
  -1.000  -0.1406   0.00570   0.00121   0.0043   0.9894   0.8222   2.3560 146.3244
   0.000   0.0000   0.00545   0.00136  -0.0000   0.9553   0.9553   5.3631 155.6369
   1.000   0.1406   0.00570   0.00121  -0.0043   0.8222   0.9894  14.6752 158.6465
   2.000   0.2702   0.00684   0.00103  -0.0084   0.5245   1.0000  35.0282 160.0000
   3.000   0.3638   0.00943   0.00139  -0.0065   0.0629   1.0000  67.0493 160.0000
   4.000   0.4602   0.01055   0.00210  -0.0035   0.0488   1.0000  68.1701 160.0000
   5.000   0.5562   0.01232   0.00336  -0.0006   0.0412   1.0000  68.8087 160.0000
   6.000   0.6536   0.01482   0.00534   0.0019   0.0342   1.0000  69.4443 160.0000
   7.000   0.7511   0.01795   0.00780   0.0039   0.0247   1.0000  70.4117 160.0000
   8.000   0.8441   0.02202   0.01100   0.0062   0.0181   1.0000  71.2192 160.0000
   9.000   0.9348   0.02508   0.01347   0.0084   0.0141   1.0000  71.8690 160.0000
  10.000   0.9296   0.04529   0.03298   0.0165   0.0126   1.0000  72.1624 160.0000
  11.000   0.7316   0.10914   0.09749  -0.0171   0.0184   1.0000  71.1820 160.0000
  12.000   0.5935   0.12959   0.10293  -0.0140   0.0221   1.0000  70.7072 160.0000
  13.000   0.5947   0.14229   0.11331  -0.0164   0.0204   1.0000  70.9020 160.0000
  14.000   0.5771   0.15893   0.12849  -0.0207   0.0194   1.0000  71.0123 160.0000
  15.000   0.5718   0.16920   0.14316  -0.0248   0.0192   1.0000  71.0525 160.0000
