  
       XFOIL         Version 6.99
  
 Calculated polar for: NACA 64(1)-112                                  
  
 1 1 Reynolds number fixed          Mach number fixed         
  
 xtrf =   1.000 (top)        1.000 (bottom)  
 Mach =   0.000     Re =     0.500 e 6     Ncrit =   9.000  9.000
  
   alpha    CL        CD       CDp       CM     Top_Xtr  Bot_Xtr  Top_Itr  Bot_Itr
  ------ -------- --------- --------- -------- -------- -------- -------- --------
   0.000   0.0862   0.00714   0.00114  -0.0201   0.7116   0.7105  21.4309 139.3654
   1.000   0.1998   0.00721   0.00119  -0.0205   0.6848   0.7405  23.1915 141.3168
   2.000   0.3126   0.00731   0.00126  -0.0206   0.6551   0.7722  25.1497 143.3761
   3.000   0.4218   0.00739   0.00110  -0.0198   0.5850   0.8064  29.7944 145.6161
   4.000   0.5294   0.00776   0.00113  -0.0190   0.4975   0.8423  35.6251 147.9813
   5.000   0.6058   0.01144   0.00240  -0.0144   0.0612   0.8841  65.6033 150.7558
   6.000   0.6893   0.01318   0.00346  -0.0093   0.0349   0.9384  68.0792 154.4174
   7.000   0.7913   0.01602   0.00528  -0.0095   0.0268   1.0000  69.0974 160.0000
   8.000   0.8817   0.01888   0.00727  -0.0074   0.0231   1.0000  69.6669 160.0000
   9.000   0.9682   0.02560   0.01176  -0.0053   0.0210   1.0000  70.0038 160.0000
  10.000   1.0428   0.03061   0.01639  -0.0015   0.0194   1.0000  70.3195 160.0000
  11.000   1.0646   0.04146   0.02598   0.0066   0.0188   1.0000  70.4525 160.0000
  12.000   0.9971   0.05523   0.03842   0.0165   0.0188   1.0000  70.4528 160.0000
  13.000   0.8882   0.08039   0.06277   0.0074   0.0198   1.0000  70.2356 160.0000
