  
       XFOIL         Version 6.99
  
 Calculated polar for: NACA 0012-64 a=0.8 c(li)=0.2                    
  
 1 1 Reynolds number fixed          Mach number fixed         
  
 xtrf =   1.000 (top)        1.000 (bottom)  
 Mach =   0.000     Re =     1.000 e 6     Ncrit =   9.000  9.000
  
   alpha    CL        CD       CDp       CM     Top_Xtr  Bot_Xtr  Top_Itr  Bot_Itr
  ------ -------- --------- --------- -------- -------- -------- -------- --------
  -2.000   0.0123   0.00842   0.00158  -0.0386   0.8796   0.0205  10.7466  89.6256
  -1.000   0.1169   0.00770   0.00101  -0.0372   0.8582   0.0344  12.2569  91.0600
   0.000   0.2169   0.00672   0.00067  -0.0352   0.8301   0.2699  14.2350 109.1191
   1.000   0.2893   0.00484   0.00041  -0.0272   0.7775   0.8057  17.8512 144.9343
   2.000   0.4000   0.00545   0.00103  -0.0265   0.6983   0.9623  23.1646 156.0013
   3.000   0.5259   0.00700   0.00155  -0.0306   0.4972   0.9748  36.7162 157.0650
   4.000   0.6685   0.00956   0.00244  -0.0399   0.1904   0.9862  57.3130 158.2095
   5.000   0.8028   0.01112   0.00300  -0.0470   0.0651   0.9943  66.1841 159.1668
   6.000   0.9356   0.01236   0.00358  -0.0534   0.0381   1.0000  68.4966 160.0000
   7.000   1.0167   0.01363   0.00427  -0.0481   0.0362   1.0000  68.6853 160.0000
   8.000   1.0823   0.01573   0.00549  -0.0400   0.0331   1.0000  68.9863 160.0000
   9.000   1.1579   0.01656   0.00591  -0.0341   0.0308   1.0000  69.2324 160.0000
  10.000   1.2220   0.01769   0.00627  -0.0262   0.0257   1.0000  69.8033 160.0000
  11.000   1.2753   0.01814   0.00574  -0.0161   0.0140   1.0000  71.4574 160.0000
  12.000   1.2926   0.02094   0.00701  -0.0004   0.0067   1.0000  73.4674 160.0000
  13.000   1.3109   0.02463   0.00897   0.0130   0.0051   1.0000  74.1832 160.0000
  14.000   1.3308   0.02931   0.01186   0.0232   0.0042   1.0000  74.6547 160.0000
  15.000   1.3095   0.03875   0.01856   0.0325   0.0037   1.0000  75.0022 160.0000
