  
       XFOIL         Version 6.99
  
 Calculated polar for: NACA 4412                                       
  
 1 1 Reynolds number fixed          Mach number fixed         
  
 xtrf =   1.000 (top)        1.000 (bottom)  
 Mach =   0.000     Re =     0.500 e 6     Ncrit =   9.000  9.000
  
   alpha    CL        CD       CDp       CM     Top_Xtr  Bot_Xtr  Top_Itr  Bot_Itr
  ------ -------- --------- --------- -------- -------- -------- -------- --------
  -6.000  -0.1754   0.01227   0.00403  -0.1083   0.9305   0.0511   6.7962 100.3998
  -5.000  -0.0666   0.01080   0.00285  -0.1072   0.9038   0.0614   8.4868 101.5571
  -4.000   0.0434   0.00972   0.00201  -0.1063   0.8715   0.0897  10.5313 104.0398
  -3.000   0.1540   0.00897   0.00148  -0.1056   0.8334   0.1354  12.9392 107.1906
  -2.000   0.2640   0.00843   0.00122  -0.1049   0.7885   0.2299  15.7402 113.0726
  -1.000   0.3733   0.00806   0.00106  -0.1042   0.7395   0.3503  18.7573 120.1836
   0.000   0.4738   0.00702   0.00113  -0.1018   0.6884   0.7754  21.8930 145.2329
   1.000   0.5981   0.00706   0.00116  -0.1035   0.6357   1.0000  25.1340 160.0000
   2.000   0.7021   0.00759   0.00120  -0.1018   0.5872   1.0000  28.1282 160.0000
   3.000   0.8074   0.00819   0.00132  -0.1004   0.5443   1.0000  30.7687 160.0000
   4.000   0.9125   0.00886   0.00150  -0.0991   0.5068   1.0000  33.0717 160.0000
   5.000   1.0157   0.00955   0.00167  -0.0975   0.4617   1.0000  35.8457 160.0000
   6.000   1.1155   0.01039   0.00185  -0.0955   0.4066   1.0000  39.2718 160.0000
   7.000   1.2104   0.01152   0.00216  -0.0927   0.3411   1.0000  43.4300 160.0000
   8.000   1.2893   0.01362   0.00289  -0.0876   0.2319   1.0000  50.5566 160.0000
   9.000   1.3391   0.01712   0.00447  -0.0781   0.1078   1.0000  59.1743 160.0000
  10.000   1.3852   0.02058   0.00629  -0.0688   0.0648   1.0000  62.7810 160.0000
  11.000   1.4266   0.02462   0.00867  -0.0605   0.0527   1.0000  64.0490 160.0000
  12.000   1.4624   0.02963   0.01184  -0.0535   0.0456   1.0000  64.9032 160.0000
  13.000   1.4943   0.03567   0.01588  -0.0484   0.0400   1.0000  65.6577 160.0000
  14.000   1.5089   0.04415   0.02185  -0.0444   0.0349   1.0000  66.4310 160.0000
  15.000   1.5121   0.05492   0.02979  -0.0425   0.0305   1.0000  67.1842 160.0000
