  
       XFOIL         Version 6.99
  
 Calculated polar for: NACA 23015                                      
  
 1 1 Reynolds number fixed          Mach number fixed         
  
 xtrf =   1.000 (top)        1.000 (bottom)  
 Mach =   0.000     Re =     1.000 e 6     Ncrit =   9.000  9.000
  
   alpha    CL        CD       CDp       CM     Top_Xtr  Bot_Xtr  Top_Itr  Bot_Itr
  ------ -------- --------- --------- -------- -------- -------- -------- --------
  -6.000  -0.4956   0.01059   0.00284  -0.0174   0.9249   0.0536   6.6406 103.1168
  -5.000  -0.3929   0.00979   0.00219  -0.0148   0.8670   0.0594   9.8829 103.9428
  -4.000  -0.2878   0.00923   0.00164  -0.0127   0.7901   0.0685  14.0297 105.0660
  -3.000  -0.1880   0.00800   0.00100  -0.0102   0.7093   0.2193  18.3239 115.8219
  -2.000  -0.0885   0.00683   0.00070  -0.0078   0.6339   0.4761  22.3418 130.2692
  -1.000   0.0175   0.00656   0.00067  -0.0062   0.5509   0.6109  26.8039 137.5027
   0.000   0.1253   0.00660   0.00073  -0.0050   0.4721   0.7119  31.0655 142.8812
   1.000   0.2334   0.00679   0.00087  -0.0037   0.3990   0.7964  35.0653 147.3703
   2.000   0.3419   0.00719   0.00108  -0.0026   0.3298   0.8584  38.9081 150.6804
   3.000   0.4491   0.00774   0.00136  -0.0012   0.2707   0.9107  42.2799 153.5537
   4.000   0.5547   0.00838   0.00170   0.0005   0.2331   0.9512  44.5105 155.9642
   5.000   0.6708   0.00917   0.00212  -0.0003   0.2085   0.9757  46.0035 157.7204
   6.000   0.8087   0.00993   0.00253  -0.0062   0.1911   0.9858  47.0960 158.5535
   7.000   0.9472   0.01069   0.00290  -0.0125   0.1745   0.9935  48.1788 159.2847
   8.000   1.0852   0.01148   0.00327  -0.0190   0.1584   0.9997  49.2926 159.9630
   9.000   1.1661   0.01222   0.00349  -0.0136   0.1441   1.0000  50.3422 160.0000
  10.000   1.2414   0.01315   0.00377  -0.0072   0.1270   1.0000  51.6879 160.0000
  11.000   1.3159   0.01449   0.00426  -0.0012   0.1034   1.0000  53.7600 160.0000
  12.000   1.3841   0.01641   0.00513   0.0049   0.0806   1.0000  56.0886 160.0000
  13.000   1.4387   0.01886   0.00632   0.0123   0.0657   1.0000  57.9150 160.0000
  14.000   1.4892   0.02206   0.00801   0.0182   0.0568   1.0000  59.1654 160.0000
  15.000   1.5254   0.02691   0.01081   0.0228   0.0509   1.0000  60.0773 160.0000
