  
       XFOIL         Version 6.99
  
 Calculated polar for: NACA 63(2)A-015                                 
  
 1 1 Reynolds number fixed          Mach number fixed         
  
 xtrf =   1.000 (top)        1.000 (bottom)  
 Mach =   0.000     Re =     0.500 e 6     Ncrit =   9.000  9.000
  
   alpha    CL        CD       CDp       CM     Top_Xtr  Bot_Xtr  Top_Itr  Bot_Itr
  ------ -------- --------- --------- -------- -------- -------- -------- --------
  -6.000  -0.3958   0.01404   0.00356  -0.0383   0.8622   0.0256  10.5686  95.5547
  -5.000  -0.3185   0.01273   0.00283  -0.0318   0.8105   0.0357  13.6085  97.5658
  -4.000  -0.2337   0.01172   0.00222  -0.0266   0.7726   0.0505  15.8338  99.6658
  -3.000  -0.1427   0.01083   0.00167  -0.0226   0.7400   0.0686  17.7536 101.4985
  -2.000  -0.0857   0.00791   0.00099  -0.0126   0.7099   0.5808  19.5329 133.9722
  -1.000   0.0138   0.00779   0.00111  -0.0096   0.6802   0.6674  21.3096 139.1915
   0.000   0.1140   0.00781   0.00115  -0.0066   0.6381   0.7250  23.8388 142.5793
   1.000   0.2197   0.00785   0.00114  -0.0052   0.6052   0.7577  25.8139 144.4939
   2.000   0.3245   0.00793   0.00112  -0.0037   0.5705   0.7899  27.9231 146.3626
   3.000   0.4276   0.00804   0.00112  -0.0019   0.5315   0.8259  30.3186 148.4527
   4.000   0.5276   0.00828   0.00116   0.0005   0.4841   0.8709  33.2203 151.0769
   5.000   0.6333   0.00893   0.00132   0.0014   0.3981   0.9265  38.5818 154.3535
   6.000   0.7624   0.01073   0.00198  -0.0040   0.2757   0.9646  46.3058 156.7986
   7.000   0.9011   0.01222   0.00268  -0.0116   0.2257   0.9855  49.4901 158.4371
   8.000   1.0367   0.01354   0.00335  -0.0188   0.1927   1.0000  51.6371 160.0000
   9.000   1.0814   0.01452   0.00358  -0.0071   0.1684   1.0000  53.2796 160.0000
  10.000   1.1199   0.01577   0.00374   0.0054   0.1402   1.0000  55.2973 160.0000
  11.000   1.1566   0.01796   0.00435   0.0162   0.1027   1.0000  58.2613 160.0000
  12.000   1.1865   0.02161   0.00601   0.0248   0.0740   1.0000  60.8373 160.0000
  13.000   1.2180   0.02629   0.00857   0.0304   0.0593   1.0000  62.4067 160.0000
  14.000   1.2376   0.03282   0.01263   0.0341   0.0494   1.0000  63.6361 160.0000
  15.000   1.2427   0.04163   0.01869   0.0359   0.0428   1.0000  64.5468 160.0000
