  
       XFOIL         Version 6.99
  
 Calculated polar for: NACA 0010-64                                    
  
 1 1 Reynolds number fixed          Mach number fixed         
  
 xtrf =   1.000 (top)        1.000 (bottom)  
 Mach =   0.000     Re =     0.500 e 6     Ncrit =   9.000  9.000
  
   alpha    CL        CD       CDp       CM     Top_Xtr  Bot_Xtr  Top_Itr  Bot_Itr
  ------ -------- --------- --------- -------- -------- -------- -------- --------
  -6.000  -0.7221   0.01507   0.00521   0.0131   1.0000   0.0417   1.0000  93.9404
  -5.000  -0.6118   0.01271   0.00365   0.0120   0.9950   0.0486   1.6624  94.5781
  -4.000  -0.4783   0.01126   0.00272   0.0064   0.9858   0.0615   2.6732  95.6763
  -3.000  -0.3513   0.00895   0.00201   0.0013   0.9749   0.3275   3.6951 113.8380
  -2.000  -0.2309   0.00681   0.00185  -0.0015   0.9621   0.7465   4.7379 141.7108
  -1.000  -0.1075   0.00645   0.00195  -0.0030   0.9462   0.8577   5.8868 149.1566
   0.000  -0.0000   0.00650   0.00218   0.0000   0.9190   0.9190   7.7024 153.2980
   1.000   0.1075   0.00645   0.00195   0.0030   0.8577   0.9463  11.8434 155.1143
   2.000   0.2309   0.00681   0.00185   0.0015   0.7465   0.9621  19.2889 156.2627
   3.000   0.3513   0.00895   0.00201  -0.0013   0.3275   0.9749  47.1621 157.3062
   4.000   0.4783   0.01126   0.00272  -0.0064   0.0615   0.9858  65.3239 158.3289
   5.000   0.6118   0.01271   0.00366  -0.0120   0.0486   0.9950  66.4221 159.3407
   6.000   0.7219   0.01507   0.00521  -0.0131   0.0417   1.0000  67.0594 160.0000
   7.000   0.7987   0.01671   0.00654  -0.0070   0.0367   1.0000  67.5895 160.0000
   8.000   0.8688   0.01969   0.00875   0.0002   0.0308   1.0000  68.2664 160.0000
   9.000   0.9334   0.02325   0.01125   0.0077   0.0249   1.0000  69.0353 160.0000
  10.000   1.0038   0.02467   0.01253   0.0144   0.0206   1.0000  69.7203 160.0000
  11.000   1.0553   0.02984   0.01672   0.0222   0.0174   1.0000  70.2897 160.0000
  12.000   1.1081   0.03272   0.01877   0.0290   0.0150   1.0000  70.7936 160.0000
  13.000   1.0605   0.04472   0.02909   0.0405   0.0140   1.0000  71.0221 160.0000
  14.000   0.9033   0.08940   0.07367   0.0141   0.0150   1.0000  70.8061 160.0000
