  
       XFOIL         Version 6.99
  
 Calculated polar for: NACA 63(3)-618                                  
  
 1 1 Reynolds number fixed          Mach number fixed         
  
 xtrf =   1.000 (top)        1.000 (bottom)  
 Mach =   0.000     Re =     1.000 e 6     Ncrit =   9.000  9.000
  
   alpha    CL        CD       CDp       CM     Top_Xtr  Bot_Xtr  Top_Itr  Bot_Itr
  ------ -------- --------- --------- -------- -------- -------- -------- --------
  -6.000  -0.1893   0.00934   0.00144  -0.1038   0.6959   0.1223  19.1284 107.8320
  -5.000  -0.0748   0.00780   0.00085  -0.1062   0.6749   0.2887  20.2865 117.9173
  -4.000   0.0440   0.00704   0.00068  -0.1085   0.6547   0.4262  21.4062 125.8235
  -3.000   0.1632   0.00693   0.00071  -0.1102   0.6348   0.4787  22.5176 128.7618
  -2.000   0.2820   0.00695   0.00076  -0.1117   0.6157   0.5129  23.5891 130.6343
  -1.000   0.4005   0.00707   0.00081  -0.1131   0.5975   0.5377  24.6184 131.9811
   0.000   0.5183   0.00718   0.00086  -0.1144   0.5795   0.5589  25.6374 133.1180
   1.000   0.6354   0.00734   0.00094  -0.1157   0.5620   0.5787  26.6320 134.1753
   2.000   0.7515   0.00755   0.00102  -0.1168   0.5438   0.5983  27.6787 135.2074
   3.000   0.8666   0.00780   0.00113  -0.1178   0.5260   0.6183  28.6989 136.2524
   4.000   0.9794   0.00814   0.00124  -0.1184   0.5053   0.6400  29.8942 137.3838
   5.000   1.0908   0.00849   0.00136  -0.1188   0.4812   0.6622  31.3002 138.5354
   6.000   1.1975   0.00902   0.00150  -0.1184   0.4475   0.6862  33.2846 139.7876
   7.000   1.2957   0.00987   0.00173  -0.1167   0.3962   0.7110  36.3437 141.0981
   8.000   1.3666   0.01171   0.00236  -0.1104   0.3007   0.7381  42.1873 142.5480
   9.000   1.3854   0.01472   0.00352  -0.0959   0.1974   0.7689  48.6645 144.2246
  10.000   1.4018   0.01875   0.00544  -0.0839   0.1292   0.8063  53.3393 146.3057
  11.000   1.4163   0.02403   0.00837  -0.0746   0.0811   0.8591  57.3835 149.3820
  12.000   1.4241   0.03041   0.01228  -0.0667   0.0495   1.0000  61.2489 160.0000
  13.000   1.4482   0.03761   0.01686  -0.0631   0.0367   1.0000  63.4731 160.0000
  14.000   1.4743   0.04548   0.02208  -0.0609   0.0311   1.0000  64.6338 160.0000
  15.000   1.4977   0.05440   0.02825  -0.0601   0.0275   1.0000  65.4687 160.0000
