  
       XFOIL         Version 6.99
  
 Calculated polar for: NACA 65(4)-221                                  
  
 1 1 Reynolds number fixed          Mach number fixed         
  
 xtrf =   1.000 (top)        1.000 (bottom)  
 Mach =   0.000     Re =     1.000 e 6     Ncrit =   9.000  9.000
  
   alpha    CL        CD       CDp       CM     Top_Xtr  Bot_Xtr  Top_Itr  Bot_Itr
  ------ -------- --------- --------- -------- -------- -------- -------- --------
  -6.000  -0.4953   0.00936   0.00117  -0.0322   0.6712   0.3048  20.8883 118.3521
  -5.000  -0.4158   0.00747   0.00081  -0.0284   0.6602   0.5136  21.4977 130.7614
  -4.000  -0.3017   0.00739   0.00094  -0.0298   0.6494   0.5557  22.1017 133.2385
  -3.000  -0.1848   0.00754   0.00122  -0.0315   0.6399   0.5856  22.6362 134.9535
  -2.000  -0.0671   0.00752   0.00126  -0.0335   0.6309   0.5972  23.1434 135.5987
  -1.000   0.0517   0.00753   0.00121  -0.0358   0.6223   0.6042  23.6284 135.9907
   0.000   0.1695   0.00753   0.00121  -0.0379   0.6140   0.6129  24.0990 136.4758
   1.000   0.2880   0.00757   0.00122  -0.0401   0.6063   0.6208  24.5379 136.9117
   2.000   0.4056   0.00770   0.00126  -0.0422   0.5977   0.6297  25.0284 137.4008
   3.000   0.5228   0.00778   0.00131  -0.0443   0.5902   0.6385  25.4590 137.8836
   4.000   0.6373   0.00782   0.00122  -0.0457   0.5758   0.6483  26.2919 138.4162
   5.000   0.7476   0.00789   0.00099  -0.0463   0.5500   0.6584  27.8086 138.9656
   6.000   0.8513   0.00813   0.00084  -0.0457   0.5094   0.6705  30.2513 139.6198
   7.000   0.9020   0.00966   0.00085  -0.0357   0.3810   0.6837  38.1112 140.3271
   8.000   0.8685   0.01357   0.00153  -0.0135   0.2289   0.6992  47.1957 141.1522
   9.000   0.8577   0.01864   0.00341   0.0004   0.1150   0.7168  54.7044 142.0784
  10.000   0.8599   0.02426   0.00610   0.0101   0.0384   0.7375  63.2463 143.1615
  11.000   0.9012   0.02842   0.00824   0.0148   0.0287   0.7602  65.2300 144.3399
  12.000   0.9444   0.03286   0.01067   0.0184   0.0249   0.7875  66.1650 145.7663
  13.000   0.9870   0.03767   0.01347   0.0213   0.0226   0.8193  66.7631 147.4734
  14.000   1.0207   0.04343   0.01706   0.0241   0.0211   0.8617  67.1740 149.8459
  15.000   1.0747   0.04987   0.02199   0.0216   0.0198   0.9711  67.5565 157.2051
