  
       XFOIL         Version 6.99
  
 Calculated polar for: NACA 64(2)-215                                  
  
 1 1 Reynolds number fixed          Mach number fixed         
  
 xtrf =   1.000 (top)        1.000 (bottom)  
 Mach =   0.000     Re =     0.500 e 6     Ncrit =   9.000  9.000
  
   alpha    CL        CD       CDp       CM     Top_Xtr  Bot_Xtr  Top_Itr  Bot_Itr
  ------ -------- --------- --------- -------- -------- -------- -------- --------
  -6.000  -0.4791   0.01244   0.00285  -0.0389   0.8107   0.0560  14.1199  98.4530
  -5.000  -0.3881   0.00995   0.00167  -0.0371   0.7800   0.2284  15.9455 110.5713
  -4.000  -0.2878   0.00814   0.00129  -0.0365   0.7510   0.5145  17.6799 128.5818
  -3.000  -0.1741   0.00809   0.00135  -0.0369   0.7247   0.5661  19.2656 131.7395
  -2.000  -0.0603   0.00820   0.00157  -0.0371   0.6990   0.6125  20.8204 134.5517
  -1.000   0.0553   0.00820   0.00151  -0.0380   0.6760   0.6330  22.2148 135.7812
   0.000   0.1712   0.00821   0.00149  -0.0391   0.6547   0.6517  23.5084 136.9066
   1.000   0.2867   0.00828   0.00154  -0.0400   0.6356   0.6729  24.6765 138.1688
   2.000   0.4017   0.00842   0.00164  -0.0408   0.6167   0.6961  25.8305 139.5495
   3.000   0.5160   0.00859   0.00173  -0.0415   0.5946   0.7226  27.1886 141.1172
   4.000   0.6261   0.00866   0.00156  -0.0411   0.5496   0.7508  29.9677 142.7905
   5.000   0.7349   0.00891   0.00159  -0.0407   0.5008   0.7802  33.0153 144.5402
   6.000   0.8178   0.01098   0.00217  -0.0366   0.2674   0.8135  47.9495 146.5471
   7.000   0.8764   0.01447   0.00378  -0.0294   0.0635   0.8522  62.1006 148.9190
   8.000   0.9362   0.01639   0.00479  -0.0212   0.0414   0.9038  64.6295 152.1478
   9.000   0.9837   0.01897   0.00608  -0.0129   0.0329   1.0000  65.8682 160.0000
  10.000   1.0315   0.02265   0.00823  -0.0074   0.0279   1.0000  66.7655 160.0000
  11.000   1.0707   0.02759   0.01136  -0.0022   0.0249   1.0000  67.3499 160.0000
  12.000   1.1164   0.03261   0.01465   0.0014   0.0228   1.0000  67.7996 160.0000
  13.000   1.1636   0.03859   0.01863   0.0045   0.0213   1.0000  68.1439 160.0000
  14.000   1.2018   0.04540   0.02373   0.0065   0.0201   1.0000  68.4648 160.0000
  15.000   1.2239   0.05430   0.03070   0.0074   0.0192   1.0000  68.6790 160.0000
