  
       XFOIL         Version 6.99
  
 Calculated polar for: NACA 16-018                                     
  
 1 1 Reynolds number fixed          Mach number fixed         
  
 xtrf =   1.000 (top)        1.000 (bottom)  
 Mach =   0.000     Re =     1.000 e 6     Ncrit =   9.000  9.000
  
   alpha    CL        CD       CDp       CM     Top_Xtr  Bot_Xtr  Top_Itr  Bot_Itr
  ------ -------- --------- --------- -------- -------- -------- -------- --------
  -6.000  -0.3557   0.01116   0.00204  -0.0632   0.9337   0.2612   6.7313 112.0831
  -5.000  -0.3285   0.00874   0.00151  -0.0477   0.9205   0.5099   7.6347 127.2271
  -4.000  -0.3271   0.00693   0.00129  -0.0245   0.9050   0.7120   8.6757 139.7552
  -3.000  -0.2762   0.00659   0.00153  -0.0113   0.8928   0.7837   9.4920 144.3196
  -2.000  -0.2037   0.00657   0.00177  -0.0029   0.8829   0.8214  10.1607 146.7647
  -1.000  -0.1077   0.00678   0.00220   0.0002   0.8733   0.8516  10.8028 148.7498
   0.000   0.0000   0.00689   0.00234  -0.0000   0.8634   0.8634  11.4628 149.5372
   1.000   0.1077   0.00678   0.00220  -0.0002   0.8516   0.8733  12.2501 150.1972
   2.000   0.2037   0.00657   0.00177   0.0029   0.8214   0.8829  14.2349 150.8392
   3.000   0.2763   0.00659   0.00153   0.0113   0.7837   0.8928  16.6806 151.5076
   6.000   0.3561   0.01116   0.00206   0.0631   0.2608   0.9337  48.9395 154.2682
   7.000   0.4175   0.01290   0.00239   0.0710   0.1269   0.9448  57.3845 155.0355
   8.000   0.4970   0.01462   0.00288   0.0748   0.0601   0.9522  62.4590 155.5808
   9.000   0.5751   0.01610   0.00329   0.0789   0.0440   0.9607  64.2077 156.2215
  10.000   0.6561   0.01798   0.00396   0.0817   0.0377   0.9680  65.0349 156.8023
  11.000   0.7457   0.01977   0.00463   0.0822   0.0339   0.9730  65.6225 157.2292
  12.000   0.8366   0.02232   0.00578   0.0811   0.0300   0.9758  66.2638 157.4693
  13.000   0.9065   0.02500   0.00688   0.0839   0.0264   0.9823  66.9254 158.0503
  14.000   0.9973   0.02769   0.00815   0.0816   0.0233   0.9838  67.5485 158.2020
  15.000   1.0713   0.03123   0.00990   0.0812   0.0203   0.9864  68.2186 158.4561
