  
       XFOIL         Version 6.99
  
 Calculated polar for: NACA 64A210                                     
  
 1 1 Reynolds number fixed          Mach number fixed         
  
 xtrf =   1.000 (top)        1.000 (bottom)  
 Mach =   0.000     Re =     0.500 e 6     Ncrit =   9.000  9.000
  
   alpha    CL        CD       CDp       CM     Top_Xtr  Bot_Xtr  Top_Itr  Bot_Itr
  ------ -------- --------- --------- -------- -------- -------- -------- --------
  -6.000  -0.4739   0.01812   0.00803  -0.0437   0.9831   0.0216   3.0482  89.9301
  -5.000  -0.3457   0.01281   0.00409  -0.0484   0.9709   0.0264   4.1782  90.4990
  -4.000  -0.2299   0.01031   0.00221  -0.0497   0.9490   0.0351   5.8769  91.3836
  -3.000  -0.1329   0.00768   0.00108  -0.0477   0.9193   0.3372   7.9718 112.8810
  -2.000  -0.0352   0.00646   0.00105  -0.0449   0.8869   0.6555  10.2318 134.9242
  -1.000   0.0693   0.00629   0.00114  -0.0427   0.8530   0.7542  12.5885 141.6867
   0.000   0.1775   0.00618   0.00102  -0.0417   0.8179   0.8026  15.0271 145.0379
   1.000   0.2845   0.00604   0.00097  -0.0404   0.7791   0.8573  17.7409 148.8073
   2.000   0.3965   0.00608   0.00097  -0.0398   0.7321   0.9478  21.0079 155.0749
   3.000   0.5402   0.00646   0.00081  -0.0471   0.6282   1.0000  28.2301 160.0000
   4.000   0.6191   0.00857   0.00109  -0.0416   0.3006   1.0000  51.1218 160.0000
   5.000   0.6980   0.01187   0.00243  -0.0368   0.0339   1.0000  70.5923 160.0000
   6.000   0.7878   0.01430   0.00397  -0.0332   0.0239   1.0000  71.6520 160.0000
   7.000   0.8691   0.01935   0.00715  -0.0285   0.0208   1.0000  72.0219 160.0000
   8.000   0.9617   0.02377   0.01081  -0.0257   0.0185   1.0000  72.3914 160.0000
   9.000   1.0407   0.02982   0.01579  -0.0218   0.0160   1.0000  72.7911 160.0000
