  
       XFOIL         Version 6.99
  
 Calculated polar for: NACA 2424                                       
  
 1 1 Reynolds number fixed          Mach number fixed         
  
 xtrf =   1.000 (top)        1.000 (bottom)  
 Mach =   0.000     Re =     1.000 e 6     Ncrit =   9.000  9.000
  
   alpha    CL        CD       CDp       CM     Top_Xtr  Bot_Xtr  Top_Itr  Bot_Itr
  ------ -------- --------- --------- -------- -------- -------- -------- --------
  -6.000  -0.2446   0.00993  -0.00107  -0.0853   0.7231   0.2480  15.4813 125.7885
  -5.000  -0.1886   0.00966  -0.00080  -0.0737   0.6791   0.2710  17.3994 127.0871
  -4.000  -0.1423   0.00943  -0.00062  -0.0599   0.6379   0.2974  19.1957 128.4787
  -3.000  -0.0959   0.00933  -0.00058  -0.0459   0.5996   0.3242  20.8831 129.8184
  -2.000  -0.0517   0.00926  -0.00072  -0.0314   0.5671   0.3534  22.3306 131.2065
  -1.000   0.0034   0.00921  -0.00101  -0.0192   0.5369   0.3889  23.6865 132.8279
   1.000   0.1348   0.00923  -0.00177   0.0004   0.4838   0.4826  26.1152 136.9072
   2.000   0.2064   0.00927  -0.00220   0.0088   0.4593   0.5446  27.2650 139.4971
   3.000   0.2843   0.00947  -0.00262   0.0155   0.4346   0.6069  28.4524 142.0210
   4.000   0.3689   0.00975  -0.00296   0.0206   0.4091   0.6755  29.7086 144.7154
   5.000   0.4736   0.01015  -0.00300   0.0210   0.3825   0.7555  31.0518 147.8686
   6.000   0.5768   0.01060  -0.00297   0.0217   0.3573   0.8537  32.3655 151.8356
   7.000   0.7415   0.01178  -0.00200   0.0091   0.3258   0.9285  34.0606 155.2233
   8.000   0.8593   0.01359  -0.00148   0.0059   0.2969   0.9643  35.6874 157.3517
   9.000   0.9696   0.01562  -0.00086   0.0033   0.2680   0.9812  37.3887 158.4965
  10.000   1.0815   0.01796   0.00008  -0.0007   0.2401   0.9924  39.1275 159.3530
  11.000   1.1927   0.02045   0.00137  -0.0058   0.2141   1.0000  40.8512 160.0000
  12.000   1.2170   0.02345   0.00203   0.0046   0.1966   1.0000  42.0922 160.0000
  13.000   1.2458   0.02716   0.00316   0.0127   0.1800   1.0000  43.3333 160.0000
  14.000   1.2703   0.03184   0.00492   0.0196   0.1647   1.0000  44.5537 160.0000
  15.000   1.2876   0.03778   0.00755   0.0251   0.1498   1.0000  45.8212 160.0000
