  
       XFOIL         Version 6.99
  
 Calculated polar for: NACA 64(2)-415                                  
  
 1 1 Reynolds number fixed          Mach number fixed         
  
 xtrf =   1.000 (top)        1.000 (bottom)  
 Mach =   0.000     Re =     0.500 e 6     Ncrit =   9.000  9.000
  
   alpha    CL        CD       CDp       CM     Top_Xtr  Bot_Xtr  Top_Itr  Bot_Itr
  ------ -------- --------- --------- -------- -------- -------- -------- --------
  -6.000  -0.3214   0.01257   0.00305  -0.0748   0.8073   0.0474  14.0415  97.9669
  -5.000  -0.2196   0.01097   0.00208  -0.0742   0.7785   0.0766  15.7489 100.9055
  -4.000  -0.1187   0.00810   0.00122  -0.0750   0.7512   0.4746  17.3803 126.1836
  -3.000  -0.0043   0.00803   0.00129  -0.0756   0.7255   0.5523  18.9256 130.8757
  -2.000   0.1104   0.00819   0.00156  -0.0761   0.7009   0.6071  20.4143 134.1279
  -1.000   0.2254   0.00825   0.00158  -0.0768   0.6776   0.6312  21.8243 135.5488
   0.000   0.3410   0.00835   0.00156  -0.0778   0.6569   0.6502  23.0765 136.6592
   1.000   0.4565   0.00849   0.00163  -0.0788   0.6377   0.6717  24.2446 137.9132
   2.000   0.5712   0.00866   0.00177  -0.0796   0.6196   0.6946  25.3477 139.2459
   3.000   0.6850   0.00890   0.00192  -0.0803   0.6006   0.7215  26.5199 140.8111
   4.000   0.7947   0.00903   0.00186  -0.0800   0.5669   0.7494  28.5968 142.4514
   5.000   0.9013   0.00930   0.00182  -0.0792   0.5232   0.7801  31.2928 144.2718
   6.000   1.0015   0.00987   0.00190  -0.0772   0.4518   0.8137  35.7595 146.2829
   7.000   1.0432   0.01379   0.00342  -0.0667   0.1613   0.8547  54.5360 148.8065
   8.000   1.0672   0.01664   0.00469  -0.0524   0.0582   0.9221  62.4998 153.1041
   9.000   1.1106   0.01982   0.00630  -0.0444   0.0381   1.0000  65.0013 160.0000
  10.000   1.1545   0.02394   0.00877  -0.0384   0.0302   1.0000  66.3067 160.0000
  11.000   1.1865   0.02955   0.01241  -0.0330   0.0255   1.0000  67.2176 160.0000
  12.000   1.2194   0.03579   0.01664  -0.0292   0.0224   1.0000  67.8831 160.0000
  13.000   1.2509   0.04286   0.02161  -0.0262   0.0207   1.0000  68.3010 160.0000
  14.000   1.2865   0.05015   0.02686  -0.0245   0.0194   1.0000  68.6551 160.0000
  15.000   1.3217   0.05823   0.03252  -0.0234   0.0183   1.0000  68.9298 160.0000
