  
       XFOIL         Version 6.99
  
 Calculated polar for: NACA 65-206                                     
  
 1 1 Reynolds number fixed          Mach number fixed         
  
 xtrf =   1.000 (top)        1.000 (bottom)  
 Mach =   0.000     Re =     0.500 e 6     Ncrit =   9.000  9.000
  
   alpha    CL        CD       CDp       CM     Top_Xtr  Bot_Xtr  Top_Itr  Bot_Itr
  ------ -------- --------- --------- -------- -------- -------- -------- --------
  -3.000  -0.1981   0.01164   0.00341  -0.0342   0.9895   0.0174   2.4838  85.6147
  -2.000  -0.0578   0.00857   0.00103  -0.0409   0.9776   0.0319   3.7926  86.7702
  -1.000   0.0616   0.00519   0.00071  -0.0436   0.9575   0.8580   5.5706 147.9036
   0.000   0.1594   0.00501   0.00070  -0.0390   0.9228   0.9525   8.2507 155.0101
   1.000   0.2927   0.00488   0.00043  -0.0434   0.8773   0.9950  11.6844 159.2336
   2.000   0.3848   0.00547   0.00007  -0.0387   0.6730   1.0000  26.8498 160.0000
   3.000   0.4693   0.00994   0.00142  -0.0351   0.0288   1.0000  74.8083 160.0000
   4.000   0.5699   0.01297   0.00363  -0.0331   0.0187   1.0000  75.6277 160.0000
   5.000   0.6589   0.01188   0.00861  -0.0283   0.0101   1.0000  76.4937 160.0000
   6.000   0.7368   0.04236   0.02555  -0.0234   0.0140   1.0000  76.0092 160.0000
   7.000   0.7840   0.05889   0.04094  -0.0199   0.0139   1.0000  76.0216 160.0000
