  
       XFOIL         Version 6.99
  
 Calculated polar for: NACA 64(2)-415                                  
  
 1 1 Reynolds number fixed          Mach number fixed         
  
 xtrf =   1.000 (top)        1.000 (bottom)  
 Mach =   0.000     Re =     1.000 e 6     Ncrit =   9.000  9.000
  
   alpha    CL        CD       CDp       CM     Top_Xtr  Bot_Xtr  Top_Itr  Bot_Itr
  ------ -------- --------- --------- -------- -------- -------- -------- --------
  -6.000  -0.3326   0.01016   0.00201  -0.0729   0.7593   0.0366  16.8971  96.4602
  -5.000  -0.2233   0.00927   0.00143  -0.0732   0.7318   0.0528  18.5466  98.5995
  -4.000  -0.1146   0.00773   0.00079  -0.0742   0.7063   0.2213  20.0847 110.4727
  -3.000  -0.0021   0.00633   0.00048  -0.0758   0.6819   0.4982  21.5648 127.6133
  -2.000   0.1140   0.00631   0.00050  -0.0769   0.6579   0.5457  23.0140 130.4813
  -1.000   0.2307   0.00636   0.00059  -0.0780   0.6362   0.5874  24.3372 132.9612
   0.000   0.3472   0.00642   0.00061  -0.0791   0.6160   0.6074  25.5738 134.1452
   1.000   0.4632   0.00652   0.00066  -0.0802   0.5973   0.6275  26.7225 135.3325
   2.000   0.5784   0.00670   0.00074  -0.0811   0.5777   0.6498  27.9316 136.6395
   3.000   0.6932   0.00687   0.00081  -0.0820   0.5531   0.6742  29.4428 138.0636
   4.000   0.8049   0.00717   0.00086  -0.0823   0.5124   0.7020  31.9649 139.6743
   5.000   0.9147   0.00761   0.00100  -0.0824   0.4626   0.7302  35.0832 141.3220
   6.000   0.9894   0.01055   0.00214  -0.0771   0.1984   0.7607  52.0759 143.1201
   7.000   1.0625   0.01302   0.00333  -0.0716   0.0666   0.7953  61.6468 145.1736
   8.000   1.1344   0.01481   0.00425  -0.0656   0.0344   0.8342  65.5842 147.5390
   9.000   1.1839   0.01660   0.00515  -0.0558   0.0260   0.8933  67.1054 151.2267
  10.000   1.2309   0.01892   0.00635  -0.0474   0.0206   1.0000  68.3347 160.0000
  11.000   1.2772   0.02259   0.00842  -0.0413   0.0173   1.0000  69.2112 160.0000
  12.000   1.3206   0.02703   0.01113  -0.0364   0.0155   1.0000  69.7680 160.0000
  13.000   1.3463   0.03349   0.01542  -0.0318   0.0144   1.0000  70.1097 160.0000
  14.000   1.3749   0.04047   0.02030  -0.0291   0.0137   1.0000  70.3618 160.0000
  15.000   1.3980   0.04884   0.02639  -0.0278   0.0131   1.0000  70.5986 160.0000
