  
       XFOIL         Version 6.99
  
 Calculated polar for: NACA 1410                                       
  
 1 1 Reynolds number fixed          Mach number fixed         
  
 xtrf =   1.000 (top)        1.000 (bottom)  
 Mach =   0.000     Re =     1.000 e 6     Ncrit =   9.000  9.000
  
   alpha    CL        CD       CDp       CM     Top_Xtr  Bot_Xtr  Top_Itr  Bot_Itr
  ------ -------- --------- --------- -------- -------- -------- -------- --------
  -6.000  -0.5750   0.01018   0.00271  -0.0214   0.9936   0.0364   1.8326  94.1646
  -5.000  -0.4382   0.00902   0.00191  -0.0271   0.9854   0.0438   2.7047  94.9702
  -4.000  -0.3069   0.00775   0.00121  -0.0315   0.9721   0.0955   3.9232  99.1732
  -3.000  -0.1966   0.00673   0.00082  -0.0311   0.9402   0.2067   6.2465 106.7688
  -2.000  -0.0906   0.00590   0.00053  -0.0296   0.8918   0.3495   9.4206 116.1590
  -1.000   0.0157   0.00532   0.00039  -0.0281   0.8218   0.5360  14.0969 128.4974
   0.000   0.1212   0.00490   0.00035  -0.0265   0.7374   0.7237  19.6014 140.6812
   1.000   0.2233   0.00484   0.00045  -0.0236   0.6367   0.8929  26.1904 151.7102
   2.000   0.3354   0.00544   0.00061  -0.0230   0.5096   0.9757  34.4973 157.4214
   4.000   0.5899   0.00752   0.00108  -0.0308   0.2166   1.0000  53.9063 160.0000
   5.000   0.6822   0.00900   0.00163  -0.0274   0.0844   1.0000  63.1536 160.0000
   6.000   0.7780   0.01042   0.00239  -0.0244   0.0404   1.0000  66.9284 160.0000
   7.000   0.8789   0.01154   0.00312  -0.0225   0.0355   1.0000  67.5019 160.0000
   8.000   0.9766   0.01315   0.00422  -0.0203   0.0302   1.0000  68.1527 160.0000
   9.000   1.0721   0.01490   0.00535  -0.0181   0.0247   1.0000  68.9456 160.0000
  10.000   1.1717   0.01599   0.00600  -0.0166   0.0204   1.0000  69.6860 160.0000
  11.000   1.2645   0.01764   0.00692  -0.0144   0.0155   1.0000  70.6908 160.0000
  12.000   1.3458   0.02012   0.00852  -0.0107   0.0121   1.0000  71.5593 160.0000
  13.000   1.4081   0.02359   0.01090  -0.0048   0.0099   1.0000  72.2295 160.0000
  14.000   1.4458   0.02765   0.01372   0.0032   0.0088   1.0000  72.6556 160.0000
  15.000   1.4325   0.03745   0.02115   0.0090   0.0078   1.0000  73.0034 160.0000
