  
       XFOIL         Version 6.99
  
 Calculated polar for: NACA 747A315                                    
  
 1 1 Reynolds number fixed          Mach number fixed         
  
 xtrf =   1.000 (top)        1.000 (bottom)  
 Mach =   0.000     Re =     1.000 e 6     Ncrit =   9.000  9.000
  
   alpha    CL        CD       CDp       CM     Top_Xtr  Bot_Xtr  Top_Itr  Bot_Itr
  ------ -------- --------- --------- -------- -------- -------- -------- --------
  -6.000  -0.4802   0.01183   0.00259  -0.0152   0.6493   0.0255  24.1252  95.4251
  -5.000  -0.3783   0.01080   0.00192  -0.0138   0.6277   0.0306  25.4320  96.4597
  -4.000  -0.2735   0.01000   0.00143  -0.0128   0.6078   0.0416  26.6311  98.2213
  -3.000  -0.1679   0.00925   0.00107  -0.0121   0.5902   0.0811  27.6967 102.1882
  -2.000  -0.0806   0.00697   0.00056  -0.0089   0.5751   0.4982  28.6189 127.5381
  -1.000   0.0178   0.00605   0.00071  -0.0064   0.5624   0.7887  29.3988 145.3032
   0.000   0.1302   0.00652   0.00115  -0.0062   0.5514   0.8333  30.0778 147.9584
   1.000   0.2450   0.00680   0.00138  -0.0068   0.5430   0.8505  30.6030 148.9678
   2.000   0.3601   0.00697   0.00147  -0.0079   0.5349   0.8584  31.1073 149.4334
   3.000   0.4763   0.00708   0.00147  -0.0095   0.5258   0.8640  31.6767 149.7679
   4.000   0.5918   0.00724   0.00146  -0.0110   0.5142   0.8692  32.4015 150.0709
   5.000   0.7047   0.00736   0.00134  -0.0120   0.4904   0.8746  33.8837 150.4008
   6.000   0.8171   0.00757   0.00128  -0.0130   0.4616   0.8812  35.6849 150.7924
   7.000   0.8977   0.00964   0.00180  -0.0094   0.2663   0.8894  48.5415 151.2944
   8.000   0.9367   0.01276   0.00286   0.0007   0.0948   0.9031  60.2863 152.1377
   9.000   0.9435   0.01573   0.00360   0.0154   0.0362   0.9277  66.3680 153.7161
  10.000   0.9982   0.01908   0.00532   0.0188   0.0243   0.9690  68.5224 156.7640
  11.000   1.0635   0.02401   0.00840   0.0169   0.0181   1.0000  70.0058 160.0000
  12.000   1.1049   0.02878   0.01117   0.0199   0.0158   1.0000  70.6762 160.0000
  13.000   1.1281   0.03538   0.01540   0.0230   0.0144   1.0000  71.1181 160.0000
  14.000   1.1561   0.04221   0.01999   0.0246   0.0135   1.0000  71.4376 160.0000
  15.000   1.1797   0.04997   0.02543   0.0253   0.0127   1.0000  71.7207 160.0000
