  
       XFOIL         Version 6.99
  
 Calculated polar for: NACA 64-209                                     
  
 1 1 Reynolds number fixed          Mach number fixed         
  
 xtrf =   1.000 (top)        1.000 (bottom)  
 Mach =   0.000     Re =     1.000 e 6     Ncrit =   9.000  9.000
  
   alpha    CL        CD       CDp       CM     Top_Xtr  Bot_Xtr  Top_Itr  Bot_Itr
  ------ -------- --------- --------- -------- -------- -------- -------- --------
  -6.000  -0.4898   0.00966   0.00199  -0.0400   0.9789   0.0123   3.4342  87.0174
  -5.000  -0.3637   0.00982   0.00261  -0.0430   0.9435   0.0203   6.2441  88.9812
  -4.000  -0.2571   0.00952   0.00255  -0.0421   0.8974   0.0244   9.4795  89.6264
  -3.000  -0.1492   0.00911   0.00200  -0.0415   0.8563   0.0264  12.3483  89.9351
  -2.000  -0.0415   0.00799   0.00126  -0.0413   0.8173   0.0301  15.0443  90.3430
  -1.000   0.0693   0.00742   0.00072  -0.0414   0.7787   0.0346  17.7148  90.8130
   0.000   0.1812   0.00712   0.00042  -0.0416   0.7404   0.0339  20.3692  90.7349
   1.000   0.2926   0.00704   0.00022  -0.0416   0.6896   0.0360  23.8953  90.9561
   2.000   0.4003   0.00560   0.00012  -0.0421   0.5954   0.6613  30.4412 135.1461
   3.000   0.4987   0.00705   0.00062  -0.0403   0.2720   0.8208  53.0407 146.1306
   4.000   0.5921   0.00895   0.00152  -0.0374   0.0328   0.9107  70.3533 152.3936
   5.000   0.6934   0.01038   0.00242  -0.0354   0.0174   1.0000  71.9366 160.0000
   6.000   0.7943   0.01268   0.00407  -0.0342   0.0157   1.0000  72.1938 160.0000
   7.000   0.8948   0.01476   0.00561  -0.0330   0.0129   1.0000  72.6746 160.0000
   8.000   0.9854   0.01915   0.00892  -0.0305   0.0103   1.0000  73.1921 160.0000
   9.000   1.0764   0.02225   0.01152  -0.0285   0.0083   1.0000  73.7025 160.0000
  10.000   1.1382   0.02979   0.01798  -0.0236   0.0068   1.0000  74.1494 160.0000
  11.000   1.1610   0.03928   0.02689  -0.0156   0.0057   1.0000  74.5540 160.0000
  12.000   0.9231   0.08422   0.07119  -0.0212   0.0064   1.0000  74.3140 160.0000
  13.000   0.8029   0.14746   0.13702  -0.0557   0.0108   1.0000  73.0562 160.0000
  14.000   0.8216   0.16699   0.16327  -0.0663   0.0083   1.0000  73.7236 160.0000
