  
       XFOIL         Version 6.99
  
 Calculated polar for: NACA 64(4)-421                                  
  
 1 1 Reynolds number fixed          Mach number fixed         
  
 xtrf =   1.000 (top)        1.000 (bottom)  
 Mach =   0.000     Re =     1.000 e 6     Ncrit =   9.000  9.000
  
   alpha    CL        CD       CDp       CM     Top_Xtr  Bot_Xtr  Top_Itr  Bot_Itr
  ------ -------- --------- --------- -------- -------- -------- -------- --------
  -6.000  -0.3685   0.00810   0.00086  -0.0641   0.6388   0.3728  21.0800 124.4040
  -5.000  -0.2540   0.00765   0.00088  -0.0655   0.6191   0.4642  22.1078 129.6976
  -4.000  -0.1357   0.00766   0.00094  -0.0671   0.6008   0.4906  23.0746 131.1205
  -2.000   0.1018   0.00779   0.00109  -0.0705   0.5706   0.5250  24.6849 132.9492
  -1.000   0.2200   0.00777   0.00108  -0.0722   0.5580   0.5350  25.3594 133.4656
   0.000   0.3376   0.00794   0.00109  -0.0738   0.5461   0.5425  26.0051 133.8597
   1.000   0.4563   0.00796   0.00113  -0.0756   0.5387   0.5521  26.4093 134.3538
   2.000   0.5732   0.00819   0.00119  -0.0771   0.5292   0.5623  26.9289 134.8753
   3.000   0.6904   0.00829   0.00127  -0.0788   0.5213   0.5754  27.3648 135.5375
   4.000   0.8059   0.00854   0.00136  -0.0801   0.5130   0.5901  27.8225 136.2770
   5.000   0.9191   0.00871   0.00136  -0.0810   0.4985   0.6077  28.6302 137.1584
   6.000   1.0290   0.00895   0.00134  -0.0814   0.4808   0.6275  29.6223 138.1359
   7.000   1.1325   0.00933   0.00131  -0.0806   0.4549   0.6495  31.0898 139.2172
   8.000   1.2235   0.00998   0.00130  -0.0778   0.4043   0.6733  34.1092 140.3775
   9.000   1.2195   0.01301   0.00188  -0.0594   0.2833   0.6988  41.4028 141.6140
  10.000   1.2021   0.01820   0.00386  -0.0440   0.1864   0.7265  47.3539 142.9608
  11.000   1.1945   0.02471   0.00717  -0.0338   0.1211   0.7586  51.9818 144.5500
  12.000   1.2058   0.03132   0.01096  -0.0278   0.0851   0.7938  55.2577 146.3434
  13.000   1.2237   0.03829   0.01526  -0.0237   0.0608   0.8388  58.2424 148.7422
  15.000   1.2693   0.05373   0.02557  -0.0204   0.0345   1.0000  62.9911 160.0000
