  
       XFOIL         Version 6.99
  
 Calculated polar for: NACA 2.5411                                     
  
 1 1 Reynolds number fixed          Mach number fixed         
  
 xtrf =   1.000 (top)        1.000 (bottom)  
 Mach =   0.000     Re =     0.500 e 6     Ncrit =   9.000  9.000
  
   alpha    CL        CD       CDp       CM     Top_Xtr  Bot_Xtr  Top_Itr  Bot_Itr
  ------ -------- --------- --------- -------- -------- -------- -------- --------
  -6.000  -0.3941   0.01270   0.00367  -0.0622   0.9586   0.0439   4.6741  97.8287
  -5.000  -0.2590   0.01091   0.00254  -0.0672   0.9467   0.0673   5.4895 100.2862
  -4.000  -0.1320   0.00957   0.00179  -0.0702   0.9283   0.1145   6.7027 103.9336
  -3.000  -0.0183   0.00846   0.00129  -0.0702   0.8986   0.2095   8.6257 110.1944
  -1.000   0.1833   0.00650   0.00082  -0.0647   0.8077   0.6445  14.4375 137.0634
   0.000   0.2884   0.00602   0.00089  -0.0617   0.7494   0.9109  18.1453 153.3950
   1.000   0.4495   0.00658   0.00088  -0.0713   0.6793   0.9774  22.6006 157.7650
   2.000   0.6082   0.00711   0.00079  -0.0814   0.6033   1.0000  27.4195 160.0000
   3.000   0.6907   0.00757   0.00090  -0.0753   0.5394   1.0000  31.4735 160.0000
   4.000   0.7747   0.00821   0.00106  -0.0695   0.4735   1.0000  35.6666 160.0000
   5.000   0.8593   0.00898   0.00125  -0.0639   0.4017   1.0000  40.2527 160.0000
   6.000   0.9376   0.01026   0.00159  -0.0573   0.2914   1.0000  47.4675 160.0000
   7.000   1.0037   0.01249   0.00240  -0.0492   0.1471   1.0000  57.2488 160.0000
   8.000   1.0690   0.01477   0.00342  -0.0412   0.0693   1.0000  63.2194 160.0000
   9.000   1.1283   0.01696   0.00447  -0.0321   0.0443   1.0000  65.7904 160.0000
  10.000   1.1744   0.01949   0.00571  -0.0215   0.0331   1.0000  67.3428 160.0000
  11.000   1.2113   0.02295   0.00764  -0.0114   0.0276   1.0000  68.2716 160.0000
  12.000   1.2384   0.02769   0.01053  -0.0027   0.0241   1.0000  68.9600 160.0000
  13.000   1.2655   0.03341   0.01447   0.0034   0.0221   1.0000  69.3881 160.0000
  14.000   1.2851   0.04066   0.01964   0.0073   0.0205   1.0000  69.7682 160.0000
  15.000   1.2891   0.05048   0.02700   0.0098   0.0191   1.0000  70.0929 160.0000
