  
       XFOIL         Version 6.99
  
 Calculated polar for: NACA 4415                                       
  
 1 1 Reynolds number fixed          Mach number fixed         
  
 xtrf =   1.000 (top)        1.000 (bottom)  
 Mach =   0.000     Re =     1.000 e 6     Ncrit =   9.000  9.000
  
   alpha    CL        CD       CDp       CM     Top_Xtr  Bot_Xtr  Top_Itr  Bot_Itr
  ------ -------- --------- --------- -------- -------- -------- -------- --------
  -6.000  -0.1502   0.00876   0.00111  -0.1106   0.8339   0.0867  12.4392 107.8247
  -5.000  -0.0528   0.00834   0.00084  -0.1071   0.7969   0.1101  14.5457 109.9327
  -4.000   0.0426   0.00802   0.00059  -0.1031   0.7573   0.1365  16.7919 111.9164
  -3.000   0.1363   0.00776   0.00038  -0.0988   0.7155   0.1747  19.1668 114.3898
  -2.000   0.2289   0.00760   0.00021  -0.0942   0.6712   0.2215  21.6717 117.1429
  -1.000   0.3194   0.00751   0.00008  -0.0893   0.6278   0.2841  24.1338 120.5760
   0.000   0.4084   0.00740  -0.00004  -0.0841   0.5872   0.3719  26.4337 125.1820
   1.000   0.4820   0.00693  -0.00018  -0.0758   0.5515   0.6158  28.4557 137.9258
   2.000   0.6477   0.00674   0.00033  -0.0876   0.5140   0.9359  30.5870 154.9832
   3.000   0.8152   0.00760   0.00066  -0.0997   0.4770   0.9899  32.7020 158.9145
   4.000   0.9578   0.00821   0.00084  -0.1069   0.4379   1.0000  34.9613 160.0000
   5.000   1.0230   0.00862   0.00081  -0.0971   0.4091   1.0000  36.6459 160.0000
   6.000   1.0871   0.00917   0.00074  -0.0873   0.3778   1.0000  38.5034 160.0000
   7.000   1.1540   0.00995   0.00073  -0.0784   0.3408   1.0000  40.7282 160.0000
   8.000   1.2205   0.01103   0.00081  -0.0701   0.2950   1.0000  43.5407 160.0000
   9.000   1.2775   0.01276   0.00114  -0.0609   0.2322   1.0000  47.5072 160.0000
  10.000   1.3330   0.01481   0.00170  -0.0524   0.1837   1.0000  50.7158 160.0000
  11.000   1.3864   0.01723   0.00250  -0.0446   0.1493   1.0000  53.1320 160.0000
  12.000   1.4369   0.02010   0.00360  -0.0375   0.1258   1.0000  54.9093 160.0000
  13.000   1.4835   0.02356   0.00509  -0.0312   0.1064   1.0000  56.5180 160.0000
  14.000   1.5164   0.02839   0.00747  -0.0250   0.0843   1.0000  58.6077 160.0000
  15.000   1.5296   0.03548   0.01152  -0.0193   0.0605   1.0000  61.3718 160.0000
