  
       XFOIL         Version 6.99
  
 Calculated polar for: NACA 4421                                       
  
 1 1 Reynolds number fixed          Mach number fixed         
  
 xtrf =   1.000 (top)        1.000 (bottom)  
 Mach =   0.000     Re =     1.000 e 6     Ncrit =   9.000  9.000
  
   alpha    CL        CD       CDp       CM     Top_Xtr  Bot_Xtr  Top_Itr  Bot_Itr
  ------ -------- --------- --------- -------- -------- -------- -------- --------
  -6.000  -0.1736   0.00970   0.00191  -0.0995   0.7323   0.1483  15.8497 119.6730
  -5.000  -0.0670   0.00927   0.00159  -0.0982   0.6941   0.1737  17.6771 121.6466
  -4.000   0.0394   0.00895   0.00139  -0.0968   0.6549   0.2155  19.5535 124.4273
  -3.000   0.1469   0.00890   0.00128  -0.0955   0.6154   0.2473  21.4431 126.2187
  -2.000   0.2537   0.00889   0.00117  -0.0941   0.5799   0.2739  23.1476 127.5655
  -1.000   0.3608   0.00889   0.00107  -0.0929   0.5493   0.3071  24.6216 129.1682
   0.000   0.4646   0.00885   0.00102  -0.0912   0.5187   0.3803  26.1023 132.5264
   1.000   0.5692   0.00879   0.00101  -0.0897   0.4954   0.4816  27.2448 136.8142
   2.000   0.6713   0.00872   0.00106  -0.0878   0.4741   0.6222  28.2963 142.6408
   3.000   0.7691   0.00885   0.00110  -0.0848   0.4544   0.7304  29.2879 147.0542
   4.000   0.8647   0.00908   0.00124  -0.0815   0.4353   0.8485  30.2586 151.8649
   5.000   0.9569   0.00959   0.00143  -0.0772   0.4152   0.9698  31.3016 157.7513
   6.000   1.0712   0.01043   0.00152  -0.0788   0.3866   1.0000  32.8189 160.0000
   7.000   1.1550   0.01132   0.00153  -0.0743   0.3613   1.0000  34.2098 160.0000
   8.000   1.2361   0.01263   0.00170  -0.0700   0.3303   1.0000  35.9724 160.0000
   9.000   1.3115   0.01437   0.00207  -0.0653   0.2959   1.0000  38.0044 160.0000
  10.000   1.3803   0.01660   0.00270  -0.0603   0.2651   1.0000  39.8792 160.0000
  11.000   1.4432   0.01934   0.00358  -0.0553   0.2365   1.0000  41.6900 160.0000
  12.000   1.4939   0.02307   0.00499  -0.0499   0.2055   1.0000  43.7697 160.0000
  13.000   1.5285   0.02834   0.00735  -0.0441   0.1709   1.0000  46.3461 160.0000
  14.000   1.5478   0.03542   0.01100  -0.0388   0.1411   1.0000  48.8420 160.0000
  15.000   1.5631   0.04363   0.01557  -0.0349   0.1230   1.0000  50.5405 160.0000
