  
       XFOIL         Version 6.99
  
 Calculated polar for: NACA 2408                                       
  
 1 1 Reynolds number fixed          Mach number fixed         
  
 xtrf =   1.000 (top)        1.000 (bottom)  
 Mach =   0.000     Re =     0.500 e 6     Ncrit =   9.000  9.000
  
   alpha    CL        CD       CDp       CM     Top_Xtr  Bot_Xtr  Top_Itr  Bot_Itr
  ------ -------- --------- --------- -------- -------- -------- -------- --------
  -6.000  -0.5004   0.01485   0.00585  -0.0383   1.0000   0.0204   1.0000  90.3936
  -5.000  -0.3905   0.01255   0.00409  -0.0388   0.9971   0.0316   1.4131  91.6269
  -4.000  -0.2466   0.01079   0.00273  -0.0462   0.9871   0.0468   2.6473  93.0315
  -3.000  -0.1017   0.00905   0.00158  -0.0536   0.9755   0.0715   3.8014  94.9207
  -2.000   0.0298   0.00740   0.00110  -0.0583   0.9547   0.3082   5.4974 111.3111
  -1.000   0.1333   0.00549   0.00096  -0.0561   0.9168   0.7901   8.1838 144.1052
   0.000   0.2649   0.00513   0.00083  -0.0587   0.8650   1.0000  11.8261 160.0000
   1.000   0.3657   0.00544   0.00058  -0.0556   0.7633   1.0000  18.9132 160.0000
   2.000   0.4669   0.00614   0.00052  -0.0530   0.6307   1.0000  28.0342 160.0000
   3.000   0.5693   0.00707   0.00064  -0.0510   0.4930   1.0000  37.5071 160.0000
   4.000   0.6671   0.00890   0.00104  -0.0490   0.2487   1.0000  54.4419 160.0000
   5.000   0.7622   0.01153   0.00214  -0.0467   0.0482   1.0000  69.0398 160.0000
   6.000   0.8597   0.01373   0.00355  -0.0443   0.0373   1.0000  70.0182 160.0000
   7.000   0.9496   0.01693   0.00570  -0.0410   0.0274   1.0000  70.9519 160.0000
   8.000   1.0425   0.01941   0.00742  -0.0385   0.0188   1.0000  71.8842 160.0000
   9.000   1.1281   0.02296   0.00987  -0.0349   0.0137   1.0000  72.6727 160.0000
  10.000   1.1881   0.03115   0.01601  -0.0286   0.0112   1.0000  73.1511 160.0000
  11.000   1.2231   0.03928   0.02305  -0.0207   0.0095   1.0000  73.5852 160.0000
  12.000   1.1867   0.05111   0.03362  -0.0109   0.0090   1.0000  73.7184 160.0000
  13.000   1.0379   0.09110   0.07337  -0.0313   0.0099   1.0000  73.4718 160.0000
  15.000   0.6938   0.16487   0.13925  -0.0489   0.0193   1.0000  71.8321 160.0000
