  
       XFOIL         Version 6.99
  
 Calculated polar for: NACA 65(4)-421 a=0.5                            
  
 1 1 Reynolds number fixed          Mach number fixed         
  
 xtrf =   1.000 (top)        1.000 (bottom)  
 Mach =   0.000     Re =     0.500 e 6     Ncrit =   9.000  9.000
  
   alpha    CL        CD       CDp       CM     Top_Xtr  Bot_Xtr  Top_Itr  Bot_Itr
  ------ -------- --------- --------- -------- -------- -------- -------- --------
  -6.000  -0.2932   0.01425   0.00326  -0.0621   0.6745   0.0603  21.1740 103.7820
  -5.000  -0.2485   0.01088   0.00225  -0.0533   0.6663   0.3686  21.6317 123.8129
  -4.000  -0.1530   0.01019   0.00246  -0.0514   0.6587   0.5541  22.0607 134.3516
  -3.000  -0.0410   0.01040   0.00290  -0.0521   0.6517   0.6016  22.4564 136.9074
  -2.000   0.0732   0.01074   0.00334  -0.0529   0.6448   0.6384  22.8461 138.8396
  -1.000   0.1886   0.01086   0.00344  -0.0547   0.6386   0.6509  23.2029 139.4909
   0.000   0.3040   0.01092   0.00348  -0.0565   0.6316   0.6639  23.6018 140.1642
   1.000   0.4212   0.01116   0.00352  -0.0587   0.6257   0.6777  23.9378 140.8727
   2.000   0.5325   0.01144   0.00381  -0.0599   0.6191   0.6926  24.3210 141.6378
   3.000   0.6462   0.01166   0.00393  -0.0616   0.6123   0.7092  24.7129 142.4866
   4.000   0.7597   0.01212   0.00411  -0.0633   0.6059   0.7281  25.0867 143.4399
   5.000   0.8653   0.01241   0.00430  -0.0636   0.5972   0.7493  25.5947 144.5060
   6.000   0.9743   0.01251   0.00404  -0.0642   0.5862   0.7740  26.2450 145.7469
   7.000   1.0716   0.01203   0.00304  -0.0623   0.5657   0.8014  27.4719 147.1280
   8.000   1.1356   0.01184   0.00180  -0.0542   0.5374   0.8364  29.2087 148.9464
   9.000   1.1434   0.01303   0.00079  -0.0374   0.4996   0.8892  31.5859 151.8254
  10.000   1.1526   0.01779   0.00186  -0.0283   0.4055   1.0000  37.5166 160.0000
  11.000   1.0869   0.02767   0.00642  -0.0131   0.2887   1.0000  44.6283 160.0000
  12.000   1.0507   0.03794   0.01249  -0.0042   0.1781   1.0000  51.5360 160.0000
  13.000   1.0267   0.04851   0.01941   0.0017   0.0631   1.0000  60.9778 160.0000
  14.000   1.0388   0.05708   0.02522   0.0044   0.0332   1.0000  65.8516 160.0000
  15.000   1.0598   0.06556   0.03124   0.0056   0.0279   1.0000  67.0641 160.0000
