  
       XFOIL         Version 6.99
  
 Calculated polar for: NACA 64(3)-218                                  
  
 1 1 Reynolds number fixed          Mach number fixed         
  
 xtrf =   1.000 (top)        1.000 (bottom)  
 Mach =   0.000     Re =     1.000 e 6     Ncrit =   9.000  9.000
  
   alpha    CL        CD       CDp       CM     Top_Xtr  Bot_Xtr  Top_Itr  Bot_Itr
  ------ -------- --------- --------- -------- -------- -------- -------- --------
  -6.000  -0.5066   0.00973   0.00159  -0.0329   0.6908   0.1682  20.0036 109.7589
  -5.000  -0.4134   0.00729   0.00073  -0.0318   0.6678   0.4353  21.2853 125.9764
  -4.000  -0.2977   0.00706   0.00070  -0.0329   0.6457   0.4878  22.5267 129.0566
  -3.000  -0.1807   0.00700   0.00073  -0.0342   0.6248   0.5194  23.7040 130.8847
  -2.000  -0.0634   0.00699   0.00079  -0.0355   0.6061   0.5458  24.7614 132.3880
  -1.000   0.0547   0.00700   0.00077  -0.0370   0.5898   0.5591  25.6940 133.1407
   0.000   0.1727   0.00702   0.00077  -0.0385   0.5754   0.5715  26.5134 133.8375
   1.000   0.2902   0.00709   0.00081  -0.0400   0.5623   0.5860  27.2646 134.6508
   2.000   0.4073   0.00722   0.00086  -0.0413   0.5486   0.6019  28.0537 135.5349
   3.000   0.5244   0.00731   0.00093  -0.0427   0.5354   0.6201  28.8215 136.5410
   4.000   0.6399   0.00743   0.00092  -0.0438   0.5106   0.6407  30.2724 137.6758
   5.000   0.7534   0.00768   0.00094  -0.0445   0.4794   0.6635  32.1110 138.9266
   6.000   0.8634   0.00811   0.00104  -0.0447   0.4255   0.6878  35.3555 140.2447
   7.000   0.9285   0.01108   0.00217  -0.0384   0.1949   0.7141  49.6243 141.6649
   8.000   0.9818   0.01344   0.00309  -0.0298   0.0910   0.7424  56.9046 143.1927
   9.000   1.0171   0.01573   0.00388  -0.0189   0.0535   0.7762  60.8977 145.0296
  10.000   1.0589   0.01857   0.00519  -0.0112   0.0379   0.8147  63.3362 147.1663
  11.000   1.0988   0.02202   0.00700  -0.0046   0.0308   0.8673  64.7379 150.1912
  12.000   1.1429   0.02623   0.00959  -0.0009   0.0259   1.0000  65.8728 160.0000
  13.000   1.1829   0.03135   0.01265   0.0021   0.0223   1.0000  66.7891 160.0000
  14.000   1.2168   0.03748   0.01656   0.0043   0.0199   1.0000  67.4762 160.0000
  15.000   1.2382   0.04543   0.02199   0.0055   0.0181   1.0000  68.0219 160.0000
