  
       XFOIL         Version 6.99
  
 Calculated polar for: NACA 65-410                                     
  
 1 1 Reynolds number fixed          Mach number fixed         
  
 xtrf =   1.000 (top)        1.000 (bottom)  
 Mach =   0.000     Re =     0.500 e 6     Ncrit =   9.000  9.000
  
   alpha    CL        CD       CDp       CM     Top_Xtr  Bot_Xtr  Top_Itr  Bot_Itr
  ------ -------- --------- --------- -------- -------- -------- -------- --------
  -5.000  -0.1885   0.01449   0.00581  -0.0848   0.9240   0.0249   7.7558  90.1872
  -4.000  -0.0845   0.01169   0.00338  -0.0835   0.8956   0.0312   9.7591  90.8085
  -3.000   0.0198   0.00952   0.00171  -0.0826   0.8674   0.0400  11.7363  91.5480
  -2.000   0.1249   0.00659   0.00092  -0.0834   0.8407   0.6135  13.6071 131.5771
  -1.000   0.2327   0.00658   0.00126  -0.0821   0.8155   0.7594  15.3628 141.6092
   0.000   0.3428   0.00670   0.00133  -0.0817   0.7916   0.7998  17.0348 144.3960
   1.000   0.4535   0.00679   0.00140  -0.0817   0.7673   0.8279  18.7353 146.3364
   2.000   0.5610   0.00688   0.00135  -0.0807   0.7324   0.8579  21.1753 148.4337
   3.000   0.6611   0.00701   0.00113  -0.0779   0.6591   0.8919  26.3146 150.8116
   4.000   0.7285   0.00907   0.00138  -0.0693   0.3215   0.9389  50.0389 154.1067
   5.000   0.8058   0.01281   0.00296  -0.0649   0.0325   1.0000  71.1781 160.0000
   6.000   0.8894   0.01649   0.00515  -0.0611   0.0238   1.0000  72.0196 160.0000
   7.000   0.9828   0.02025   0.00779  -0.0587   0.0215   1.0000  72.3210 160.0000
   8.000   1.0808   0.02576   0.01192  -0.0573   0.0188   1.0000  72.6771 160.0000
