  
       XFOIL         Version 6.99
  
 Calculated polar for: NACA 0010                                       
  
 1 1 Reynolds number fixed          Mach number fixed         
  
 xtrf =   1.000 (top)        1.000 (bottom)  
 Mach =   0.000     Re =     0.500 e 6     Ncrit =   9.000  9.000
  
   alpha    CL        CD       CDp       CM     Top_Xtr  Bot_Xtr  Top_Itr  Bot_Itr
  ------ -------- --------- --------- -------- -------- -------- -------- --------
  -6.000  -0.6800   0.01242   0.00315   0.0025   1.0000   0.0500   1.0000  95.1741
  -5.000  -0.5899   0.01084   0.00216   0.0066   1.0000   0.0678   1.0000  96.6889
  -4.000  -0.4999   0.00913   0.00152   0.0101   1.0000   0.2013   1.0000 106.1150
  -3.000  -0.3831   0.00788   0.00131   0.0078   0.9949   0.3832   1.6659 118.2116
  -2.000  -0.2343   0.00667   0.00121  -0.0006   0.9776   0.5996   3.4139 132.4099
  -1.000  -0.1032   0.00582   0.00111  -0.0039   0.9441   0.7623   5.9607 143.0383
   0.000   0.0000   0.00550   0.00107  -0.0000   0.8720   0.8720  10.7229 150.2771
   1.000   0.1032   0.00582   0.00111   0.0039   0.7623   0.9442  17.9617 155.0395
   2.000   0.2343   0.00667   0.00121   0.0006   0.5997   0.9776  28.5887 157.5871
   3.000   0.3831   0.00788   0.00131  -0.0078   0.3832   0.9949  42.7888 159.3365
   4.000   0.4998   0.00913   0.00152  -0.0100   0.2014   1.0000  54.8812 160.0000
   5.000   0.5898   0.01083   0.00216  -0.0065   0.0678   1.0000  64.3098 160.0000
   6.000   0.6799   0.01242   0.00315  -0.0025   0.0500   1.0000  65.8256 160.0000
   7.000   0.7698   0.01421   0.00445   0.0016   0.0429   1.0000  66.5184 160.0000
   8.000   0.8583   0.01670   0.00624   0.0053   0.0357   1.0000  67.3031 160.0000
   9.000   0.9464   0.01957   0.00831   0.0085   0.0286   1.0000  68.1990 160.0000
  10.000   1.0301   0.02282   0.01062   0.0119   0.0227   1.0000  69.0860 160.0000
  11.000   1.1124   0.02534   0.01250   0.0151   0.0186   1.0000  69.8127 160.0000
  12.000   1.1649   0.03092   0.01699   0.0208   0.0158   1.0000  70.4014 160.0000
  13.000   1.1928   0.03605   0.02092   0.0275   0.0142   1.0000  70.7876 160.0000
  14.000   1.1468   0.05242   0.03503   0.0249   0.0134   1.0000  70.9746 160.0000
  15.000   1.0658   0.08332   0.06447   0.0041   0.0134   1.0000  70.9612 160.0000
