  
       XFOIL         Version 6.99
  
 Calculated polar for: NACA 2412                                       
  
 1 1 Reynolds number fixed          Mach number fixed         
  
 xtrf =   1.000 (top)        1.000 (bottom)  
 Mach =   0.000     Re =     1.000 e 6     Ncrit =   9.000  9.000
  
   alpha    CL        CD       CDp       CM     Top_Xtr  Bot_Xtr  Top_Itr  Bot_Itr
  ------ -------- --------- --------- -------- -------- -------- -------- --------
  -6.000  -0.4065   0.00939   0.00219  -0.0581   0.9551   0.0467   5.0771  98.8064
  -5.000  -0.3004   0.00836   0.00155  -0.0566   0.9251   0.0773   7.0509 101.9373
  -4.000  -0.1916   0.00768   0.00114  -0.0556   0.8866   0.1174   9.4687 104.9130
  -3.000  -0.0824   0.00704   0.00081  -0.0548   0.8405   0.1955  12.3686 110.0365
  -2.000   0.0272   0.00652   0.00062  -0.0541   0.7879   0.3098  15.6262 117.0939
  -1.000   0.1361   0.00602   0.00050  -0.0534   0.7297   0.4722  19.2001 126.9041
   0.000   0.2440   0.00567   0.00049  -0.0524   0.6620   0.6598  23.3694 138.1672
   1.000   0.3465   0.00547   0.00062  -0.0498   0.5862   0.8660  28.0565 150.5338
   3.000   0.5951   0.00639   0.00095  -0.0544   0.4569   0.9940  36.0266 159.2775
   4.000   0.7151   0.00710   0.00109  -0.0565   0.3700   1.0000  41.4577 160.0000
   5.000   0.8088   0.00804   0.00133  -0.0530   0.2804   1.0000  47.1769 160.0000
   6.000   0.9015   0.00945   0.00186  -0.0497   0.1760   1.0000  54.0128 160.0000
   7.000   0.9944   0.01114   0.00261  -0.0467   0.0891   1.0000  60.2324 160.0000
   8.000   1.0886   0.01270   0.00343  -0.0440   0.0541   1.0000  63.4253 160.0000
   9.000   1.1806   0.01432   0.00433  -0.0410   0.0421   1.0000  64.8718 160.0000
  10.000   1.2700   0.01590   0.00524  -0.0378   0.0368   1.0000  65.6415 160.0000
  11.000   1.3502   0.01781   0.00635  -0.0334   0.0324   1.0000  66.3591 160.0000
  12.000   1.4114   0.02018   0.00768  -0.0263   0.0283   1.0000  67.0883 160.0000
  13.000   1.4713   0.02277   0.00912  -0.0203   0.0246   1.0000  67.8524 160.0000
  14.000   1.5230   0.02622   0.01115  -0.0148   0.0212   1.0000  68.6279 160.0000
  15.000   1.5599   0.03142   0.01444  -0.0101   0.0181   1.0000  69.4298 160.0000
