  
       XFOIL         Version 6.99
  
 Calculated polar for: NACA 747A315                                    
  
 1 1 Reynolds number fixed          Mach number fixed         
  
 xtrf =   1.000 (top)        1.000 (bottom)  
 Mach =   0.000     Re =     0.500 e 6     Ncrit =   9.000  9.000
  
   alpha    CL        CD       CDp       CM     Top_Xtr  Bot_Xtr  Top_Itr  Bot_Itr
  ------ -------- --------- --------- -------- -------- -------- -------- --------
  -6.000  -0.4511   0.01542   0.00433  -0.0206   0.6904   0.0334  21.6580  96.9830
  -5.000  -0.3561   0.01357   0.00308  -0.0181   0.6676   0.0398  23.0195  97.9872
  -4.000  -0.2594   0.01209   0.00222  -0.0158   0.6468   0.0550  24.2784  99.8494
  -3.000  -0.1661   0.01039   0.00155  -0.0132   0.6284   0.2031  25.3905 110.0609
  -2.000  -0.0964   0.00792   0.00161  -0.0057   0.6130   0.7839  26.3180 145.0181
  -1.000   0.0130   0.00857   0.00222  -0.0043   0.5991   0.8349  27.1556 148.0533
   0.000   0.1178   0.00977   0.00341  -0.0006   0.5878   0.8758  27.8428 150.4714
   1.000   0.2281   0.00997   0.00352  -0.0005   0.5782   0.8888  28.4271 151.2557
   2.000   0.3410   0.01010   0.00344  -0.0015   0.5696   0.8963  28.9568 151.7192
   3.000   0.4535   0.01015   0.00346  -0.0027   0.5610   0.9031  29.4869 152.1412
   4.000   0.5658   0.01034   0.00344  -0.0037   0.5511   0.9092  30.0998 152.5240
   5.000   0.6776   0.01037   0.00321  -0.0047   0.5347   0.9163  31.1174 152.9706
   6.000   0.7827   0.01016   0.00270  -0.0041   0.5059   0.9236  32.9175 153.4509
   7.000   0.8849   0.01016   0.00228  -0.0034   0.4652   0.9328  35.4641 154.0514
   8.000   0.9293   0.01225   0.00228   0.0064   0.2676   0.9514  48.4559 155.3680
   9.000   0.9537   0.01818   0.00478   0.0117   0.0725   0.9875  62.1297 158.4985
  10.000   0.9768   0.02363   0.00777   0.0164   0.0353   1.0000  66.5114 160.0000
  11.000   0.9977   0.02974   0.01151   0.0210   0.0274   1.0000  67.8748 160.0000
  12.000   1.0209   0.03627   0.01581   0.0243   0.0234   1.0000  68.6984 160.0000
  13.000   1.0396   0.04374   0.02091   0.0269   0.0212   1.0000  69.2130 160.0000
  14.000   1.0714   0.05052   0.02558   0.0283   0.0195   1.0000  69.6391 160.0000
  15.000   1.1082   0.05680   0.02938   0.0303   0.0182   1.0000  69.9741 160.0000
