  
       XFOIL         Version 6.99
  
 Calculated polar for: NACA 66(1)-212                                  
  
 1 1 Reynolds number fixed          Mach number fixed         
  
 xtrf =   1.000 (top)        1.000 (bottom)  
 Mach =   0.000     Re =     0.500 e 6     Ncrit =   9.000  9.000
  
   alpha    CL        CD       CDp       CM     Top_Xtr  Bot_Xtr  Top_Itr  Bot_Itr
  ------ -------- --------- --------- -------- -------- -------- -------- --------
   0.000   0.1653   0.00874   0.00348  -0.0397   0.8212   0.8290  14.5361 146.7789
   1.000   0.2780   0.00864   0.00334  -0.0406   0.8091   0.8366  15.3531 147.2918
   2.000   0.3906   0.00821   0.00271  -0.0407   0.7841   0.8454  17.0518 147.8822
   3.000   0.4950   0.00763   0.00186  -0.0388   0.7237   0.8537  21.1699 148.4377
   4.000   0.5347   0.01078   0.00207  -0.0258   0.1947   0.8677  57.2333 149.3794
   5.000   0.6020   0.01319   0.00298  -0.0187   0.0371   0.8819  68.8891 150.3418
   6.000   0.6725   0.01500   0.00399  -0.0118   0.0289   0.8995  69.7412 151.5274
   7.000   0.7411   0.01806   0.00579  -0.0050   0.0246   0.9210  70.2547 152.9941
   8.000   0.8440   0.02218   0.00887  -0.0043   0.0223   0.9415  70.5921 154.4458
   9.000   0.9409   0.02787   0.01321  -0.0036   0.0204   0.9741  70.8597 157.0986
