  
       XFOIL         Version 6.99
  
 Calculated polar for: NACA 0012-64                                    
  
 1 1 Reynolds number fixed          Mach number fixed         
  
 xtrf =   1.000 (top)        1.000 (bottom)  
 Mach =   0.000     Re =     1.000 e 6     Ncrit =   9.000  9.000
  
   alpha    CL        CD       CDp       CM     Top_Xtr  Bot_Xtr  Top_Itr  Bot_Itr
  ------ -------- --------- --------- -------- -------- -------- -------- --------
  -6.000  -0.6100   0.01075   0.00274  -0.0118   0.9777   0.0417   3.3178  96.3405
  -5.000  -0.4933   0.00955   0.00207  -0.0135   0.9662   0.0627   4.2528  98.5839
  -4.000  -0.3915   0.00842   0.00158  -0.0118   0.9475   0.1372   5.6008 104.0680
  -3.000  -0.2957   0.00703   0.00110  -0.0089   0.9256   0.3124   7.0279 115.2382
  -2.000  -0.2086   0.00529   0.00074  -0.0042   0.8987   0.6319   8.7405 135.3563
  -1.000  -0.1055   0.00482   0.00069  -0.0020   0.8708   0.7531  10.5307 143.0012
   0.000   0.0000   0.00468   0.00065  -0.0000   0.8212   0.8212  13.7041 147.2958
   1.000   0.1055   0.00482   0.00070   0.0020   0.7531   0.8708  17.9988 150.4691
   2.000   0.2087   0.00529   0.00074   0.0042   0.6319   0.8987  25.6437 152.2595
   3.000   0.2957   0.00703   0.00110   0.0089   0.3124   0.9256  45.7637 153.9720
   4.000   0.3916   0.00842   0.00158   0.0118   0.1372   0.9475  56.9333 155.3991
   5.000   0.4934   0.00955   0.00207   0.0135   0.0627   0.9663  62.4172 156.7479
   6.000   0.6100   0.01075   0.00274   0.0117   0.0417   0.9777  64.6597 157.6845
   7.000   0.7364   0.01211   0.00365   0.0076   0.0369   0.9842  65.2930 158.2671
   8.000   0.8568   0.01375   0.00474   0.0043   0.0333   0.9916  65.8258 158.9732
   9.000   0.9785   0.01574   0.00620   0.0003   0.0305   0.9962  66.2752 159.5266
  10.000   1.0818   0.01742   0.00730  -0.0000   0.0275   1.0000  66.7852 160.0000
  11.000   1.1209   0.01945   0.00854   0.0128   0.0255   1.0000  67.1555 160.0000
  12.000   1.1721   0.02067   0.00916   0.0230   0.0234   1.0000  67.5900 160.0000
  13.000   1.2192   0.02344   0.01075   0.0318   0.0212   1.0000  68.0449 160.0000
  14.000   1.2856   0.02534   0.01182   0.0364   0.0192   1.0000  68.5201 160.0000
  15.000   1.3284   0.02931   0.01422   0.0420   0.0171   1.0000  69.0219 160.0000
