  
       XFOIL         Version 6.99
  
 Calculated polar for: NACA 0010-65                                    
  
 1 1 Reynolds number fixed          Mach number fixed         
  
 xtrf =   1.000 (top)        1.000 (bottom)  
 Mach =   0.000     Re =     0.500 e 6     Ncrit =   9.000  9.000
  
   alpha    CL        CD       CDp       CM     Top_Xtr  Bot_Xtr  Top_Itr  Bot_Itr
  ------ -------- --------- --------- -------- -------- -------- -------- --------
  -6.000  -0.7283   0.01676   0.00671   0.0148   0.9892   0.0400   2.3515  93.4205
  -5.000  -0.6093   0.01502   0.00536   0.0120   0.9837   0.0453   2.9254  93.9298
  -4.000  -0.5009   0.01328   0.00429   0.0116   0.9753   0.0534   3.7204  94.6367
  -3.000  -0.3894   0.01203   0.00373   0.0107   0.9666   0.1151   4.4598  99.1502
  -2.000  -0.3045   0.00872   0.00336   0.0145   0.9569   0.7286   5.2253 140.0955
  -1.000  -0.1888   0.00896   0.00433   0.0150   0.9487   0.9168   5.8271 152.9966
   0.000  -0.0000   0.01020   0.00552   0.0000   0.9470   0.9470   5.9489 155.0510
   1.000   0.1888   0.00896   0.00433  -0.0150   0.9168   0.9487   8.0031 155.1732
   2.000   0.3044   0.00872   0.00336  -0.0145   0.7289   0.9570  20.8842 155.7776
   3.000   0.3894   0.01203   0.00374  -0.0107   0.1151   0.9666  61.8476 156.5424
   4.000   0.5009   0.01327   0.00429  -0.0117   0.0534   0.9753  66.3633 157.2817
   5.000   0.6094   0.01502   0.00536  -0.0120   0.0453   0.9838  67.0703 158.0765
   6.000   0.7284   0.01676   0.00672  -0.0148   0.0400   0.9893  67.5796 158.6530
   7.000   0.8394   0.01971   0.00894  -0.0161   0.0332   0.9946  68.2960 159.2733
   8.000   0.9478   0.02304   0.01148  -0.0176   0.0260   0.9997  69.1630 159.9642
   9.000   1.0140   0.02430   0.01235  -0.0101   0.0213   1.0000  69.8392 160.0000
  10.000   1.0507   0.02947   0.01685   0.0024   0.0178   1.0000  70.4285 160.0000
  11.000   1.0893   0.03079   0.01736   0.0144   0.0155   1.0000  70.8650 160.0000
  13.000   0.6386   0.12173   0.10929   0.0212   0.0211   1.0000  69.8562 160.0000
