  
       XFOIL         Version 6.99
  
 Calculated polar for: NACA 67,1-215                                   
  
 1 1 Reynolds number fixed          Mach number fixed         
  
 xtrf =   1.000 (top)        1.000 (bottom)  
 Mach =   0.000     Re =     1.000 e 6     Ncrit =   9.000  9.000
  
   alpha    CL        CD       CDp       CM     Top_Xtr  Bot_Xtr  Top_Itr  Bot_Itr
  ------ -------- --------- --------- -------- -------- -------- -------- --------
  -6.000  -0.2879   0.01112   0.00119  -0.0785   0.8603   0.0435  11.7042  96.8207
  -5.000  -0.2058   0.01036   0.00115  -0.0740   0.8561   0.0611  11.9745  98.6708
  -4.000  -0.1559   0.00903   0.00140  -0.0632   0.8514   0.2257  12.2814 109.7225
  -3.000  -0.1472   0.00697   0.00157  -0.0436   0.8448   0.6018  12.7037 132.5625
  -2.000  -0.0602   0.00672   0.00209  -0.0389   0.8407   0.7845  12.9663 144.3964
  -1.000   0.0478   0.00750   0.00301  -0.0382   0.8366   0.8203  13.2302 146.6196
   0.000   0.1593   0.00812   0.00366  -0.0383   0.8316   0.8373  13.5544 147.6657
   1.000   0.2780   0.00785   0.00320  -0.0406   0.8233   0.8419  14.0801 147.9512
   2.000   0.3907   0.00703   0.00239  -0.0410   0.8025   0.8456  15.4061 148.1770
   3.000   0.4940   0.00653   0.00168  -0.0395   0.7677   0.8490  17.6739 148.3905
   4.000   0.5237   0.00700   0.00075  -0.0223   0.6095   0.8551  28.1314 148.7688
   5.000   0.4918   0.00959   0.00041   0.0052   0.3531   0.8629  43.9415 149.2462
   6.000   0.5261   0.01203   0.00058   0.0178   0.1227   0.8689  58.4943 149.6195
   7.000   0.5962   0.01360   0.00076   0.0235   0.0489   0.8736  64.4462 149.9054
   8.000   0.6741   0.01487   0.00098   0.0277   0.0362   0.8786  66.0116 150.2144
   9.000   0.7513   0.01622   0.00127   0.0318   0.0296   0.8846  67.0372 150.5887
  10.000   0.8283   0.01768   0.00155   0.0355   0.0223   0.8908  68.4797 150.9699
  11.000   0.8971   0.01954   0.00209   0.0403   0.0171   0.8991  69.7634 151.4886
  12.000   0.9566   0.02204   0.00310   0.0458   0.0154   0.9091  70.2742 152.1254
  13.000   1.0103   0.02484   0.00437   0.0516   0.0144   0.9216  70.5924 152.9569
  14.000   1.0520   0.02842   0.00623   0.0581   0.0136   0.9377  70.8329 154.1075
  15.000   1.0805   0.03391   0.00988   0.0638   0.0130   0.9617  71.0296 156.0363
