  
       XFOIL         Version 6.99
  
 Calculated polar for: NACA 65(2)-415 a=0.5                            
  
 1 1 Reynolds number fixed          Mach number fixed         
  
 xtrf =   1.000 (top)        1.000 (bottom)  
 Mach =   0.000     Re =     0.500 e 6     Ncrit =   9.000  9.000
  
   alpha    CL        CD       CDp       CM     Top_Xtr  Bot_Xtr  Top_Itr  Bot_Itr
  ------ -------- --------- --------- -------- -------- -------- -------- --------
  -6.000  -0.3235   0.01577   0.00540  -0.0617   0.7322   0.0344  19.6578  96.7803
  -5.000  -0.2256   0.01343   0.00372  -0.0602   0.7198   0.0387  20.4314  97.3792
  -4.000  -0.1242   0.01200   0.00265  -0.0591   0.7088   0.0460  21.1132  98.2680
  -3.000  -0.0207   0.01059   0.00192  -0.0585   0.6981   0.1254  21.7862 104.5018
  -2.000   0.0717   0.00833   0.00176  -0.0565   0.6884   0.6434  22.3975 136.5478
  -1.000   0.1813   0.00842   0.00211  -0.0560   0.6797   0.7450  22.9431 142.6538
   0.000   0.2945   0.00854   0.00231  -0.0567   0.6708   0.7835  23.5106 144.9428
   1.000   0.4085   0.00873   0.00242  -0.0576   0.6627   0.8133  24.0205 146.7203
   2.000   0.5202   0.00889   0.00268  -0.0582   0.6540   0.8448  24.5785 148.6154
   3.000   0.6311   0.00919   0.00288  -0.0585   0.6458   0.8778  25.1015 150.6248
   4.000   0.7380   0.00930   0.00292  -0.0579   0.6336   0.9133  25.8816 152.8290
   5.000   0.8403   0.00910   0.00247  -0.0559   0.6108   0.9529  27.3486 155.4864
   6.000   0.9711   0.00884   0.00159  -0.0606   0.5552   0.9846  30.9586 158.1905
   7.000   1.0260   0.01139   0.00188  -0.0534   0.3361   1.0000  45.4600 160.0000
   8.000   0.9850   0.01697   0.00386  -0.0323   0.1258   1.0000  59.4919 160.0000
   9.000   0.9929   0.02271   0.00679  -0.0223   0.0371   1.0000  67.3511 160.0000
  10.000   1.0284   0.02755   0.00959  -0.0164   0.0275   1.0000  68.8343 160.0000
  11.000   1.0622   0.03295   0.01299  -0.0115   0.0239   1.0000  69.5265 160.0000
  12.000   1.0886   0.03944   0.01712  -0.0068   0.0216   1.0000  70.0068 160.0000
  13.000   1.1351   0.04475   0.02062  -0.0040   0.0200   1.0000  70.3904 160.0000
  14.000   1.1823   0.05036   0.02423  -0.0016   0.0187   1.0000  70.7088 160.0000
  15.000   1.2427   0.05600   0.02722   0.0007   0.0176   1.0000  70.9710 160.0000
