  
       XFOIL         Version 6.99
  
 Calculated polar for: NACA 63,3-418                                   
  
 1 1 Reynolds number fixed          Mach number fixed         
  
 xtrf =   1.000 (top)        1.000 (bottom)  
 Mach =   0.000     Re =     0.500 e 6     Ncrit =   9.000  9.000
  
   alpha    CL        CD       CDp       CM     Top_Xtr  Bot_Xtr  Top_Itr  Bot_Itr
  ------ -------- --------- --------- -------- -------- -------- -------- --------
  -6.000  -0.3572   0.00971   0.00167  -0.0689   0.7381   0.3446  16.9502 120.6591
  -5.000  -0.2446   0.00909   0.00161  -0.0698   0.7154   0.4525  18.2130 127.0180
  -4.000  -0.1285   0.00896   0.00169  -0.0707   0.6934   0.4997  19.4457 129.7291
  -3.000  -0.0118   0.00898   0.00179  -0.0717   0.6722   0.5353  20.6406 131.7474
  -2.000   0.1052   0.00902   0.00184  -0.0727   0.6523   0.5617  21.7680 133.2293
  -1.000   0.2222   0.00908   0.00187  -0.0738   0.6330   0.5826  22.8613 134.3913
   0.000   0.3390   0.00919   0.00190  -0.0749   0.6142   0.6023  23.9364 135.4810
   1.000   0.4554   0.00936   0.00196  -0.0759   0.5959   0.6220  24.9867 136.5646
   2.000   0.5710   0.00956   0.00205  -0.0769   0.5776   0.6422  26.0428 137.6675
   3.000   0.6856   0.00979   0.00216  -0.0776   0.5585   0.6629  27.1461 138.7938
   4.000   0.7988   0.01006   0.00227  -0.0782   0.5382   0.6843  28.3266 139.9531
   5.000   0.9088   0.01034   0.00232  -0.0781   0.5130   0.7065  29.8023 141.1603
   6.000   1.0135   0.01070   0.00230  -0.0772   0.4771   0.7297  31.9202 142.4316
   7.000   1.1143   0.01126   0.00240  -0.0756   0.4364   0.7546  34.3491 143.8144
   8.000   1.1959   0.01243   0.00263  -0.0711   0.3609   0.7813  38.9351 145.3084
   9.000   1.2198   0.01514   0.00346  -0.0575   0.2482   0.8151  45.9089 147.2356
  10.000   1.2173   0.01947   0.00539  -0.0432   0.1578   0.8676  51.7386 150.3117
  11.000   1.2242   0.02518   0.00858  -0.0346   0.0953   1.0000  56.3725 160.0000
  12.000   1.2416   0.03215   0.01291  -0.0301   0.0655   1.0000  59.2430 160.0000
  13.000   1.2562   0.04026   0.01838  -0.0272   0.0514   1.0000  60.9818 160.0000
  14.000   1.2749   0.04902   0.02463  -0.0260   0.0432   1.0000  62.2180 160.0000
  15.000   1.2880   0.05927   0.03229  -0.0263   0.0377   1.0000  63.1529 160.0000
