  
       XFOIL         Version 6.99
  
 Calculated polar for: NACA 2424                                       
  
 1 1 Reynolds number fixed          Mach number fixed         
  
 xtrf =   1.000 (top)        1.000 (bottom)  
 Mach =   0.000     Re =     0.500 e 6     Ncrit =   9.000  9.000
  
   alpha    CL        CD       CDp       CM     Top_Xtr  Bot_Xtr  Top_Itr  Bot_Itr
  ------ -------- --------- --------- -------- -------- -------- -------- --------
  -6.000  -0.1761   0.01193  -0.00063  -0.0992   0.7848   0.2859  12.7305 127.8837
  -5.000  -0.1166   0.01150  -0.00038  -0.0887   0.7371   0.3131  14.8640 129.2730
  -4.000  -0.0685   0.01123  -0.00010  -0.0755   0.6922   0.3420  16.8299 130.6699
  -3.000  -0.0260   0.01109   0.00005  -0.0608   0.6512   0.3721  18.6144 132.0693
  -2.000  -0.0031   0.01096   0.00002  -0.0419   0.6152   0.4057  20.1927 133.5748
  -1.000   0.0424   0.01084  -0.00022  -0.0277   0.5821   0.4469  21.6632 135.3750
   0.000   0.0940   0.01083  -0.00056  -0.0150   0.5520   0.4980  23.0067 137.5549
   3.000   0.2688   0.01107  -0.00200   0.0185   0.4734   0.6879  26.5987 145.2018
   4.000   0.3408   0.01133  -0.00245   0.0263   0.4482   0.7689  27.7969 148.4098
   5.000   0.4697   0.01185  -0.00208   0.0219   0.4203   0.8615  29.1514 152.1546
   6.000   0.6546   0.01309  -0.00097   0.0055   0.3885   0.9188  30.7497 154.7203
   7.000   0.7800   0.01493  -0.00036   0.0013   0.3597   0.9511  32.2417 156.5197
   8.000   0.8919   0.01702   0.00026  -0.0012   0.3301   0.9763  33.8282 158.1579
   9.000   1.0193   0.01916   0.00122  -0.0079   0.2989   0.9916  35.5698 159.2836
  10.000   1.1062   0.02140   0.00213  -0.0083   0.2714   1.0000  37.1826 160.0000
  11.000   1.1235   0.02406   0.00262   0.0037   0.2501   1.0000  38.4901 160.0000
  12.000   1.1445   0.02773   0.00375   0.0133   0.2295   1.0000  39.8140 160.0000
  13.000   1.1662   0.03226   0.00548   0.0209   0.2105   1.0000  41.0993 160.0000
  14.000   1.1885   0.03757   0.00783   0.0268   0.1932   1.0000  42.3439 160.0000
  15.000   1.2040   0.04405   0.01105   0.0314   0.1770   1.0000  43.5704 160.0000
