  
       XFOIL         Version 6.99
  
 Calculated polar for: NACA 0015                                       
  
 1 1 Reynolds number fixed          Mach number fixed         
  
 xtrf =   1.000 (top)        1.000 (bottom)  
 Mach =   0.000     Re =     0.500 e 6     Ncrit =   9.000  9.000
  
   alpha    CL        CD       CDp       CM     Top_Xtr  Bot_Xtr  Top_Itr  Bot_Itr
  ------ -------- --------- --------- -------- -------- -------- -------- --------
  -6.000  -0.6965   0.01150   0.00299   0.0024   0.9829   0.2019   2.6572 113.6474
  -5.000  -0.5507   0.01016   0.00245  -0.0054   0.9694   0.2904   3.7162 118.9580
  -4.000  -0.4238   0.00905   0.00199  -0.0084   0.9439   0.3755   5.4391 123.8497
  -3.000  -0.3157   0.00823   0.00163  -0.0068   0.9016   0.4537   7.9519 128.2606
  -2.000  -0.2111   0.00769   0.00138  -0.0044   0.8431   0.5352  11.2333 132.7993
  -1.000  -0.1055   0.00740   0.00123  -0.0022   0.7729   0.6141  15.1049 137.1563
   0.000   0.0000   0.00729   0.00118   0.0000   0.6945   0.6945  19.4154 141.5846
   1.000   0.1056   0.00740   0.00123   0.0022   0.6141   0.7729  23.8437 145.8962
   2.000   0.2111   0.00769   0.00138   0.0043   0.5352   0.8431  28.2007 149.7667
   3.000   0.3157   0.00823   0.00163   0.0068   0.4537   0.9016  32.7396 153.0481
   4.000   0.4238   0.00905   0.00199   0.0084   0.3755   0.9440  37.1505 155.5618
   5.000   0.5507   0.01016   0.00245   0.0054   0.2903   0.9694  42.0424 157.2854
   6.000   0.6966   0.01150   0.00299  -0.0024   0.2019   0.9829  47.3534 158.3457
   7.000   0.8403   0.01294   0.00365  -0.0102   0.1357   0.9950  51.7253 159.4614
   8.000   0.9444   0.01436   0.00432  -0.0101   0.0965   1.0000  54.7755 160.0000
   9.000   1.0043   0.01593   0.00508  -0.0010   0.0730   1.0000  57.0793 160.0000
  10.000   1.0616   0.01768   0.00599   0.0085   0.0599   1.0000  58.6664 160.0000
  11.000   1.1159   0.01988   0.00723   0.0176   0.0529   1.0000  59.6324 160.0000
  12.000   1.1584   0.02291   0.00903   0.0269   0.0487   1.0000  60.2832 160.0000
  13.000   1.2019   0.02688   0.01155   0.0330   0.0453   1.0000  60.8222 160.0000
  14.000   1.2345   0.03264   0.01547   0.0372   0.0427   1.0000  61.2716 160.0000
  15.000   1.2625   0.03976   0.02054   0.0387   0.0405   1.0000  61.6831 160.0000
