  
       XFOIL         Version 6.99
  
 Calculated polar for: NACA 63-209                                     
  
 1 1 Reynolds number fixed          Mach number fixed         
  
 xtrf =   1.000 (top)        1.000 (bottom)  
 Mach =   0.000     Re =     0.500 e 6     Ncrit =   9.000  9.000
  
   alpha    CL        CD       CDp       CM     Top_Xtr  Bot_Xtr  Top_Itr  Bot_Itr
  ------ -------- --------- --------- -------- -------- -------- -------- --------
  -6.000  -0.5333   0.01904   0.00922  -0.0312   1.0000   0.0182   1.0000  88.5692
  -5.000  -0.3935   0.01297   0.00415  -0.0381   0.9852   0.0240   2.8363  89.2843
  -4.000  -0.2549   0.01039   0.00214  -0.0446   0.9614   0.0316   4.9899  90.0373
  -3.000  -0.1466   0.00744   0.00074  -0.0450   0.9163   0.2906   8.2448 108.7595
  -2.000  -0.0435   0.00614   0.00072  -0.0435   0.8725   0.6374  11.3410 133.1323
  -1.000   0.0634   0.00605   0.00087  -0.0418   0.8316   0.7435  14.2187 140.5319
   0.000   0.1729   0.00609   0.00087  -0.0409   0.7918   0.7922  17.0052 143.9393
   1.000   0.2820   0.00615   0.00091  -0.0399   0.7502   0.8366  19.9161 147.0474
   2.000   0.3868   0.00625   0.00087  -0.0379   0.6881   0.8832  24.2783 150.3421
   3.000   0.4833   0.00648   0.00074  -0.0339   0.5884   0.9410  31.2973 154.4161
   4.000   0.5855   0.00942   0.00130  -0.0342   0.1288   1.0000  63.9366 160.0000
   5.000   0.6864   0.01228   0.00285  -0.0333   0.0269   1.0000  71.8539 160.0000
   6.000   0.7835   0.01553   0.00512  -0.0314   0.0224   1.0000  72.3375 160.0000
   7.000   0.8803   0.01948   0.00796  -0.0296   0.0184   1.0000  72.8239 160.0000
