  
       XFOIL         Version 6.99
  
 Calculated polar for: NACA 65(3)-618                                  
  
 1 1 Reynolds number fixed          Mach number fixed         
  
 xtrf =   1.000 (top)        1.000 (bottom)  
 Mach =   0.000     Re =     1.000 e 6     Ncrit =   9.000  9.000
  
   alpha    CL        CD       CDp       CM     Top_Xtr  Bot_Xtr  Top_Itr  Bot_Itr
  ------ -------- --------- --------- -------- -------- -------- -------- --------
  -6.000  -0.1610   0.01092   0.00212  -0.1076   0.7122   0.0351  19.0755  97.5193
  -5.000  -0.0569   0.01007   0.00162  -0.1075   0.6972   0.0418  19.9531  98.6767
  -4.000   0.0477   0.00845   0.00102  -0.1085   0.6836   0.2050  20.7501 111.3395
  -3.000   0.1604   0.00672   0.00070  -0.1113   0.6716   0.5486  21.4590 131.4833
  -2.000   0.2777   0.00684   0.00090  -0.1130   0.6596   0.6013  22.1620 134.4984
  -1.000   0.3949   0.00702   0.00103  -0.1146   0.6491   0.6262  22.7888 135.8895
   0.000   0.5118   0.00708   0.00105  -0.1164   0.6390   0.6364  23.3846 136.4544
   1.000   0.6284   0.00732   0.00107  -0.1182   0.6285   0.6460  24.0133 136.9899
   2.000   0.7437   0.00738   0.00114  -0.1197   0.6198   0.6577  24.5336 137.6345
   3.000   0.8580   0.00760   0.00118  -0.1211   0.6086   0.6691  25.2024 138.2580
   4.000   0.9688   0.00780   0.00115  -0.1218   0.5926   0.6819  26.1674 138.9527
   5.000   1.0719   0.00800   0.00102  -0.1209   0.5636   0.6964  27.9248 139.7382
   6.000   1.1654   0.00848   0.00094  -0.1182   0.5145   0.7127  30.9640 140.6234
   7.000   1.1871   0.01072   0.00128  -0.1022   0.3668   0.7316  40.2214 141.6558
   8.000   1.1678   0.01527   0.00293  -0.0824   0.2017   0.7547  50.4795 142.9309
   9.000   1.1596   0.02105   0.00577  -0.0683   0.0822   0.7815  59.0630 144.4197
  10.000   1.1797   0.02651   0.00884  -0.0600   0.0317   0.8122  65.6059 146.1613
  11.000   1.2205   0.03118   0.01161  -0.0549   0.0237   0.8512  67.3757 148.4653
  13.000   1.2946   0.04224   0.01856  -0.0467   0.0169   1.0000  69.2941 160.0000
  14.000   1.3291   0.04938   0.02329  -0.0448   0.0150   1.0000  69.9298 160.0000
  15.000   1.3600   0.05739   0.02887  -0.0436   0.0140   1.0000  70.3031 160.0000
