  
       XFOIL         Version 6.99
  
 Calculated polar for: NACA 64(4)-221                                  
  
 1 1 Reynolds number fixed          Mach number fixed         
  
 xtrf =   1.000 (top)        1.000 (bottom)  
 Mach =   0.000     Re =     1.000 e 6     Ncrit =   9.000  9.000
  
   alpha    CL        CD       CDp       CM     Top_Xtr  Bot_Xtr  Top_Itr  Bot_Itr
  ------ -------- --------- --------- -------- -------- -------- -------- --------
  -6.000  -0.5376   0.00793   0.00093  -0.0275   0.6366   0.4407  21.5239 128.4973
  -5.000  -0.4217   0.00777   0.00095  -0.0288   0.6166   0.4746  22.5641 130.3912
  -4.000  -0.3042   0.00771   0.00100  -0.0303   0.5986   0.4961  23.5127 131.5666
  -3.000  -0.1860   0.00777   0.00112  -0.0318   0.5824   0.5179  24.3683 132.7468
  -2.000  -0.0676   0.00775   0.00105  -0.0336   0.5677   0.5258  25.1481 133.1679
  -1.000   0.0510   0.00774   0.00105  -0.0353   0.5557   0.5356  25.7914 133.6877
   0.000   0.1701   0.00779   0.00104  -0.0371   0.5461   0.5426  26.3096 134.0640
   1.000   0.2881   0.00783   0.00107  -0.0388   0.5368   0.5533  26.8101 134.6226
   2.000   0.4067   0.00794   0.00112  -0.0406   0.5286   0.5637  27.2556 135.1672
   3.000   0.5244   0.00806   0.00118  -0.0422   0.5199   0.5771  27.7327 135.8605
   4.000   0.6412   0.00820   0.00126  -0.0438   0.5098   0.5929  28.2916 136.6753
   5.000   0.7557   0.00830   0.00120  -0.0448   0.4903   0.6112  29.3720 137.6087
   6.000   0.8685   0.00850   0.00119  -0.0456   0.4700   0.6311  30.5095 138.6163
   7.000   0.9767   0.00885   0.00118  -0.0457   0.4373   0.6529  32.3832 139.7122
   8.000   1.0398   0.01077   0.00160  -0.0385   0.3046   0.6760  40.3458 140.8558
   9.000   1.0319   0.01404   0.00232  -0.0207   0.1944   0.7009  46.9902 142.0825
  10.000   1.0357   0.01847   0.00402  -0.0090   0.1253   0.7298  51.7597 143.5016
  11.000   1.0520   0.02355   0.00647  -0.0015   0.0857   0.7612  55.2853 145.0521
  12.000   1.0738   0.02902   0.00945   0.0040   0.0604   0.7971  58.3702 146.8706
  13.000   1.0967   0.03505   0.01301   0.0081   0.0443   0.8430  61.0152 149.2959
  15.000   1.1671   0.04832   0.02180   0.0092   0.0310   1.0000  63.8579 160.0000
