  
       XFOIL         Version 6.99
  
 Calculated polar for: NACA 0012-64                                    
  
 1 1 Reynolds number fixed          Mach number fixed         
  
 xtrf =   1.000 (top)        1.000 (bottom)  
 Mach =   0.000     Re =     0.500 e 6     Ncrit =   9.000  9.000
  
   alpha    CL        CD       CDp       CM     Top_Xtr  Bot_Xtr  Top_Itr  Bot_Itr
  ------ -------- --------- --------- -------- -------- -------- -------- --------
  -6.000  -0.6864   0.01401   0.00437   0.0043   0.9857   0.0516   2.5889  97.4822
  -5.000  -0.5588   0.01242   0.00343  -0.0002   0.9757   0.0727   3.4865  99.4433
  -4.000  -0.4314   0.01064   0.00271  -0.0050   0.9655   0.2002   4.3122 108.1679
  -3.000  -0.3243   0.00801   0.00208  -0.0057   0.9508   0.5759   5.3720 131.8298
  -2.000  -0.2179   0.00708   0.00206  -0.0039   0.9327   0.7602   6.5756 143.4505
  -1.000  -0.1068   0.00679   0.00205  -0.0027   0.9125   0.8315   7.8558 147.9508
   0.000   0.0000   0.00679   0.00220  -0.0000   0.8836   0.8836   9.7070 151.2922
   1.000   0.1068   0.00679   0.00205   0.0027   0.8315   0.9125  13.0492 153.1443
   2.000   0.2179   0.00708   0.00206   0.0039   0.7602   0.9327  17.5495 154.4249
   3.000   0.3243   0.00801   0.00208   0.0057   0.5759   0.9509  29.1683 155.6293
   4.000   0.4314   0.01064   0.00272   0.0050   0.2002   0.9655  52.8317 156.6898
   5.000   0.5588   0.01242   0.00343   0.0002   0.0727   0.9757  61.5571 157.5162
   6.000   0.6864   0.01401   0.00437  -0.0044   0.0516   0.9857  63.5181 158.4143
   7.000   0.8106   0.01612   0.00577  -0.0086   0.0452   0.9948  64.2268 159.3554
   8.000   0.9171   0.01820   0.00720  -0.0093   0.0408   1.0000  64.7757 160.0000
   9.000   0.9735   0.02108   0.00920   0.0001   0.0377   1.0000  65.1835 160.0000
  10.000   1.0267   0.02323   0.01081   0.0101   0.0345   1.0000  65.6541 160.0000
  11.000   1.0739   0.02720   0.01361   0.0200   0.0313   1.0000  66.1312 160.0000
  12.000   1.1140   0.03009   0.01590   0.0305   0.0284   1.0000  66.6339 160.0000
  13.000   1.1338   0.03542   0.01960   0.0408   0.0259   1.0000  67.0769 160.0000
  14.000   1.1363   0.04187   0.02506   0.0488   0.0238   1.0000  67.4973 160.0000
  15.000   1.1355   0.05034   0.03178   0.0510   0.0223   1.0000  67.8039 160.0000
