  
       XFOIL         Version 6.99
  
 Calculated polar for: NACA 23024                                      
  
 1 1 Reynolds number fixed          Mach number fixed         
  
 xtrf =   1.000 (top)        1.000 (bottom)  
 Mach =   0.000     Re =     0.500 e 6     Ncrit =   9.000  9.000
  
   alpha    CL        CD       CDp       CM     Top_Xtr  Bot_Xtr  Top_Itr  Bot_Itr
  ------ -------- --------- --------- -------- -------- -------- -------- --------
  -6.000  -0.2387   0.01128  -0.00152  -0.0642   0.7673   0.3924  13.0205 131.9914
  -5.000  -0.1792   0.01091  -0.00108  -0.0534   0.7085   0.4217  15.4619 133.3631
  -4.000  -0.1236   0.01071  -0.00066  -0.0415   0.6569   0.4524  17.5627 134.7651
  -3.000  -0.0735   0.01060  -0.00033  -0.0282   0.6094   0.4839  19.5186 136.1698
  -2.000  -0.0298   0.01054  -0.00011  -0.0135   0.5658   0.5181  21.3472 137.6598
   0.000   0.0368   0.01057  -0.00025   0.0205   0.4928   0.5931  24.4885 140.8453
   2.000   0.1383   0.01083  -0.00096   0.0464   0.4271   0.6863  27.4462 144.6649
   3.000   0.1941   0.01115  -0.00142   0.0579   0.3956   0.7419  28.9192 146.9475
   4.000   0.2690   0.01153  -0.00168   0.0650   0.3646   0.8053  30.4191 149.6144
   5.000   0.3776   0.01231  -0.00148   0.0644   0.3308   0.8665  32.1157 152.1526
   7.000   0.6655   0.01556   0.00030   0.0474   0.2666   0.9333  35.6296 155.3195
   8.000   0.7704   0.01798   0.00118   0.0457   0.2438   0.9528  36.9974 156.4914
   9.000   0.8782   0.02037   0.00216   0.0427   0.2258   0.9700  38.1438 157.6372
  10.000   0.9883   0.02301   0.00344   0.0378   0.2095   0.9831  39.2324 158.5816
  11.000   1.0957   0.02597   0.00508   0.0319   0.1948   0.9954  40.2679 159.5869
  12.000   1.1485   0.02935   0.00660   0.0344   0.1832   1.0000  41.1375 160.0000
  13.000   1.1597   0.03339   0.00805   0.0432   0.1734   1.0000  41.9014 160.0000
  14.000   1.1789   0.03823   0.01014   0.0492   0.1640   1.0000  42.6852 160.0000
  15.000   1.1948   0.04423   0.01305   0.0534   0.1546   1.0000  43.4987 160.0000
