  
       XFOIL         Version 6.99
  
 Calculated polar for: NACA 63(2)-615                                  
  
 1 1 Reynolds number fixed          Mach number fixed         
  
 xtrf =   1.000 (top)        1.000 (bottom)  
 Mach =   0.000     Re =     0.500 e 6     Ncrit =   9.000  9.000
  
   alpha    CL        CD       CDp       CM     Top_Xtr  Bot_Xtr  Top_Itr  Bot_Itr
  ------ -------- --------- --------- -------- -------- -------- -------- --------
  -6.000  -0.1762   0.01190   0.00284  -0.1087   0.8040   0.0549  14.3020  99.4199
  -5.000  -0.0658   0.01059   0.00197  -0.1095   0.7780   0.0836  15.8279 102.1299
  -4.000   0.0484   0.00826   0.00127  -0.1126   0.7531   0.4153  17.2996 122.8353
  -3.000   0.1651   0.00805   0.00133  -0.1137   0.7285   0.5163  18.7609 128.8307
  -2.000   0.2813   0.00815   0.00149  -0.1145   0.7048   0.5765  20.1787 132.3341
  -1.000   0.3969   0.00826   0.00159  -0.1152   0.6809   0.6128  21.6116 134.4226
   0.000   0.5127   0.00846   0.00161  -0.1160   0.6583   0.6409  22.9732 136.0251
   1.000   0.6272   0.00860   0.00173  -0.1166   0.6355   0.6667  24.3515 137.4918
   2.000   0.7413   0.00886   0.00182  -0.1172   0.6123   0.6938  25.7526 139.0462
   3.000   0.8537   0.00918   0.00198  -0.1175   0.5893   0.7213  27.1523 140.6334
   4.000   0.9636   0.00950   0.00208  -0.1174   0.5607   0.7501  28.8984 142.3214
   5.000   1.0698   0.00989   0.00215  -0.1165   0.5230   0.7809  31.2064 144.1429
   6.000   1.1701   0.01047   0.00225  -0.1146   0.4700   0.8138  34.4809 146.1170
   7.000   1.2579   0.01157   0.00256  -0.1107   0.3880   0.8510  39.6263 148.4140
   8.000   1.2907   0.01478   0.00386  -0.0978   0.2119   0.9097  50.9329 152.1490
   9.000   1.3037   0.01878   0.00572  -0.0839   0.0945   1.0000  59.1497 160.0000
  10.000   1.3317   0.02374   0.00856  -0.0756   0.0484   1.0000  63.6533 160.0000
  11.000   1.3639   0.02933   0.01211  -0.0696   0.0374   1.0000  65.2086 160.0000
  12.000   1.3909   0.03617   0.01677  -0.0652   0.0304   1.0000  66.3941 160.0000
  13.000   1.4086   0.04479   0.02295  -0.0621   0.0249   1.0000  67.4921 160.0000
  14.000   1.4173   0.05554   0.03101  -0.0607   0.0215   1.0000  68.2706 160.0000
  15.000   1.4300   0.06694   0.03982  -0.0612   0.0194   1.0000  68.8269 160.0000
