  
       XFOIL         Version 6.99
  
 Calculated polar for: NACA 0010-64                                    
  
 1 1 Reynolds number fixed          Mach number fixed         
  
 xtrf =   1.000 (top)        1.000 (bottom)  
 Mach =   0.000     Re =     1.000 e 6     Ncrit =   9.000  9.000
  
   alpha    CL        CD       CDp       CM     Top_Xtr  Bot_Xtr  Top_Itr  Bot_Itr
  ------ -------- --------- --------- -------- -------- -------- -------- --------
  -6.000  -0.6616   0.01148   0.00347   0.0000   0.9902   0.0334   2.2249  93.0583
  -5.000  -0.5337   0.00987   0.00239  -0.0045   0.9841   0.0396   2.8540  93.7176
  -4.000  -0.4052   0.00885   0.00173  -0.0087   0.9758   0.0481   3.6121  94.5303
  -3.000  -0.2921   0.00739   0.00118  -0.0097   0.9611   0.1946   4.8192 105.0006
  -2.000  -0.2011   0.00538   0.00071  -0.0060   0.9363   0.5596   6.5562 129.2710
  -1.000  -0.1025   0.00452   0.00060  -0.0029   0.9082   0.7564   8.4258 142.3663
   0.000  -0.0000   0.00428   0.00055   0.0000   0.8522   0.8522  12.2210 148.7790
   1.000   0.1025   0.00452   0.00060   0.0029   0.7565   0.9082  18.6308 152.5752
   2.000   0.2012   0.00538   0.00071   0.0060   0.5596   0.9363  31.7290 154.4438
   3.000   0.2921   0.00739   0.00118   0.0097   0.1946   0.9611  56.0000 156.1810
   4.000   0.4052   0.00885   0.00173   0.0087   0.0481   0.9758  66.4698 157.3888
   5.000   0.5337   0.00987   0.00240   0.0045   0.0396   0.9841  67.2825 158.1471
   6.000   0.6616   0.01148   0.00347  -0.0000   0.0334   0.9902  67.9418 158.7782
   7.000   0.7892   0.01274   0.00445  -0.0046   0.0298   0.9956  68.3941 159.4133
   8.000   0.9068   0.01457   0.00567  -0.0075   0.0245   1.0000  69.0869 160.0000
   9.000   0.9875   0.01497   0.00578  -0.0020   0.0206   1.0000  69.7203 160.0000
  10.000   1.0629   0.01617   0.00638   0.0044   0.0165   1.0000  70.4732 160.0000
  11.000   1.1378   0.01790   0.00739   0.0104   0.0130   1.0000  71.2906 160.0000
  12.000   1.2048   0.02097   0.00949   0.0167   0.0104   1.0000  72.0205 160.0000
  13.000   1.2702   0.02401   0.01178   0.0224   0.0091   1.0000  72.4559 160.0000
  14.000   1.3013   0.02851   0.01509   0.0316   0.0080   1.0000  72.8574 160.0000
  15.000   1.2863   0.03762   0.02235   0.0396   0.0075   1.0000  73.0666 160.0000
