  
       XFOIL         Version 6.99
  
 Calculated polar for: NACA 23021                                      
  
 1 1 Reynolds number fixed          Mach number fixed         
  
 xtrf =   1.000 (top)        1.000 (bottom)  
 Mach =   0.000     Re =     1.000 e 6     Ncrit =   9.000  9.000
  
   alpha    CL        CD       CDp       CM     Top_Xtr  Bot_Xtr  Top_Itr  Bot_Itr
  ------ -------- --------- --------- -------- -------- -------- -------- --------
  -6.000  -0.5095   0.00891   0.00150  -0.0109   0.7596   0.3060  13.5380 126.5573
  -4.000  -0.2995   0.00824   0.00118  -0.0069   0.6520   0.3890  18.2688 130.7102
  -3.000  -0.1938   0.00797   0.00110  -0.0051   0.5996   0.4463  20.5940 133.4918
  -2.000  -0.0865   0.00792   0.00108  -0.0036   0.5439   0.4959  23.1180 135.8100
   0.000   0.1284   0.00814   0.00114  -0.0009   0.4307   0.5846  28.3706 139.7982
   1.000   0.2358   0.00833   0.00122   0.0004   0.3837   0.6300  30.6114 141.8102
   3.000   0.4446   0.00907   0.00151   0.0037   0.2832   0.7340  35.8193 146.3807
   4.000   0.5465   0.00960   0.00176   0.0057   0.2444   0.7913  38.0348 148.9239
   5.000   0.6450   0.01022   0.00208   0.0083   0.2062   0.8543  40.4492 151.7567
   6.000   0.7299   0.01156   0.00262   0.0129   0.1386   0.9006  45.7221 153.9221
   7.000   0.7825   0.01389   0.00381   0.0230   0.0621   0.9471  55.3174 156.3515
   8.000   0.8705   0.01561   0.00472   0.0259   0.0579   0.9802  56.0614 158.4215
   9.000   0.9876   0.01769   0.00590   0.0215   0.0557   0.9928  56.4597 159.3706
  10.000   1.0701   0.02038   0.00734   0.0220   0.0540   1.0000  56.7818 160.0000
  11.000   1.0813   0.02410   0.00919   0.0333   0.0528   1.0000  57.0010 160.0000
  12.000   1.1242   0.02869   0.01189   0.0369   0.0524   1.0000  57.0919 160.0000
  13.000   1.1562   0.03520   0.01604   0.0386   0.0518   1.0000  57.1949 160.0000
  14.000   1.1747   0.04393   0.02196   0.0387   0.0513   1.0000  57.2905 160.0000
  15.000   1.1802   0.05486   0.02978   0.0372   0.0509   1.0000  57.3845 160.0000
