  
       XFOIL         Version 6.99
  
 Calculated polar for: NACA 0024                                       
  
 1 1 Reynolds number fixed          Mach number fixed         
  
 xtrf =   1.000 (top)        1.000 (bottom)  
 Mach =   0.000     Re =     0.500 e 6     Ncrit =   9.000  9.000
  
   alpha    CL        CD       CDp       CM     Top_Xtr  Bot_Xtr  Top_Itr  Bot_Itr
  ------ -------- --------- --------- -------- -------- -------- -------- --------
  -6.000  -0.5733   0.01211   0.00256  -0.0206   0.8266   0.3267  10.1745 128.2887
  -5.000  -0.4866   0.01156   0.00238  -0.0156   0.7755   0.3580  12.3924 129.8946
  -4.000  -0.3940   0.01109   0.00222  -0.0117   0.7244   0.3911  14.5825 131.5364
  -3.000  -0.2970   0.01081   0.00210  -0.0085   0.6751   0.4254  16.6952 133.1871
  -2.000  -0.1988   0.01061   0.00203  -0.0056   0.6276   0.4619  18.7376 134.8990
  -1.000  -0.0999   0.01047   0.00199  -0.0027   0.5827   0.5002  20.6910 136.6481
   0.000  -0.0000   0.01043   0.00198   0.0000   0.5401   0.5401  22.5670 138.4327
   1.000   0.0999   0.01047   0.00199   0.0027   0.5002   0.5827  24.3519 140.3090
   2.000   0.1988   0.01061   0.00203   0.0056   0.4619   0.6276  26.1011 142.2625
   3.000   0.2971   0.01081   0.00211   0.0085   0.4254   0.6751  27.8132 144.3049
   4.000   0.3941   0.01109   0.00223   0.0117   0.3911   0.7244  29.4643 146.4177
   5.000   0.4869   0.01156   0.00239   0.0155   0.3580   0.7755  31.1063 148.6075
   6.000   0.5737   0.01212   0.00258   0.0205   0.3267   0.8266  32.7134 150.8245
   7.000   0.6553   0.01296   0.00290   0.0262   0.2980   0.8764  34.2476 153.0354
   8.000   0.7335   0.01417   0.00340   0.0322   0.2707   0.9224  35.7794 155.2215
   9.000   0.8172   0.01578   0.00408   0.0364   0.2455   0.9614  37.2792 157.3218
  10.000   0.9361   0.01812   0.00516   0.0317   0.2186   0.9809  38.9755 158.5378
  11.000   1.0614   0.02065   0.00639   0.0247   0.1945   0.9936  40.6277 159.4672
  12.000   1.1129   0.02362   0.00752   0.0293   0.1764   1.0000  41.9536 160.0000
  13.000   1.1179   0.02698   0.00868   0.0413   0.1628   1.0000  43.0215 160.0000
  14.000   1.1489   0.03172   0.01097   0.0463   0.1493   1.0000  44.1568 160.0000
  15.000   1.1790   0.03792   0.01436   0.0488   0.1370   1.0000  45.2667 160.0000
