  
       XFOIL         Version 6.99
  
 Calculated polar for: NACA 0010-66                                    
  
 1 1 Reynolds number fixed          Mach number fixed         
  
 xtrf =   1.000 (top)        1.000 (bottom)  
 Mach =   0.000     Re =     0.500 e 6     Ncrit =   9.000  9.000
  
   alpha    CL        CD       CDp       CM     Top_Xtr  Bot_Xtr  Top_Itr  Bot_Itr
  ------ -------- --------- --------- -------- -------- -------- -------- --------
  -6.000  -0.8315   0.01914   0.00831   0.0378   0.9894   0.0387   2.3602  93.3479
  -5.000  -0.7320   0.01778   0.00731   0.0395   0.9860   0.0444   2.7349  93.9125
  -4.000  -0.6303   0.01633   0.00642   0.0408   0.9837   0.0515   2.9760  94.5318
  -3.000  -0.5425   0.01528   0.00593   0.0453   0.9782   0.0658   3.5183  95.6925
  -2.000  -0.4430   0.01416   0.00599   0.0466   0.9746   0.2611   3.8620 108.9540
   0.000  -0.0563   0.01605   0.01030   0.0119   0.9641   0.9623   4.7842 156.0588
   1.000   0.3431   0.01299   0.00763  -0.0493   0.9336   0.9734   7.1007 157.0272
   2.000   0.4430   0.01415   0.00599  -0.0466   0.2611   0.9746  52.0432 157.1390
   3.000   0.5424   0.01528   0.00594  -0.0453   0.0658   0.9782  65.3063 157.4834
   4.000   0.6303   0.01633   0.00643  -0.0408   0.0515   0.9837  66.4683 158.0255
   5.000   0.7319   0.01778   0.00732  -0.0395   0.0444   0.9860  67.0874 158.2670
   6.000   0.8315   0.01914   0.00832  -0.0378   0.0387   0.9895  67.6519 158.6433
   7.000   0.9230   0.02177   0.01023  -0.0346   0.0320   0.9932  68.3716 159.0661
   8.000   1.0188   0.02436   0.01212  -0.0329   0.0253   0.9962  69.2242 159.4762
   9.000   1.1046   0.02727   0.01405  -0.0297   0.0199   1.0000  70.0309 160.0000
  10.000   1.1573   0.02994   0.01642  -0.0191   0.0168   1.0000  70.6127 160.0000
  11.000   1.1736   0.03507   0.02031  -0.0032   0.0147   1.0000  71.0329 160.0000
  12.000   1.1226   0.04198   0.02675   0.0234   0.0139   1.0000  71.2260 160.0000
  13.000   1.0065   0.05400   0.03807   0.0494   0.0138   1.0000  71.2584 160.0000
  14.000   0.5301   0.15095   0.11673   0.0144   0.0265   1.0000  69.0390 160.0000
  15.000   0.5088   0.16225   0.13287   0.0101   0.0226   1.0000  69.6262 160.0000
