  
       XFOIL         Version 6.99
  
 Calculated polar for: NACA 65(3)-618                                  
  
 1 1 Reynolds number fixed          Mach number fixed         
  
 xtrf =   1.000 (top)        1.000 (bottom)  
 Mach =   0.000     Re =     0.500 e 6     Ncrit =   9.000  9.000
  
   alpha    CL        CD       CDp       CM     Top_Xtr  Bot_Xtr  Top_Itr  Bot_Itr
  ------ -------- --------- --------- -------- -------- -------- -------- --------
  -6.000  -0.1481   0.01340   0.00315  -0.1095   0.7505   0.0460  16.8402  99.3167
  -5.000  -0.0529   0.01217   0.00247  -0.1082   0.7342   0.0583  17.7919 100.9369
  -4.000   0.0385   0.00879   0.00166  -0.1089   0.7196   0.5259  18.6417 130.1505
  -3.000   0.1546   0.00897   0.00201  -0.1102   0.7063   0.5992  19.4194 134.3789
  -2.000   0.2699   0.00961   0.00271  -0.1109   0.6945   0.6494  20.1102 137.1754
  -1.000   0.3859   0.00969   0.00270  -0.1125   0.6829   0.6622  20.7935 137.8782
   0.000   0.5013   0.00979   0.00275  -0.1141   0.6720   0.6725  21.4325 138.4422
   1.000   0.6195   0.01003   0.00273  -0.1164   0.6620   0.6838  22.0197 139.0551
   2.000   0.7323   0.01019   0.00290  -0.1175   0.6518   0.6955  22.6255 139.6940
   3.000   0.8469   0.01050   0.00304  -0.1191   0.6420   0.7077  23.2077 140.3509
   4.000   0.9614   0.01078   0.00301  -0.1206   0.6287   0.7217  24.0018 141.1119
   5.000   1.0648   0.01082   0.00280  -0.1197   0.6081   0.7371  25.2332 141.9567
   6.000   1.1559   0.01079   0.00225  -0.1162   0.5729   0.7543  27.3583 142.9089
   7.000   1.2306   0.01120   0.00188  -0.1098   0.5223   0.7744  30.4814 144.0200
   8.000   1.2246   0.01367   0.00203  -0.0895   0.3928   0.8000  38.6122 145.4613
   9.000   1.1765   0.02031   0.00497  -0.0684   0.2280   0.8335  48.8065 147.4102
  11.000   1.1499   0.03532   0.01392  -0.0463   0.0371   1.0000  64.5910 160.0000
  12.000   1.1824   0.04244   0.01865  -0.0436   0.0288   1.0000  66.2010 160.0000
  13.000   1.2088   0.05055   0.02434  -0.0414   0.0247   1.0000  67.1299 160.0000
  14.000   1.2384   0.05888   0.03036  -0.0402   0.0221   1.0000  67.7898 160.0000
  15.000   1.2642   0.06805   0.03716  -0.0396   0.0202   1.0000  68.2994 160.0000
