  
       XFOIL         Version 6.99
  
 Calculated polar for: NACA M18                                        
  
 1 1 Reynolds number fixed          Mach number fixed         
  
 xtrf =   1.000 (top)        1.000 (bottom)  
 Mach =   0.000     Re =     1.000 e 6     Ncrit =   9.000  9.000
  
   alpha    CL        CD       CDp       CM     Top_Xtr  Bot_Xtr  Top_Itr  Bot_Itr
  ------ -------- --------- --------- -------- -------- -------- -------- --------
  -4.000  -0.2305   0.01432   0.00614  -0.0272   0.6276   0.0297  25.3808  96.2059
  -3.000  -0.1206   0.01215   0.00405  -0.0265   0.6078   0.0308  26.5932  96.3851
  -2.000  -0.0097   0.01070   0.00267  -0.0260   0.5886   0.0322  27.7663  96.6190
   0.000   0.2127   0.00901   0.00120  -0.0255   0.5488   0.0367  30.2401  97.3239
   1.000   0.3256   0.00867   0.00091  -0.0259   0.5256   0.0449  31.7029  98.4373
   2.000   0.4147   0.00627   0.00083  -0.0222   0.5014   0.8399  33.2526 148.4804
   3.000   0.5460   0.00678   0.00139  -0.0259   0.4729   0.9793  35.0812 157.8304
   5.000   0.8680   0.00785   0.00192  -0.0497   0.4164   0.9979  38.6962 159.7474
   6.000   0.9872   0.00821   0.00199  -0.0529   0.3922   1.0000  40.2531 160.0000
   7.000   1.0888   0.00867   0.00207  -0.0525   0.3604   1.0000  42.3145 160.0000
   8.000   1.1834   0.00958   0.00230  -0.0511   0.3011   1.0000  46.2354 160.0000
   9.000   1.2665   0.01118   0.00293  -0.0480   0.2211   1.0000  51.5493 160.0000
  10.000   1.3109   0.01471   0.00467  -0.0389   0.0863   1.0000  61.3914 160.0000
  11.000   1.3144   0.01841   0.00648  -0.0228   0.0242   1.0000  68.6590 160.0000
  12.000   1.3452   0.02271   0.00895  -0.0160   0.0176   1.0000  70.1463 160.0000
  13.000   1.3721   0.02935   0.01326  -0.0132   0.0146   1.0000  70.9403 160.0000
  14.000   1.3923   0.03753   0.01889  -0.0120   0.0132   1.0000  71.3639 160.0000
  15.000   1.3938   0.04806   0.02651  -0.0115   0.0120   1.0000  71.7666 160.0000
