  
       XFOIL         Version 6.99
  
 Calculated polar for: NACA 65(3)-218                                  
  
 1 1 Reynolds number fixed          Mach number fixed         
  
 xtrf =   1.000 (top)        1.000 (bottom)  
 Mach =   0.000     Re =     0.500 e 6     Ncrit =   9.000  9.000
  
   alpha    CL        CD       CDp       CM     Top_Xtr  Bot_Xtr  Top_Itr  Bot_Itr
  ------ -------- --------- --------- -------- -------- -------- -------- --------
  -6.000  -0.4461   0.01284   0.00255  -0.0419   0.7534   0.1012  17.1527 103.6102
  -5.000  -0.4029   0.00898   0.00159  -0.0331   0.7360   0.5170  18.1580 129.4983
  -4.000  -0.2924   0.00898   0.00187  -0.0334   0.7209   0.5869  19.0318 133.7319
  -3.000  -0.1795   0.00938   0.00255  -0.0337   0.7074   0.6329  19.8222 136.4440
  -2.000  -0.0640   0.00947   0.00269  -0.0350   0.6947   0.6510  20.5621 137.4940
  -1.000   0.0524   0.00944   0.00257  -0.0367   0.6833   0.6619  21.2309 138.1290
   0.000   0.1692   0.00945   0.00256  -0.0385   0.6725   0.6725  21.8654 138.7413
   1.000   0.2851   0.00951   0.00264  -0.0401   0.6619   0.6833  22.4974 139.3610
   2.000   0.4018   0.00971   0.00268  -0.0420   0.6519   0.6954  23.0894 140.0530
   3.000   0.5168   0.00981   0.00279  -0.0434   0.6401   0.7076  23.7888 140.7503
   4.000   0.6294   0.00976   0.00254  -0.0440   0.6183   0.7213  25.0917 141.5238
   5.000   0.7346   0.00952   0.00201  -0.0431   0.5771   0.7362  27.5832 142.3680
   6.000   0.8328   0.00975   0.00171  -0.0411   0.5117   0.7533  31.6305 143.3263
   7.000   0.8373   0.01286   0.00222  -0.0234   0.2618   0.7746  47.1822 144.5256
   8.000   0.8111   0.01788   0.00400  -0.0047   0.0719   0.8023  60.2229 146.0938
   9.000   0.8396   0.02180   0.00594   0.0040   0.0392   0.8329  64.1572 147.8611
  10.000   0.8749   0.02571   0.00814   0.0109   0.0327   0.8719  65.2709 150.1780
  11.000   0.9054   0.03048   0.01113   0.0168   0.0289   0.9522  65.9784 155.4852
  12.000   0.9639   0.03546   0.01450   0.0167   0.0265   1.0000  66.4921 160.0000
  13.000   1.0109   0.04073   0.01758   0.0192   0.0242   1.0000  66.9916 160.0000
  14.000   1.0652   0.04579   0.02091   0.0207   0.0231   1.0000  67.2819 160.0000
  15.000   1.1175   0.05149   0.02473   0.0218   0.0219   1.0000  67.5695 160.0000
