  
       XFOIL         Version 6.99
  
 Calculated polar for: NACA 66(3)-218                                  
  
 1 1 Reynolds number fixed          Mach number fixed         
  
 xtrf =   1.000 (top)        1.000 (bottom)  
 Mach =   0.000     Re =     0.500 e 6     Ncrit =   9.000  9.000
  
   alpha    CL        CD       CDp       CM     Top_Xtr  Bot_Xtr  Top_Itr  Bot_Itr
  ------ -------- --------- --------- -------- -------- -------- -------- --------
  -6.000  -0.3035   0.01422   0.00239  -0.0688   0.7964   0.0945  14.9642 102.9416
  -5.000  -0.3402   0.01090   0.00247  -0.0449   0.7873   0.4058  15.4977 121.9791
  -4.000  -0.2900   0.00978   0.00321  -0.0342   0.7815   0.6837  15.8345 138.9566
  -3.000  -0.1777   0.01118   0.00479  -0.0340   0.7773   0.7290  16.0859 141.6717
  -2.000  -0.0661   0.01241   0.00611  -0.0341   0.7727   0.7528  16.3541 143.0668
  -1.000   0.0458   0.01281   0.00661  -0.0351   0.7682   0.7606  16.6239 143.5144
   0.000   0.1555   0.01281   0.00641  -0.0365   0.7640   0.7686  16.8699 143.9728
   1.000   0.2603   0.01291   0.00656  -0.0368   0.7574   0.7729  17.2642 144.2219
   2.000   0.3726   0.01273   0.00635  -0.0382   0.7493   0.7771  17.7496 144.4602
   3.000   0.4844   0.01244   0.00587  -0.0394   0.7384   0.7816  18.4074 144.7130
   4.000   0.6056   0.01128   0.00447  -0.0416   0.7183   0.7861  19.6361 144.9716
   5.000   0.7087   0.01000   0.00285  -0.0397   0.6748   0.7907  22.3247 145.2333
   6.000   0.7280   0.01041   0.00146  -0.0219   0.5232   0.7983  32.0286 145.6619
   7.000   0.6735   0.01475   0.00200   0.0047   0.3083   0.8087  44.8722 146.2526
   8.000   0.6634   0.01975   0.00357   0.0200   0.0719   0.8196  60.5157 146.8788
   9.000   0.7126   0.02272   0.00474   0.0264   0.0368   0.8293  64.7669 147.4379
  10.000   0.7620   0.02604   0.00629   0.0320   0.0293   0.8409  66.1072 148.1166
  11.000   0.8105   0.02968   0.00816   0.0371   0.0253   0.8544  66.9448 148.9167
  12.000   0.8628   0.03340   0.01026   0.0413   0.0233   0.8706  67.4257 149.8796
  13.000   0.9189   0.03721   0.01238   0.0447   0.0217   0.8901  67.8055 151.0491
  14.000   0.9893   0.04129   0.01453   0.0470   0.0206   0.9129  68.0743 152.4903
  15.000   1.0397   0.04721   0.01909   0.0485   0.0198   0.9572  68.3194 155.7432
