  
       XFOIL         Version 6.99
  
 Calculated polar for: NACA 2410                                       
  
 1 1 Reynolds number fixed          Mach number fixed         
  
 xtrf =   1.000 (top)        1.000 (bottom)  
 Mach =   0.000     Re =     0.500 e 6     Ncrit =   9.000  9.000
  
   alpha    CL        CD       CDp       CM     Top_Xtr  Bot_Xtr  Top_Itr  Bot_Itr
  ------ -------- --------- --------- -------- -------- -------- -------- --------
  -6.000  -0.4850   0.01343   0.00468  -0.0423   0.9905   0.0435   2.1951  95.6025
  -5.000  -0.3440   0.01146   0.00319  -0.0491   0.9798   0.0533   3.2618  96.5478
  -4.000  -0.2019   0.00987   0.00210  -0.0557   0.9674   0.0772   4.3295  98.5145
  -3.000  -0.0756   0.00843   0.00148  -0.0588   0.9458   0.2045   5.9241 107.2300
  -2.000   0.0322   0.00731   0.00114  -0.0576   0.9080   0.3848   8.4081 118.9244
  -1.000   0.1321   0.00597   0.00100  -0.0544   0.8580   0.7319  11.7515 141.2747
   0.000   0.2380   0.00567   0.00105  -0.0511   0.7960   0.9582  15.8761 156.0131
   2.000   0.4882   0.00648   0.00087  -0.0564   0.6323   1.0000  26.5981 160.0000
   3.000   0.5868   0.00719   0.00092  -0.0535   0.5356   1.0000  32.9360 160.0000
   4.000   0.6873   0.00801   0.00107  -0.0512   0.4364   1.0000  39.4468 160.0000
   5.000   0.7860   0.00927   0.00140  -0.0490   0.3058   1.0000  48.1245 160.0000
   6.000   0.8754   0.01182   0.00239  -0.0459   0.1060   1.0000  61.8840 160.0000
   7.000   0.9672   0.01415   0.00369  -0.0427   0.0503   1.0000  66.3313 160.0000
   8.000   1.0562   0.01649   0.00522  -0.0393   0.0418   1.0000  67.1838 160.0000
   9.000   1.1346   0.01969   0.00727  -0.0346   0.0344   1.0000  68.0115 160.0000
  10.000   1.2166   0.02194   0.00885  -0.0308   0.0286   1.0000  68.7806 160.0000
  11.000   1.2793   0.02531   0.01109  -0.0245   0.0230   1.0000  69.6389 160.0000
  12.000   1.3201   0.02977   0.01406  -0.0164   0.0191   1.0000  70.3412 160.0000
  13.000   1.3519   0.03509   0.01767  -0.0105   0.0162   1.0000  70.9405 160.0000
  14.000   1.3634   0.04376   0.02448  -0.0069   0.0144   1.0000  71.3963 160.0000
  15.000   1.3616   0.05558   0.03409  -0.0080   0.0131   1.0000  71.7241 160.0000
