  
       XFOIL         Version 6.99
  
 Calculated polar for: NACA 65(4)-421                                  
  
 1 1 Reynolds number fixed          Mach number fixed         
  
 xtrf =   1.000 (top)        1.000 (bottom)  
 Mach =   0.000     Re =     1.000 e 6     Ncrit =   9.000  9.000
  
   alpha    CL        CD       CDp       CM     Top_Xtr  Bot_Xtr  Top_Itr  Bot_Itr
  ------ -------- --------- --------- -------- -------- -------- -------- --------
  -6.000  -0.3135   0.01065   0.00164  -0.0704   0.6725   0.1403  20.5358 108.7877
  -5.000  -0.2487   0.00757   0.00077  -0.0656   0.6604   0.4672  21.2102 127.9523
  -4.000  -0.1345   0.00729   0.00087  -0.0672   0.6500   0.5417  21.7948 132.3329
  -3.000  -0.0166   0.00738   0.00109  -0.0691   0.6405   0.5764  22.3293 134.3021
  -2.000   0.1012   0.00754   0.00126  -0.0711   0.6310   0.5965  22.8633 135.4050
  -1.000   0.2199   0.00758   0.00125  -0.0733   0.6230   0.6045  23.3147 135.8405
   0.000   0.3375   0.00760   0.00122  -0.0754   0.6146   0.6123  23.7922 136.2667
   1.000   0.4552   0.00773   0.00127  -0.0776   0.6068   0.6207  24.2353 136.7148
   2.000   0.5723   0.00782   0.00127  -0.0796   0.5992   0.6287  24.6702 137.1469
   3.000   0.6886   0.00803   0.00135  -0.0816   0.5911   0.6381  25.1337 137.6512
   4.000   0.8021   0.00814   0.00130  -0.0829   0.5803   0.6470  25.7613 138.1226
   5.000   0.9089   0.00828   0.00110  -0.0829   0.5591   0.6583  27.0030 138.7212
   6.000   1.0086   0.00844   0.00089  -0.0816   0.5293   0.6695  28.7894 139.3103
   7.000   1.0834   0.00908   0.00065  -0.0756   0.4769   0.6819  31.9854 139.9630
   8.000   1.0660   0.01223   0.00098  -0.0546   0.3406   0.6982  40.3026 140.8038
   9.000   1.0342   0.01787   0.00300  -0.0365   0.2099   0.7160  48.1926 141.7227
  10.000   1.0204   0.02445   0.00618  -0.0246   0.1088   0.7364  55.1054 142.7752
  11.000   1.0189   0.03164   0.01025  -0.0165   0.0355   0.7583  63.8400 143.9085
  12.000   1.0563   0.03695   0.01336  -0.0128   0.0262   0.7843  65.9324 145.2668
  13.000   1.0956   0.04255   0.01679  -0.0101   0.0225   0.8157  66.9142 146.9464
  14.000   1.1356   0.04834   0.02045  -0.0081   0.0204   0.8547  67.5127 149.1441
  15.000   1.1610   0.05582   0.02576  -0.0063   0.0187   0.9581  68.0159 156.0109
