  
       XFOIL         Version 6.99
  
 Calculated polar for: NACA 23015                                      
  
 1 1 Reynolds number fixed          Mach number fixed         
  
 xtrf =   1.000 (top)        1.000 (bottom)  
 Mach =   0.000     Re =     0.500 e 6     Ncrit =   9.000  9.000
  
   alpha    CL        CD       CDp       CM     Top_Xtr  Bot_Xtr  Top_Itr  Bot_Itr
  ------ -------- --------- --------- -------- -------- -------- -------- --------
  -6.000  -0.4881   0.01349   0.00428  -0.0201   0.9682   0.0653   3.8663 104.6815
  -5.000  -0.3733   0.01184   0.00310  -0.0202   0.9330   0.0743   6.1659 105.6998
  -4.000  -0.2729   0.01063   0.00222  -0.0168   0.8779   0.0928   9.2820 107.4876
  -3.000  -0.1883   0.00813   0.00132  -0.0115   0.8017   0.4492  13.4095 128.8126
  -2.000  -0.0873   0.00760   0.00117  -0.0085   0.7245   0.5946  17.5152 136.6318
   0.000   0.1201   0.00756   0.00129  -0.0031   0.5619   0.8023  26.2133 147.6827
   1.000   0.2253   0.00797   0.00148  -0.0008   0.4784   0.8690  30.7204 151.2583
   2.000   0.3302   0.00864   0.00177   0.0015   0.3997   0.9206  35.0265 154.1163
   3.000   0.4441   0.00958   0.00219   0.0016   0.3244   0.9560  39.2096 156.2879
   4.000   0.5843   0.01067   0.00270  -0.0045   0.2660   0.9743  42.5564 157.6121
   5.000   0.7316   0.01167   0.00323  -0.0126   0.2342   0.9874  44.4451 158.6915
   6.000   0.8786   0.01267   0.00372  -0.0210   0.2111   0.9982  45.8444 159.8019
   7.000   0.9692   0.01347   0.00404  -0.0178   0.1949   1.0000  46.8565 160.0000
   8.000   1.0444   0.01428   0.00432  -0.0114   0.1802   1.0000  47.8003 160.0000
   9.000   1.1196   0.01520   0.00463  -0.0050   0.1655   1.0000  48.7920 160.0000
  10.000   1.1947   0.01635   0.00501   0.0010   0.1491   1.0000  49.9609 160.0000
  11.000   1.2732   0.01760   0.00546   0.0058   0.1299   1.0000  51.4537 160.0000
  12.000   1.3338   0.01961   0.00627   0.0126   0.1064   1.0000  53.4744 160.0000
  13.000   1.3805   0.02298   0.00804   0.0193   0.0862   1.0000  55.4793 160.0000
  14.000   1.4086   0.02843   0.01133   0.0246   0.0737   1.0000  56.8980 160.0000
  15.000   1.4238   0.03638   0.01665   0.0268   0.0660   1.0000  57.8709 160.0000
