  
       XFOIL         Version 6.99
  
 Calculated polar for: NACA 23018                                      
  
 1 1 Reynolds number fixed          Mach number fixed         
  
 xtrf =   1.000 (top)        1.000 (bottom)  
 Mach =   0.000     Re =     0.500 e 6     Ncrit =   9.000  9.000
  
   alpha    CL        CD       CDp       CM     Top_Xtr  Bot_Xtr  Top_Itr  Bot_Itr
  ------ -------- --------- --------- -------- -------- -------- -------- --------
  -6.000  -0.4925   0.01066   0.00241  -0.0181   0.9061   0.2512   7.3000 121.4712
  -5.000  -0.3981   0.00945   0.00196  -0.0140   0.8572   0.3762   9.7429 128.1595
  -4.000  -0.2952   0.00890   0.00169  -0.0112   0.7971   0.4467  12.6602 131.6790
  -3.000  -0.1914   0.00864   0.00150  -0.0086   0.7246   0.5129  16.1312 134.8888
  -2.000  -0.0876   0.00846   0.00143  -0.0061   0.6535   0.5847  19.4859 138.3197
  -1.000   0.0172   0.00844   0.00141  -0.0039   0.5840   0.6502  22.8085 141.4254
   0.000   0.1227   0.00855   0.00147  -0.0019   0.5219   0.7169  25.7852 144.5802
   1.000   0.2285   0.00877   0.00163  -0.0000   0.4647   0.7829  28.5525 147.7055
   2.000   0.3338   0.00919   0.00185   0.0020   0.4059   0.8406  31.4636 150.4627
   3.000   0.4364   0.00985   0.00216   0.0045   0.3468   0.8909  34.4908 152.9390
   4.000   0.5369   0.01077   0.00262   0.0072   0.2985   0.9315  37.0500 155.0975
   5.000   0.6472   0.01186   0.00317   0.0077   0.2631   0.9617  39.0066 156.9330
   6.000   0.7876   0.01297   0.00380   0.0012   0.2368   0.9774  40.5309 158.0280
   7.000   0.9360   0.01419   0.00445  -0.0075   0.2160   0.9880  41.7925 158.8569
   8.000   1.0809   0.01548   0.00509  -0.0160   0.1969   0.9983  43.0105 159.8279
   9.000   1.1431   0.01634   0.00524  -0.0079   0.1832   1.0000  43.9332 160.0000
  10.000   1.1678   0.01718   0.00517   0.0076   0.1698   1.0000  44.8917 160.0000
  11.000   1.2190   0.01864   0.00553   0.0166   0.1526   1.0000  46.2170 160.0000
  12.000   1.2778   0.02099   0.00648   0.0223   0.1347   1.0000  47.7228 160.0000
  13.000   1.3275   0.02454   0.00824   0.0271   0.1194   1.0000  49.1413 160.0000
  14.000   1.3688   0.02938   0.01093   0.0304   0.1079   1.0000  50.3217 160.0000
  15.000   1.3956   0.03621   0.01510   0.0323   0.0987   1.0000  51.3338 160.0000
