  
       XFOIL         Version 6.99
  
 Calculated polar for: NACA 2418                                       
  
 1 1 Reynolds number fixed          Mach number fixed         
  
 xtrf =   1.000 (top)        1.000 (bottom)  
 Mach =   0.000     Re =     0.500 e 6     Ncrit =   9.000  9.000
  
   alpha    CL        CD       CDp       CM     Top_Xtr  Bot_Xtr  Top_Itr  Bot_Itr
  ------ -------- --------- --------- -------- -------- -------- -------- --------
  -6.000  -0.3969   0.01124   0.00282  -0.0585   0.8857   0.1882   8.5453 118.3681
  -5.000  -0.2916   0.01040   0.00238  -0.0568   0.8484   0.2414  10.4833 121.5603
  -4.000  -0.1837   0.00987   0.00203  -0.0555   0.8062   0.2879  12.6395 124.0584
  -3.000  -0.0766   0.00941   0.00172  -0.0540   0.7601   0.3381  14.9672 126.6155
  -2.000   0.0294   0.00901   0.00152  -0.0525   0.7111   0.4112  17.4082 130.2386
  -1.000   0.1335   0.00869   0.00142  -0.0505   0.6608   0.5200  19.9039 135.5337
   0.000   0.2381   0.00856   0.00144  -0.0485   0.6115   0.6249  22.3853 140.4967
   1.000   0.3422   0.00862   0.00149  -0.0464   0.5632   0.7144  24.8246 144.6814
   2.000   0.4466   0.00878   0.00166  -0.0442   0.5256   0.8070  26.7165 149.0547
   3.000   0.5491   0.00912   0.00191  -0.0414   0.4907   0.8896  28.4720 153.0218
   4.000   0.6547   0.00971   0.00219  -0.0391   0.4548   0.9488  30.3102 156.1983
   5.000   0.7999   0.01066   0.00259  -0.0460   0.4056   0.9808  32.8903 158.3274
   6.000   0.9540   0.01162   0.00294  -0.0556   0.3541   0.9959  35.6740 159.6044
   7.000   1.0347   0.01251   0.00302  -0.0505   0.3062   1.0000  38.3198 160.0000
   8.000   1.0782   0.01352   0.00305  -0.0377   0.2632   1.0000  40.8023 160.0000
   9.000   1.1326   0.01497   0.00338  -0.0278   0.2239   1.0000  43.1795 160.0000
  10.000   1.1977   0.01689   0.00407  -0.0211   0.1881   1.0000  45.4780 160.0000
  11.000   1.2555   0.01959   0.00520  -0.0147   0.1519   1.0000  48.0755 160.0000
  12.000   1.3048   0.02322   0.00699  -0.0087   0.1228   1.0000  50.4887 160.0000
  13.000   1.3436   0.02810   0.00970  -0.0035   0.1024   1.0000  52.4184 160.0000
  14.000   1.3705   0.03465   0.01365   0.0005   0.0861   1.0000  54.2046 160.0000
  15.000   1.3860   0.04315   0.01919   0.0028   0.0739   1.0000  55.7513 160.0000
