  
       XFOIL         Version 6.99
  
 Calculated polar for: NACA 63(3)-618                                  
  
 1 1 Reynolds number fixed          Mach number fixed         
  
 xtrf =   1.000 (top)        1.000 (bottom)  
 Mach =   0.000     Re =     0.500 e 6     Ncrit =   9.000  9.000
  
   alpha    CL        CD       CDp       CM     Top_Xtr  Bot_Xtr  Top_Itr  Bot_Itr
  ------ -------- --------- --------- -------- -------- -------- -------- --------
  -6.000  -0.1919   0.01067   0.00197  -0.1039   0.7372   0.2023  16.8674 112.8861
  -5.000  -0.0791   0.00909   0.00154  -0.1062   0.7152   0.4127  18.0643 125.0626
  -4.000   0.0386   0.00892   0.00161  -0.1076   0.6939   0.4784  19.2356 128.7458
  -3.000   0.1564   0.00900   0.00180  -0.1088   0.6734   0.5249  20.3673 131.2906
  -2.000   0.2740   0.00915   0.00191  -0.1100   0.6534   0.5552  21.4791 132.9215
  -1.000   0.3912   0.00924   0.00194  -0.1111   0.6342   0.5767  22.5491 134.0672
   0.000   0.5078   0.00937   0.00201  -0.1123   0.6161   0.5974  23.5696 135.1623
   1.000   0.6239   0.00956   0.00209  -0.1133   0.5981   0.6171  24.5838 136.1947
   2.000   0.7389   0.00980   0.00220  -0.1143   0.5801   0.6376  25.6033 137.2604
   3.000   0.8526   0.01010   0.00233  -0.1150   0.5618   0.6591  26.6483 138.3791
   4.000   0.9649   0.01047   0.00248  -0.1155   0.5434   0.6814  27.6967 139.5404
   5.000   1.0741   0.01092   0.00255  -0.1155   0.5209   0.7058  28.9922 140.8221
   6.000   1.1784   0.01129   0.00265  -0.1145   0.4948   0.7311  30.5079 142.1670
   7.000   1.2735   0.01187   0.00266  -0.1120   0.4561   0.7582  32.7760 143.6393
   8.000   1.3570   0.01279   0.00283  -0.1076   0.4082   0.7879  35.6240 145.2732
   9.000   1.3975   0.01466   0.00328  -0.0961   0.3342   0.8239  40.1286 147.3066
  10.000   1.3923   0.01897   0.00516  -0.0804   0.2384   0.8782  46.0511 150.5324
  11.000   1.3825   0.02537   0.00863  -0.0689   0.1579   1.0000  51.2959 160.0000
  12.000   1.3839   0.03376   0.01385  -0.0629   0.0983   1.0000  55.7916 160.0000
  13.000   1.3847   0.04360   0.02055  -0.0593   0.0599   1.0000  59.7745 160.0000
  14.000   1.3941   0.05393   0.02799  -0.0579   0.0458   1.0000  61.8253 160.0000
  15.000   1.4023   0.06548   0.03671  -0.0582   0.0393   1.0000  62.9681 160.0000
