  
       XFOIL         Version 6.99
  
 Calculated polar for: NACA 0010-35                                    
  
 1 1 Reynolds number fixed          Mach number fixed         
  
 xtrf =   1.000 (top)        1.000 (bottom)  
 Mach =   0.000     Re =     1.000 e 6     Ncrit =   9.000  9.000
  
   alpha    CL        CD       CDp       CM     Top_Xtr  Bot_Xtr  Top_Itr  Bot_Itr
  ------ -------- --------- --------- -------- -------- -------- -------- --------
  -5.000  -0.4717   0.01368   0.00426  -0.0154   0.9757   0.0068   3.9817  85.9323
  -4.000  -0.3760   0.01024   0.00240  -0.0128   0.9672   0.0120   4.7442  86.9018
  -3.000  -0.2827   0.00792   0.00166  -0.0103   0.9580   0.2679   5.4929 106.3082
  -2.000  -0.2238   0.00516   0.00135   0.0003   0.9445   0.8276   6.5124 145.8697
  -1.000  -0.1099   0.00510   0.00157  -0.0003   0.9377   0.8995   7.0098 151.1845
   0.000  -0.0000   0.00514   0.00167  -0.0000   0.9245   0.9245   7.9987 153.0013
   1.000   0.1099   0.00509   0.00157   0.0003   0.8995   0.9377   9.8154 153.9903
   2.000   0.2238   0.00516   0.00135  -0.0003   0.8276   0.9445  15.1295 154.4879
   3.000   0.2827   0.00792   0.00166   0.0103   0.2680   0.9581  54.6882 155.5079
   4.000   0.3760   0.01024   0.00240   0.0128   0.0120   0.9672  74.0983 156.2561
   5.000   0.4718   0.01368   0.00426   0.0154   0.0068   0.9757  75.0678 157.0188
