  
       XFOIL         Version 6.99
  
 Calculated polar for: NACA CYH                                        
  
 1 1 Reynolds number fixed          Mach number fixed         
  
 xtrf =   1.000 (top)        1.000 (bottom)  
 Mach =   0.000     Re =     1.000 e 6     Ncrit =   9.000  9.000
  
   alpha    CL        CD       CDp       CM     Top_Xtr  Bot_Xtr  Top_Itr  Bot_Itr
  ------ -------- --------- --------- -------- -------- -------- -------- --------
  -6.000  -0.3370   0.01150   0.00335  -0.0353   0.7393   0.0327  18.8295  95.9132
  -5.000  -0.2302   0.00998   0.00211  -0.0337   0.7133   0.0348  20.4604  96.2046
  -4.000  -0.1202   0.00912   0.00141  -0.0326   0.6872   0.0376  22.0936  96.5667
  -3.000  -0.0082   0.00854   0.00095  -0.0321   0.6615   0.0431  23.7236  97.2390
  -2.000   0.1017   0.00770   0.00066  -0.0315   0.6351   0.1616  25.4088 106.1043
  -1.000   0.2098   0.00686   0.00055  -0.0309   0.6029   0.3943  27.4819 120.6664
   0.000   0.3003   0.00543   0.00067  -0.0260   0.5655   0.9258  29.9043 153.9697
   1.000   0.4181   0.00591   0.00092  -0.0267   0.5147   0.9744  33.1805 157.3789
   2.000   0.5677   0.00672   0.00119  -0.0354   0.4238   0.9875  39.0810 158.5674
   3.000   0.7086   0.00759   0.00146  -0.0429   0.3403   0.9953  44.4952 159.4189
   4.000   0.8372   0.00812   0.00164  -0.0479   0.3088   0.9998  46.5016 159.9709
   5.000   0.9346   0.00863   0.00180  -0.0463   0.2841   1.0000  48.0816 160.0000
   6.000   1.0258   0.00930   0.00197  -0.0435   0.2426   1.0000  50.8467 160.0000
   7.000   1.1038   0.01098   0.00264  -0.0389   0.1474   1.0000  57.5645 160.0000
   8.000   1.1802   0.01286   0.00354  -0.0343   0.0867   1.0000  62.1060 160.0000
   9.000   1.2470   0.01571   0.00500  -0.0291   0.0205   1.0000  70.0307 160.0000
  10.000   1.3111   0.01843   0.00649  -0.0238   0.0129   1.0000  71.9144 160.0000
  11.000   1.3613   0.02153   0.00827  -0.0178   0.0112   1.0000  72.4804 160.0000
  12.000   1.3835   0.02789   0.01240  -0.0131   0.0096   1.0000  72.9884 160.0000
  13.000   1.4136   0.03486   0.01727  -0.0120   0.0089   1.0000  73.3004 160.0000
  14.000   1.4181   0.04518   0.02495  -0.0121   0.0082   1.0000  73.5783 160.0000
  15.000   1.3983   0.05970   0.03647  -0.0145   0.0077   1.0000  73.7619 160.0000
