  
       XFOIL         Version 6.99
  
 Calculated polar for: SC(2)-0714 | Supercritical airfoil (coordinates 
  
 1 1 Reynolds number fixed          Mach number fixed         
  
 xtrf =   1.000 (top)        1.000 (bottom)  
 Mach =   0.000     Re =     1.000 e 6     Ncrit =   9.000  9.000
  
   alpha    CL        CD       CDp       CM     Top_Xtr  Bot_Xtr  Top_Itr  Bot_Itr
  ------ -------- --------- --------- -------- -------- -------- -------- --------
  -6.000  -0.1855   0.00991   0.00272  -0.1179   0.9622   0.1071   4.1998 103.9011
  -5.000  -0.0417   0.00839   0.00221  -0.1270   0.9565   0.2283   4.5873 111.3667
  -4.000   0.1213   0.00620   0.00168  -0.1407   0.9524   0.5604   4.8680 130.8307
  -3.000   0.2417   0.00603   0.00166  -0.1416   0.9367   0.6070   5.8937 133.6234
  -2.000   0.3565   0.00592   0.00142  -0.1407   0.9006   0.6278   8.1514 134.8516
  -1.000   0.4720   0.00614   0.00148  -0.1403   0.8521   0.6448  11.0589 135.8286
   0.000   0.5744   0.00730   0.00146  -0.1374   0.6244   0.6521  24.1749 136.2476
   1.000   0.6653   0.01001   0.00216  -0.1334   0.2404   0.6584  45.7786 136.6074
   2.000   0.7714   0.01141   0.00257  -0.1322   0.1107   0.6637  53.6887 136.9108
   3.000   0.8802   0.01238   0.00297  -0.1313   0.0705   0.6688  57.0647 137.2019
   4.000   0.9876   0.01332   0.00347  -0.1300   0.0594   0.6742  58.2826 137.5112
   5.000   1.0925   0.01442   0.00403  -0.1283   0.0513   0.6800  59.2993 137.8410
   6.000   1.1945   0.01563   0.00469  -0.1260   0.0449   0.6863  60.2082 138.2029
   7.000   1.2926   0.01695   0.00537  -0.1230   0.0395   0.6919  61.0801 138.5208
   8.000   1.3877   0.01831   0.00605  -0.1196   0.0357   0.6978  61.7631 138.8561
   9.000   1.4741   0.02004   0.00703  -0.1147   0.0326   0.7037  62.3686 139.1961
  10.000   1.5443   0.02213   0.00817  -0.1069   0.0301   0.7100  62.8829 139.5589
  11.000   1.6061   0.02470   0.00970  -0.0982   0.0285   0.7165  63.2332 139.9334
  12.000   1.6651   0.02754   0.01143  -0.0899   0.0271   0.7239  63.5756 140.3595
  13.000   1.7045   0.03185   0.01411  -0.0801   0.0256   0.7310  63.9095 140.7741
  14.000   1.7350   0.03714   0.01768  -0.0708   0.0247   0.7381  64.1319 141.1875
  15.000   1.7560   0.04371   0.02230  -0.0629   0.0239   0.7459  64.3307 141.6361
