  
       XFOIL         Version 6.99
  
 Calculated polar for: ONERA NACA CAMBRE AIRFOIL                       
  
 1 1 Reynolds number fixed          Mach number fixed         
  
 xtrf =   1.000 (top)        1.000 (bottom)  
 Mach =   0.000     Re =     1.000 e 6     Ncrit =   9.000  9.000
  
   alpha    CL        CD       CDp       CM     Top_Xtr  Bot_Xtr  Top_Itr  Bot_Itr
  ------ -------- --------- --------- -------- -------- -------- -------- --------
  -6.000  -0.5456   0.01363   0.00568  -0.0139   0.9881   0.0196   2.3588  92.3619
  -5.000  -0.4170   0.01143   0.00383  -0.0178   0.9740   0.0214   3.5477  92.8243
  -4.000  -0.3114   0.00967   0.00250  -0.0162   0.9355   0.0239   6.1569  93.4060
  -3.000  -0.2091   0.00870   0.00162  -0.0136   0.8700   0.0277  10.3314  94.2026
  -2.000  -0.1033   0.00821   0.00108  -0.0118   0.7804   0.0359  15.8733  95.6254
  -1.000  -0.0040   0.00653   0.00048  -0.0098   0.6863   0.3998  21.6437 121.8901
   0.000   0.0966   0.00561   0.00043  -0.0076   0.5962   0.7221  27.1505 141.6067
   1.000   0.2008   0.00564   0.00057  -0.0055   0.5024   0.8654  32.9206 150.4121
   2.000   0.3061   0.00604   0.00078  -0.0034   0.4236   0.9378  37.7273 155.0033
   3.000   0.4179   0.00676   0.00102  -0.0032   0.3345   0.9730  43.2954 157.3801
   4.000   0.5507   0.00756   0.00131  -0.0081   0.2586   0.9861  48.0778 158.4614
   5.000   0.6889   0.00836   0.00162  -0.0144   0.2025   0.9945  51.7090 159.3164
   6.000   0.8197   0.00917   0.00196  -0.0193   0.1586   1.0000  54.6462 160.0000
   7.000   0.9090   0.01008   0.00235  -0.0154   0.1226   1.0000  57.1915 160.0000
   8.000   0.9984   0.01108   0.00283  -0.0115   0.0982   1.0000  59.0394 160.0000
   9.000   1.0904   0.01210   0.00336  -0.0082   0.0834   1.0000  60.2561 160.0000
  10.000   1.1839   0.01337   0.00399  -0.0057   0.0652   1.0000  61.9034 160.0000
  11.000   1.2644   0.01598   0.00550  -0.0018   0.0269   1.0000  67.0245 160.0000
  12.000   1.3439   0.01838   0.00701   0.0020   0.0205   1.0000  68.4113 160.0000
  13.000   1.4079   0.02134   0.00888   0.0076   0.0175   1.0000  69.1853 160.0000
  14.000   1.4491   0.02500   0.01122   0.0151   0.0157   1.0000  69.6985 160.0000
  15.000   1.4591   0.03230   0.01634   0.0201   0.0144   1.0000  70.0897 160.0000
