  
       XFOIL         Version 6.99
  
 Calculated polar for: NLR-7223-43 AIRFOIL                             
  
 1 1 Reynolds number fixed          Mach number fixed         
  
 xtrf =   1.000 (top)        1.000 (bottom)  
 Mach =   0.000     Re =     0.500 e 6     Ncrit =   9.000  9.000
  
   alpha    CL        CD       CDp       CM     Top_Xtr  Bot_Xtr  Top_Itr  Bot_Itr
  ------ -------- --------- --------- -------- -------- -------- -------- --------
  -5.000  -0.3613   0.01369   0.01248  -0.0443   0.9761   0.0302   3.5557  93.2578
  -4.000  -0.2623   0.01422   0.00500  -0.0423   0.9722   0.0183   3.8824  91.1269
  -3.000  -0.1472   0.01148   0.00302  -0.0434   0.9621   0.0214   4.6357  91.7970
  -2.000  -0.0017   0.00769   0.00133  -0.0512   0.9471   0.3757   5.7189 117.1974
  -1.000   0.1172   0.00712   0.00203  -0.0503   0.9118   0.7554   8.1237 142.6929
   0.000   0.2259   0.00705   0.00196  -0.0485   0.8781   0.7805  10.3195 144.3953
   1.000   0.3353   0.00691   0.00162  -0.0473   0.8194   0.7833  14.1896 144.5864
   2.000   0.4220   0.00821   0.00138  -0.0416   0.4938   0.7849  35.6254 144.7009
   3.000   0.5135   0.01007   0.00176  -0.0385   0.2241   0.7871  53.2047 144.8461
   4.000   0.6170   0.01099   0.00214  -0.0372   0.1806   0.7890  56.0927 144.9780
   5.000   0.7212   0.01170   0.00256  -0.0361   0.1601   0.7919  57.4764 145.1772
   6.000   0.8251   0.01238   0.00280  -0.0350   0.1322   0.7960  59.3984 145.4542
   7.000   0.9274   0.01324   0.00290  -0.0339   0.0795   0.8011  63.6826 145.8032
   8.000   1.0144   0.01612   0.00447  -0.0302   0.0250   0.8084  69.7102 146.2896
   9.000   1.0957   0.01919   0.00648  -0.0257   0.0192   0.8211  70.8198 147.1364
  10.000   1.1612   0.02292   0.00927  -0.0187   0.0168   0.9076  71.3792 152.8848
  11.000   1.2263   0.02798   0.01295  -0.0137   0.0153   1.0000  71.7599 160.0000
  12.000   1.2450   0.03608   0.01885  -0.0032   0.0145   1.0000  71.9602 160.0000
  13.000   1.2167   0.04601   0.02721   0.0074   0.0141   1.0000  72.0608 160.0000
  14.000   1.1602   0.06235   0.04205   0.0060   0.0140   1.0000  72.0964 160.0000
  15.000   1.0721   0.09530   0.07399  -0.0155   0.0143   1.0000  72.0147 160.0000
