  
       XFOIL         Version 6.99
  
 Calculated polar for: NLR-7223-62 AIRFOIL                             
  
 1 1 Reynolds number fixed          Mach number fixed         
  
 xtrf =   1.000 (top)        1.000 (bottom)  
 Mach =   0.000     Re =     1.000 e 6     Ncrit =   9.000  9.000
  
   alpha    CL        CD       CDp       CM     Top_Xtr  Bot_Xtr  Top_Itr  Bot_Itr
  ------ -------- --------- --------- -------- -------- -------- -------- --------
  -5.000  -0.3577   0.01449   0.00604  -0.0338   0.9073   0.0118   8.2729  89.6817
  -4.000  -0.2577   0.01096   0.00293  -0.0310   0.9020   0.0126   8.6310  89.9520
  -3.000  -0.1623   0.00909   0.00168  -0.0275   0.8933   0.0145   9.2159  90.5252
  -2.000  -0.0651   0.00798   0.00084  -0.0235   0.8658   0.0197  11.0629  91.8397
  -1.000   0.0147   0.00529   0.00037  -0.0174   0.8458   0.6009  12.3893 132.1238
   0.000   0.1738   0.00513   0.00095  -0.0264   0.8231   0.9613  13.8776 156.1490
   1.000   0.3056   0.00610   0.00087  -0.0304   0.6075   0.9752  28.3181 157.2190
   2.000   0.4272   0.00787   0.00117  -0.0338   0.2662   0.9863  50.4142 158.2445
   3.000   0.5545   0.00860   0.00132  -0.0381   0.1696   0.9940  56.7937 159.1227
   4.000   0.6866   0.00887   0.00144  -0.0433   0.1491   0.9998  58.1845 159.9680
   5.000   0.7819   0.00935   0.00165  -0.0404   0.1304   1.0000  59.4986 160.0000
   6.000   0.8746   0.00994   0.00185  -0.0369   0.1016   1.0000  61.7718 160.0000
   7.000   0.9563   0.01165   0.00267  -0.0318   0.0298   1.0000  69.1165 160.0000
   8.000   1.0371   0.01344   0.00376  -0.0263   0.0162   1.0000  71.7867 160.0000
   9.000   1.1142   0.01537   0.00500  -0.0203   0.0131   1.0000  72.6200 160.0000
  10.000   1.1753   0.01826   0.00690  -0.0119   0.0115   1.0000  73.1130 160.0000
  11.000   1.2304   0.02088   0.00867  -0.0027   0.0104   1.0000  73.5160 160.0000
  12.000   1.2525   0.02402   0.01064   0.0117   0.0097   1.0000  73.7573 160.0000
  13.000   1.2392   0.02898   0.01386   0.0287   0.0092   1.0000  73.9196 160.0000
  14.000   1.2070   0.03779   0.02047   0.0407   0.0090   1.0000  74.0141 160.0000
  15.000   1.1771   0.04980   0.03047   0.0429   0.0089   1.0000  74.0556 160.0000
