  
       XFOIL         Version 6.99
  
 Calculated polar for: NLR-7223-43 AIRFOIL                             
  
 1 1 Reynolds number fixed          Mach number fixed         
  
 xtrf =   1.000 (top)        1.000 (bottom)  
 Mach =   0.000     Re =     1.000 e 6     Ncrit =   9.000  9.000
  
   alpha    CL        CD       CDp       CM     Top_Xtr  Bot_Xtr  Top_Itr  Bot_Itr
  ------ -------- --------- --------- -------- -------- -------- -------- --------
  -5.000  -0.3088   0.01252   0.00475  -0.0543   0.9723   0.0115   3.8671  89.2381
  -4.000  -0.1912   0.00957   0.00242  -0.0559   0.9614   0.0126   4.6936  89.5969
  -3.000  -0.0734   0.00786   0.00117  -0.0572   0.9422   0.0154   6.0619  90.3999
  -2.000   0.0302   0.00667   0.00048  -0.0549   0.8885   0.1141   9.6450 100.0909
  -1.000   0.1279   0.00497   0.00055  -0.0526   0.8566   0.6909  11.7263 138.3480
   0.000   0.2350   0.00538   0.00088  -0.0506   0.8069   0.7330  15.0179 141.1649
   1.000   0.3288   0.00637   0.00084  -0.0465   0.5523   0.7370  31.8234 141.4397
   2.000   0.4238   0.00790   0.00108  -0.0436   0.2655   0.7383  50.4774 141.5310
   3.000   0.5282   0.00872   0.00131  -0.0424   0.1731   0.7394  56.5973 141.6042
   4.000   0.6350   0.00929   0.00156  -0.0416   0.1515   0.7408  58.0599 141.6960
   5.000   0.7418   0.00979   0.00177  -0.0409   0.1337   0.7427  59.2944 141.8288
   6.000   0.8473   0.01040   0.00194  -0.0399   0.1089   0.7444  61.1287 141.9462
   7.000   0.9434   0.01201   0.00265  -0.0377   0.0350   0.7469  68.1818 142.1167
   8.000   1.0376   0.01392   0.00381  -0.0349   0.0167   0.7504  71.4023 142.3509
   9.000   1.1284   0.01606   0.00522  -0.0318   0.0132   0.7547  72.3419 142.6419
  11.000   1.2747   0.02251   0.00975  -0.0209   0.0105   0.7690  73.1934 143.6167
  12.000   1.3235   0.02617   0.01246  -0.0123   0.0096   0.7864  73.4971 144.7971
  13.000   1.3437   0.03045   0.01593  -0.0013   0.0090   1.0000  73.7101 160.0000
  14.000   1.3317   0.03844   0.02212   0.0077   0.0087   1.0000  73.8343 160.0000
  15.000   1.2853   0.05396   0.03525   0.0071   0.0085   1.0000  73.8933 160.0000
