  
       XFOIL         Version 6.99
  
 Calculated polar for: NASA NLF(1)-0215F                               
  
 1 1 Reynolds number fixed          Mach number fixed         
  
 xtrf =   1.000 (top)        1.000 (bottom)  
 Mach =   0.000     Re =     0.500 e 6     Ncrit =   9.000  9.000
  
   alpha    CL        CD       CDp       CM     Top_Xtr  Bot_Xtr  Top_Itr  Bot_Itr
  ------ -------- --------- --------- -------- -------- -------- -------- --------
  -6.000  -0.0399   0.01789   0.00671  -0.1371   0.7485   0.0226  18.7022  93.1058
  -5.000   0.0603   0.01470   0.00391  -0.1351   0.7223   0.0220  20.3197  92.9768
  -4.000   0.1612   0.01229   0.00245  -0.1341   0.7020   0.0243  21.5786  93.4457
  -3.000   0.2742   0.01113   0.00173  -0.1357   0.6852   0.0323  22.6161  94.8418
  -2.000   0.4004   0.00914   0.00230  -0.1416   0.6711   0.6837  23.4922 137.3970
  -1.000   0.4937   0.01132   0.00441  -0.1348   0.6587   0.7338  24.2625 140.6145
   1.000   0.7181   0.01181   0.00464  -0.1357   0.6356   0.7576  25.6983 142.1653
   2.000   0.8313   0.01191   0.00462  -0.1368   0.6240   0.7619  26.4211 142.4451
   3.000   0.9458   0.01194   0.00438  -0.1384   0.6086   0.7659  27.3847 142.7105
   4.000   1.0583   0.01194   0.00400  -0.1397   0.5892   0.7693  28.5964 142.9335
   5.000   1.1659   0.01196   0.00366  -0.1398   0.5677   0.7717  29.9534 143.0921
   6.000   1.2648   0.01198   0.00336  -0.1380   0.5391   0.7740  31.7810 143.2377
   7.000   1.3554   0.01227   0.00302  -0.1346   0.4925   0.7764  34.8230 143.3993
   8.000   1.4055   0.01381   0.00306  -0.1238   0.3823   0.7795  42.0742 143.6049
   9.000   1.4241   0.01735   0.00442  -0.1092   0.2530   0.7825  50.5192 143.7987
  10.000   1.4430   0.02163   0.00648  -0.0972   0.1729   0.7853  55.8848 143.9885
  11.000   1.4626   0.02691   0.00949  -0.0882   0.1229   0.7883  59.4278 144.1844
  13.000   1.5001   0.04132   0.01862  -0.0774   0.0670   0.7946  63.9070 144.6010
  14.000   1.5228   0.04958   0.02418  -0.0748   0.0530   0.7981  65.2751 144.8304
  15.000   1.5417   0.05904   0.03082  -0.0734   0.0431   0.8015  66.3822 145.0562
