  
       XFOIL         Version 6.99
  
 Calculated polar for: NASA NLF(1)-0416                                
  
 1 1 Reynolds number fixed          Mach number fixed         
  
 xtrf =   1.000 (top)        1.000 (bottom)  
 Mach =   0.000     Re =     0.500 e 6     Ncrit =   9.000  9.000
  
   alpha    CL        CD       CDp       CM     Top_Xtr  Bot_Xtr  Top_Itr  Bot_Itr
  ------ -------- --------- --------- -------- -------- -------- -------- --------
  -6.000  -0.2481   0.01109   0.00208  -0.0907   0.8802   0.0772   9.9285 100.9884
  -5.000  -0.1300   0.00933   0.00129  -0.0944   0.7423   0.2766  17.9053 113.9260
  -4.000  -0.0200   0.00800   0.00113  -0.0959   0.6551   0.5482  22.8886 130.0101
  -3.000   0.0923   0.00881   0.00187  -0.0952   0.6025   0.6305  25.8982 135.2673
  -2.000   0.2059   0.00965   0.00244  -0.0948   0.5684   0.6588  27.8500 136.9876
  -1.000   0.3182   0.01031   0.00296  -0.0942   0.5435   0.6768  29.2885 138.0573
   0.000   0.4302   0.01084   0.00333  -0.0937   0.5226   0.6912  30.4904 138.9090
   1.000   0.5415   0.01121   0.00362  -0.0933   0.5040   0.7020  31.5683 139.5555
   2.000   0.6553   0.01147   0.00368  -0.0937   0.4859   0.7124  32.6214 140.1794
   3.000   0.7670   0.01175   0.00373  -0.0938   0.4676   0.7198  33.6886 140.6320
   4.000   0.8804   0.01200   0.00362  -0.0945   0.4479   0.7269  34.8489 141.0596
   5.000   0.9892   0.01222   0.00362  -0.0942   0.4253   0.7320  36.1969 141.3748
   6.000   1.0970   0.01252   0.00350  -0.0939   0.3974   0.7370  37.8961 141.6806
   7.000   1.2023   0.01299   0.00340  -0.0933   0.3587   0.7412  40.3180 141.9323
   8.000   1.2981   0.01391   0.00360  -0.0911   0.3068   0.7453  43.6276 142.1872
   9.000   1.3831   0.01543   0.00414  -0.0874   0.2528   0.7494  47.0844 142.4383
  10.000   1.4553   0.01725   0.00487  -0.0817   0.2047   0.7541  50.2283 142.7273
  11.000   1.5061   0.01967   0.00593  -0.0729   0.1629   0.7594  53.0658 143.0542
  12.000   1.5409   0.02303   0.00767  -0.0636   0.1260   0.7649  55.7312 143.3916
  13.000   1.5595   0.02822   0.01069  -0.0554   0.1008   0.7714  57.7053 143.7914
  14.000   1.5634   0.03638   0.01606  -0.0506   0.0810   0.7781  59.4082 144.2074
  15.000   1.5523   0.04823   0.02453  -0.0496   0.0658   0.7865  60.8827 144.7263
