  
       XFOIL         Version 6.99
  
 Calculated polar for: NLR-7301 AIRFOIL                                
  
 1 1 Reynolds number fixed          Mach number fixed         
  
 xtrf =   1.000 (top)        1.000 (bottom)  
 Mach =   0.000     Re =     1.000 e 6     Ncrit =   9.000  9.000
  
   alpha    CL        CD       CDp       CM     Top_Xtr  Bot_Xtr  Top_Itr  Bot_Itr
  ------ -------- --------- --------- -------- -------- -------- -------- --------
  -6.000  -0.4234   0.01069   0.00262  -0.0661   0.8487   0.0825   9.7788 106.7754
  -5.000  -0.3049   0.00974   0.00218  -0.0681   0.8387   0.1131  10.2302 110.2666
  -4.000  -0.1847   0.00845   0.00166  -0.0707   0.8289   0.2070  10.6723 117.0474
  -3.000  -0.0602   0.00632   0.00106  -0.0751   0.8172   0.5127  11.1963 132.7115
  -2.000   0.0603   0.00605   0.00092  -0.0756   0.7869   0.5667  12.5746 135.4069
  -1.000   0.1801   0.00603   0.00082  -0.0760   0.7435   0.5908  14.5873 136.5741
   0.000   0.2892   0.00705   0.00101  -0.0744   0.5503   0.6200  23.9574 137.9684
   1.000   0.3827   0.00957   0.00180  -0.0715   0.1707   0.6311  42.2340 138.4887
   2.000   0.4936   0.01052   0.00216  -0.0710   0.1039   0.6396  47.6589 138.8859
   3.000   0.6059   0.01120   0.00251  -0.0706   0.0825   0.6494  50.2252 139.3379
   4.000   0.7161   0.01204   0.00292  -0.0699   0.0651   0.6588  52.8336 139.7697
   5.000   0.8240   0.01296   0.00342  -0.0688   0.0555   0.6691  54.5343 140.2314
   6.000   0.9284   0.01406   0.00407  -0.0672   0.0513   0.6800  55.3502 140.7183
   7.000   1.0281   0.01537   0.00482  -0.0649   0.0486   0.6903  55.9108 141.1782
   8.000   1.1229   0.01678   0.00571  -0.0619   0.0470   0.7022  56.2478 141.7046
   9.000   1.2071   0.01835   0.00663  -0.0574   0.0457   0.7131  56.5313 142.1857
  10.000   1.2849   0.02042   0.00787  -0.0524   0.0446   0.7248  56.7762 142.7119
  11.000   1.3475   0.02361   0.00980  -0.0462   0.0435   0.7358  57.0083 143.2105
  12.000   1.4139   0.02648   0.01162  -0.0411   0.0431   0.7481  57.1088 143.7836
  13.000   1.4716   0.03007   0.01391  -0.0358   0.0426   0.7596  57.2267 144.3295
  14.000   1.5212   0.03439   0.01670  -0.0307   0.0419   0.7713  57.3713 144.8965
  15.000   1.5602   0.03974   0.02028  -0.0259   0.0414   0.7845  57.4961 145.5682
