  
       XFOIL         Version 6.99
  
 Calculated polar for: NN7 MK20                                        
  
 1 1 Reynolds number fixed          Mach number fixed         
  
 xtrf =   1.000 (top)        1.000 (bottom)  
 Mach =   0.000     Re =     0.500 e 6     Ncrit =   9.000  9.000
  
   alpha    CL        CD       CDp       CM     Top_Xtr  Bot_Xtr  Top_Itr  Bot_Itr
  ------ -------- --------- --------- -------- -------- -------- -------- --------
  -6.000  -0.1964   0.01324   0.00304  -0.1006   0.7527   0.0390  18.2273  94.0208
  -5.000  -0.1003   0.01117   0.00210  -0.1000   0.7364   0.1297  19.3006 100.9649
  -4.000  -0.0051   0.00863   0.00168  -0.0998   0.7208   0.5415  20.3359 128.4780
  -3.000   0.1091   0.00916   0.00234  -0.1000   0.7057   0.6030  21.3418 132.6046
  -2.000   0.2235   0.00964   0.00281  -0.1004   0.6911   0.6274  22.3155 134.2285
  -1.000   0.3374   0.01003   0.00316  -0.1008   0.6765   0.6438  23.2905 135.3069
   0.000   0.4517   0.01014   0.00306  -0.1019   0.6619   0.6543  24.2664 135.9944
   1.000   0.5642   0.01028   0.00318  -0.1024   0.6468   0.6622  25.2783 136.5169
   2.000   0.6763   0.01040   0.00312  -0.1031   0.6306   0.6717  26.3661 137.1339
   3.000   0.7868   0.01054   0.00308  -0.1035   0.6130   0.6783  27.5499 137.5693
   4.000   0.8957   0.01067   0.00281  -0.1036   0.5911   0.6860  29.0188 138.0741
   5.000   0.9984   0.01083   0.00269  -0.1024   0.5639   0.6927  30.8559 138.5212
   7.000   1.1844   0.01168   0.00233  -0.0967   0.4843   0.7080  36.2437 139.5402
   8.000   1.2517   0.01268   0.00222  -0.0893   0.4284   0.7165  40.0175 140.1078
   9.000   1.2860   0.01447   0.00234  -0.0765   0.3557   0.7253  44.9204 140.7076
  10.000   1.2735   0.01900   0.00378  -0.0597   0.2401   0.7347  52.8351 141.3495
  11.000   1.2691   0.02511   0.00666  -0.0484   0.1510   0.7445  59.0907 142.0251
  12.000   1.2740   0.03188   0.01047  -0.0407   0.0892   0.7548  63.7437 142.7341
  13.000   1.2916   0.03877   0.01472  -0.0359   0.0613   0.7649  66.0565 143.4423
  14.000   1.3140   0.04613   0.01941  -0.0331   0.0395   0.7763  68.1891 144.2378
  15.000   1.3035   0.05792   0.02782  -0.0310   0.0113   0.7883  73.0359 145.0744
