  
       XFOIL         Version 6.99
  
 Calculated polar for: NPL 9627 AIRFOIL                                
  
 1 1 Reynolds number fixed          Mach number fixed         
  
 xtrf =   1.000 (top)        1.000 (bottom)  
 Mach =   0.000     Re =     0.500 e 6     Ncrit =   9.000  9.000
  
   alpha    CL        CD       CDp       CM     Top_Xtr  Bot_Xtr  Top_Itr  Bot_Itr
  ------ -------- --------- --------- -------- -------- -------- -------- --------
  -6.000  -0.6353   0.01335   0.00395  -0.0032   0.9969   0.0320   1.3184  97.2142
  -5.000  -0.4881   0.01171   0.00287  -0.0112   0.9837   0.0435   2.5051  99.6179
  -4.000  -0.3477   0.00943   0.00181  -0.0181   0.9666   0.1895   3.7569 112.9756
  -3.000  -0.2292   0.00802   0.00143  -0.0194   0.9306   0.3752   6.0663 123.8975
  -2.000  -0.1248   0.00730   0.00111  -0.0169   0.8646   0.4821   9.8813 129.8510
  -1.000  -0.0274   0.00643   0.00098  -0.0129   0.7813   0.7093  14.5487 142.4972
   0.000   0.0737   0.00638   0.00109  -0.0092   0.6934   0.8572  19.4571 150.7350
   1.000   0.1796   0.00681   0.00129  -0.0065   0.6145   0.9320  23.8585 155.0375
   2.000   0.3062   0.00746   0.00151  -0.0087   0.5354   0.9681  28.2883 157.3545
   3.000   0.4548   0.00818   0.00167  -0.0165   0.4372   0.9856  33.8578 158.6547
   4.000   0.6062   0.00922   0.00188  -0.0256   0.3023   0.9996  41.6957 159.9604
   5.000   0.6921   0.01111   0.00244  -0.0218   0.1183   1.0000  53.4305 160.0000
   6.000   0.7765   0.01243   0.00315  -0.0169   0.0900   1.0000  55.8300 160.0000
   7.000   0.8612   0.01376   0.00399  -0.0120   0.0807   1.0000  56.7475 160.0000
   8.000   0.9454   0.01534   0.00502  -0.0073   0.0720   1.0000  57.6790 160.0000
   9.000   1.0295   0.01724   0.00622  -0.0031   0.0625   1.0000  58.8088 160.0000
  10.000   1.1104   0.01948   0.00755   0.0011   0.0535   1.0000  60.0378 160.0000
  11.000   1.1901   0.02150   0.00873   0.0051   0.0471   1.0000  61.0613 160.0000
  12.000   1.2557   0.02388   0.01018   0.0109   0.0428   1.0000  61.8288 160.0000
  13.000   1.3047   0.02745   0.01249   0.0170   0.0393   1.0000  62.5291 160.0000
  14.000   1.3419   0.03260   0.01593   0.0211   0.0362   1.0000  63.1716 160.0000
  15.000   1.3691   0.03983   0.02118   0.0223   0.0335   1.0000  63.7706 160.0000
