  
       XFOIL         Version 6.99
  
 Calculated polar for: NPL 9660 AIRFOIL                                
  
 1 1 Reynolds number fixed          Mach number fixed         
  
 xtrf =   1.000 (top)        1.000 (bottom)  
 Mach =   0.000     Re =     1.000 e 6     Ncrit =   9.000  9.000
  
   alpha    CL        CD       CDp       CM     Top_Xtr  Bot_Xtr  Top_Itr  Bot_Itr
  ------ -------- --------- --------- -------- -------- -------- -------- --------
  -6.000  -0.5655   0.01086   0.00277  -0.0143   0.9531   0.0146   5.4094  95.7237
  -5.000  -0.4643   0.00991   0.00222  -0.0118   0.9360   0.0168   6.7675  96.5342
  -4.000  -0.3606   0.00903   0.00175  -0.0097   0.9168   0.0276   8.0504  99.6699
  -3.000  -0.2523   0.00843   0.00136  -0.0085   0.8828   0.0337  10.0445 101.0309
  -2.000  -0.1412   0.00798   0.00099  -0.0080   0.8246   0.0396  13.3013 102.1051
  -1.000  -0.0282   0.00779   0.00073  -0.0081   0.7367   0.0573  18.1121 104.5111
   0.000   0.0813   0.00576   0.00036  -0.0092   0.6411   0.6167  23.2229 136.5271
   1.000   0.1923   0.00548   0.00050  -0.0089   0.5488   0.8331  28.1867 148.2019
   2.000   0.2995   0.00594   0.00081  -0.0073   0.4782   0.9074  32.0008 152.4064
   3.000   0.4034   0.00666   0.00114  -0.0050   0.4053   0.9354  35.9696 154.2082
   4.000   0.5062   0.00760   0.00138  -0.0032   0.2823   0.9520  42.8347 155.5078
   5.000   0.6051   0.00855   0.00162  -0.0009   0.1789   0.9688  49.0377 156.9864
   6.000   0.7122   0.00926   0.00186  -0.0005   0.1246   0.9850  53.1822 158.4384
   7.000   0.8396   0.01033   0.00234  -0.0049   0.0824   0.9944  60.4201 159.3618
   8.000   0.9487   0.01220   0.00335  -0.0062   0.0299   1.0000  71.0234 160.0000
   9.000   1.0467   0.01381   0.00433  -0.0050   0.0224   1.0000  72.7890 160.0000
  10.000   1.1436   0.01595   0.00571  -0.0041   0.0182   1.0000  73.9556 160.0000
  11.000   1.2355   0.01826   0.00727  -0.0027   0.0159   1.0000  74.6441 160.0000
  12.000   1.3056   0.02195   0.00977   0.0011   0.0145   1.0000  75.0924 160.0000
  13.000   1.3552   0.02583   0.01248   0.0069   0.0138   1.0000  75.3525 160.0000
  14.000   1.3855   0.03174   0.01678   0.0114   0.0132   1.0000  75.5675 160.0000
  15.000   1.3944   0.04145   0.02429   0.0118   0.0128   1.0000  75.6894 160.0000
