  
       XFOIL         Version 6.99
  
 Calculated polar for: NPL 9660 AIRFOIL                                
  
 1 1 Reynolds number fixed          Mach number fixed         
  
 xtrf =   1.000 (top)        1.000 (bottom)  
 Mach =   0.000     Re =     0.500 e 6     Ncrit =   9.000  9.000
  
   alpha    CL        CD       CDp       CM     Top_Xtr  Bot_Xtr  Top_Itr  Bot_Itr
  ------ -------- --------- --------- -------- -------- -------- -------- --------
  -6.000  -0.5826   0.01327   0.00381  -0.0119   0.9918   0.0226   1.9278  98.3648
  -5.000  -0.4335   0.01211   0.00324  -0.0202   0.9828   0.0335   2.7638 100.9903
  -4.000  -0.3098   0.01133   0.00290  -0.0230   0.9632   0.0420   4.5230 102.4910
  -3.000  -0.2169   0.01063   0.00250  -0.0182   0.9319   0.0483   7.0628 103.4096
  -2.000  -0.1198   0.00970   0.00186  -0.0142   0.8967   0.0608   9.2440 104.9094
   0.000   0.0753   0.00605   0.00106  -0.0076   0.7623   0.8364  16.7138 148.3846
   1.000   0.1713   0.00677   0.00139  -0.0025   0.6609   0.9124  22.1548 152.7059
   2.000   0.2578   0.00745   0.00160   0.0047   0.5762   0.9592  26.7154 156.1230
   3.000   0.3765   0.00769   0.00143   0.0034   0.5001   0.9804  30.8141 158.0252
   4.000   0.5257   0.00839   0.00156  -0.0052   0.3992   0.9889  36.3056 158.7988
   5.000   0.6663   0.00981   0.00191  -0.0128   0.2365   0.9982  45.5359 159.7999
   6.000   0.7655   0.01109   0.00240  -0.0117   0.1560   1.0000  50.5695 160.0000
   7.000   0.8518   0.01222   0.00288  -0.0078   0.1161   1.0000  54.1311 160.0000
   8.000   0.9393   0.01396   0.00365  -0.0046   0.0552   1.0000  66.2632 160.0000
   9.000   1.0302   0.01654   0.00520  -0.0026   0.0315   1.0000  70.6796 160.0000
  10.000   1.1133   0.01979   0.00730   0.0000   0.0255   1.0000  72.0241 160.0000
  11.000   1.1875   0.02326   0.00965   0.0034   0.0223   1.0000  72.8229 160.0000
  12.000   1.2322   0.02825   0.01310   0.0098   0.0207   1.0000  73.2473 160.0000
  13.000   1.2665   0.03436   0.01762   0.0147   0.0196   1.0000  73.5475 160.0000
  14.000   1.2868   0.04254   0.02387   0.0170   0.0187   1.0000  73.7990 160.0000
  15.000   1.2859   0.05445   0.03322   0.0168   0.0182   1.0000  73.9537 160.0000
