  
       XFOIL         Version 6.99
  
 Calculated polar for: NPL 9626 AIRFOIL                                
  
 1 1 Reynolds number fixed          Mach number fixed         
  
 xtrf =   1.000 (top)        1.000 (bottom)  
 Mach =   0.000     Re =     1.000 e 6     Ncrit =   9.000  9.000
  
   alpha    CL        CD       CDp       CM     Top_Xtr  Bot_Xtr  Top_Itr  Bot_Itr
  ------ -------- --------- --------- -------- -------- -------- -------- --------
  -6.000  -0.5993   0.01032   0.00256  -0.0105   0.9859   0.0259   2.5413  95.3065
  -5.000  -0.4699   0.00934   0.00195  -0.0144   0.9697   0.0326   3.8610  96.8402
  -4.000  -0.3598   0.00849   0.00147  -0.0138   0.9313   0.0571   6.3996 100.6848
  -3.000  -0.2582   0.00725   0.00088  -0.0116   0.8716   0.2016   9.9591 111.4430
  -2.000  -0.1547   0.00638   0.00058  -0.0099   0.7905   0.3835  14.6995 122.5553
  -1.000  -0.0506   0.00578   0.00044  -0.0083   0.6967   0.5778  20.1689 133.9542
   0.000   0.0542   0.00553   0.00046  -0.0065   0.6003   0.7448  25.7908 143.6755
   1.000   0.1608   0.00567   0.00059  -0.0050   0.5092   0.8486  31.1326 149.7175
   2.000   0.2686   0.00600   0.00076  -0.0035   0.4412   0.9138  35.1402 153.5541
   3.000   0.3779   0.00646   0.00095  -0.0025   0.3815   0.9569  38.6970 156.2488
   4.000   0.4970   0.00756   0.00127  -0.0043   0.2414   0.9820  47.4699 158.1191
   5.000   0.6291   0.00980   0.00227  -0.0100   0.0539   0.9925  61.3460 159.0771
   6.000   0.7705   0.01088   0.00294  -0.0171   0.0430   0.9993  62.7646 159.9179
   7.000   0.8620   0.01182   0.00350  -0.0136   0.0370   1.0000  63.6931 160.0000
   8.000   0.9475   0.01287   0.00411  -0.0088   0.0316   1.0000  64.6556 160.0000
   9.000   1.0352   0.01409   0.00481  -0.0047   0.0273   1.0000  65.5550 160.0000
  10.000   1.1245   0.01555   0.00567  -0.0014   0.0237   1.0000  66.4137 160.0000
  11.000   1.2100   0.01738   0.00679   0.0020   0.0203   1.0000  67.3464 160.0000
  12.000   1.2819   0.02000   0.00846   0.0070   0.0176   1.0000  68.1349 160.0000
  13.000   1.3350   0.02295   0.01039   0.0142   0.0162   1.0000  68.5843 160.0000
  14.000   1.3634   0.02812   0.01390   0.0208   0.0153   1.0000  68.8862 160.0000
  15.000   1.3697   0.03715   0.02063   0.0231   0.0148   1.0000  69.0487 160.0000
