  
       XFOIL         Version 6.99
  
 Calculated polar for: NPL 9615 AIRFOIL                                
  
 1 1 Reynolds number fixed          Mach number fixed         
  
 xtrf =   1.000 (top)        1.000 (bottom)  
 Mach =   0.000     Re =     1.000 e 6     Ncrit =   9.000  9.000
  
   alpha    CL        CD       CDp       CM     Top_Xtr  Bot_Xtr  Top_Itr  Bot_Itr
  ------ -------- --------- --------- -------- -------- -------- -------- --------
  -6.000  -0.5732   0.01053   0.00258  -0.0127   0.9793   0.0146   2.9749  95.7858
  -5.000  -0.4442   0.00943   0.00190  -0.0166   0.9641   0.0179   4.1038  96.9894
  -4.000  -0.3148   0.00862   0.00149  -0.0204   0.9337   0.0302   6.0300 100.3401
  -2.000  -0.1023   0.00794   0.00085  -0.0171   0.7918   0.0416  14.5349 102.5098
  -1.000   0.0011   0.00779   0.00070  -0.0151   0.7274   0.0652  18.2869 105.4269
   0.000   0.0799   0.00589   0.00034  -0.0088   0.6346   0.5966  23.3462 135.6613
   1.000   0.1697   0.00554   0.00038  -0.0037   0.5495   0.7947  27.9463 146.6834
   2.000   0.2721   0.00568   0.00058  -0.0010   0.4823   0.9126  31.5916 153.7525
   4.000   0.5263   0.00741   0.00123  -0.0079   0.2649   0.9741  43.7033 157.6470
   5.000   0.6531   0.00866   0.00172  -0.0120   0.1614   0.9852  50.0623 158.5338
   6.000   0.7831   0.00965   0.00217  -0.0168   0.1143   0.9940  54.2586 159.3507
   7.000   0.9120   0.01082   0.00270  -0.0216   0.0667   1.0000  64.0200 160.0000
   8.000   0.9835   0.01244   0.00357  -0.0144   0.0282   1.0000  71.3668 160.0000
   9.000   1.0598   0.01395   0.00446  -0.0080   0.0221   1.0000  72.8431 160.0000
  10.000   1.1340   0.01574   0.00557  -0.0016   0.0185   1.0000  73.8465 160.0000
  11.000   1.2017   0.01788   0.00695   0.0054   0.0162   1.0000  74.5256 160.0000
  12.000   1.2445   0.02123   0.00907   0.0155   0.0147   1.0000  75.0104 160.0000
  13.000   1.2846   0.02456   0.01127   0.0241   0.0141   1.0000  75.2122 160.0000
  14.000   1.3125   0.02976   0.01491   0.0302   0.0134   1.0000  75.4574 160.0000
  15.000   1.3217   0.03846   0.02143   0.0320   0.0130   1.0000  75.5983 160.0000
