  
       XFOIL         Version 6.99
  
 Calculated polar for: NPL AIRFOIL FROM ARC CP 1372                    
  
 1 1 Reynolds number fixed          Mach number fixed         
  
 xtrf =   1.000 (top)        1.000 (bottom)  
 Mach =   0.000     Re =     0.500 e 6     Ncrit =   9.000  9.000
  
   alpha    CL        CD       CDp       CM     Top_Xtr  Bot_Xtr  Top_Itr  Bot_Itr
  ------ -------- --------- --------- -------- -------- -------- -------- --------
  -6.000  -0.6697   0.01519   0.00498  -0.0221   0.9961   0.0177   1.4933  91.3362
  -5.000  -0.5368   0.01292   0.00354  -0.0283   0.9860   0.0257   2.5782  93.1569
  -4.000  -0.4023   0.01161   0.00287  -0.0343   0.9750   0.0459   3.5561  96.0822
  -3.000  -0.2684   0.01019   0.00212  -0.0399   0.9631   0.0896   4.4949  99.8048
  -2.000  -0.1385   0.00756   0.00157  -0.0457   0.9517   0.5485   5.3233 129.6718
  -1.000   0.0059   0.00723   0.00152  -0.0518   0.9351   0.6015   6.4635 133.0176
   0.000   0.1369   0.00692   0.00136  -0.0548   0.9018   0.6285   8.6596 134.7040
   1.000   0.2514   0.00685   0.00112  -0.0541   0.8350   0.6484  12.9412 135.9417
   3.000   0.4201   0.01037   0.00151  -0.0423   0.1261   0.6855  58.0020 138.2397
   4.000   0.5187   0.01182   0.00232  -0.0395   0.0562   0.7103  63.1080 139.7892
   5.000   0.6166   0.01325   0.00334  -0.0366   0.0468   0.7397  64.0641 141.6529
   6.000   0.7145   0.01466   0.00452  -0.0338   0.0419   0.7769  64.6495 144.0165
   7.000   0.8062   0.01767   0.00681  -0.0300   0.0385   0.8283  65.0640 147.2947
   8.000   0.9018   0.02007   0.00928  -0.0266   0.0359   1.0000  65.4313 160.0000
   9.000   0.9961   0.02405   0.01270  -0.0244   0.0336   1.0000  65.7515 160.0000
  10.000   1.0646   0.03205   0.01946  -0.0193   0.0314   1.0000  66.0693 160.0000
  11.000   1.0954   0.04119   0.02897  -0.0099   0.0292   1.0000  66.4367 160.0000
  12.000   0.9869   0.05948   0.04661   0.0068   0.0292   1.0000  66.4297 160.0000
  13.000   0.7399   0.12863   0.11791  -0.0336   0.0355   1.0000  65.4821 160.0000
  14.000   0.7592   0.14338   0.13420  -0.0404   0.0328   1.0000  65.8574 160.0000
  15.000   0.6731   0.16631   0.13921  -0.0549   0.0317   1.0000  66.0179 160.0000
