  
       XFOIL         Version 6.99
  
 Calculated polar for: NPL AIRFOIL FROM ARC CP 1372                    
  
 1 1 Reynolds number fixed          Mach number fixed         
  
 xtrf =   1.000 (top)        1.000 (bottom)  
 Mach =   0.000     Re =     1.000 e 6     Ncrit =   9.000  9.000
  
   alpha    CL        CD       CDp       CM     Top_Xtr  Bot_Xtr  Top_Itr  Bot_Itr
  ------ -------- --------- --------- -------- -------- -------- -------- --------
  -6.000  -0.6008   0.01123   0.00301  -0.0372   0.9847   0.0123   2.7062  89.7292
  -5.000  -0.4726   0.00978   0.00218  -0.0417   0.9765   0.0211   3.4268  92.1842
  -4.000  -0.3366   0.00880   0.00169  -0.0476   0.9704   0.0370   3.9388  94.9883
  -3.000  -0.2070   0.00775   0.00117  -0.0518   0.9586   0.0782   4.8334  98.9981
  -2.000  -0.0832   0.00527   0.00040  -0.0560   0.9311   0.4891   6.7371 125.8849
  -1.000   0.0362   0.00513   0.00038  -0.0571   0.8883   0.5535   9.5242 129.9911
   0.000   0.1457   0.00524   0.00035  -0.0558   0.8241   0.5837  13.6228 131.8973
   1.000   0.2513   0.00549   0.00034  -0.0537   0.7380   0.6050  19.0135 133.2365
   2.000   0.3346   0.00745   0.00061  -0.0479   0.3198   0.6216  45.4832 134.2710
   3.000   0.4306   0.00906   0.00111  -0.0450   0.0744   0.6397  61.5893 135.4007
   4.000   0.5358   0.00985   0.00155  -0.0434   0.0429   0.6622  64.5273 136.7944
   5.000   0.6397   0.01074   0.00221  -0.0415   0.0368   0.6881  65.2988 138.4017
   6.000   0.7403   0.01191   0.00307  -0.0392   0.0328   0.7189  65.8626 140.3294
   7.000   0.8367   0.01348   0.00434  -0.0361   0.0306   0.7554  66.1941 142.6531
   8.000   0.9327   0.01491   0.00558  -0.0331   0.0285   0.8055  66.5598 145.8281
   9.000   1.0166   0.01677   0.00721  -0.0279   0.0266   0.9512  66.8791 155.7201
  10.000   1.1097   0.01963   0.00955  -0.0253   0.0248   1.0000  67.2029 160.0000
  11.000   1.1941   0.02219   0.01168  -0.0213   0.0233   1.0000  67.5048 160.0000
  12.000   1.2697   0.02461   0.01346  -0.0163   0.0221   1.0000  67.7618 160.0000
  13.000   1.3119   0.02919   0.01690  -0.0071   0.0206   1.0000  68.0661 160.0000
  14.000   1.3454   0.03226   0.01924   0.0027   0.0197   1.0000  68.2935 160.0000
  15.000   1.3631   0.03716   0.02293   0.0108   0.0188   1.0000  68.5215 160.0000
