  
       XFOIL         Version 6.99
  
 Calculated polar for: ONERA OA206 AIRFOIL                             
  
 1 1 Reynolds number fixed          Mach number fixed         
  
 xtrf =   1.000 (top)        1.000 (bottom)  
 Mach =   0.000     Re =     1.000 e 6     Ncrit =   9.000  9.000
  
   alpha    CL        CD       CDp       CM     Top_Xtr  Bot_Xtr  Top_Itr  Bot_Itr
  ------ -------- --------- --------- -------- -------- -------- -------- --------
  -4.000  -0.3986   0.01227   0.00508  -0.0018   1.0000   0.0134   1.0000  87.6305
  -3.000  -0.2955   0.00958   0.00258   0.0006   0.9548   0.0156   5.1882  88.0573
  -2.000  -0.1928   0.00802   0.00141   0.0030   0.9230   0.0217   7.5468  88.9006
  -1.000  -0.0828   0.00705   0.00071   0.0038   0.8910   0.0492   9.8634  91.3224
   0.000   0.0241   0.00415   0.00054   0.0040   0.8334   0.8932  13.9628 151.3612
   1.000   0.1047   0.00416   0.00030   0.0129   0.7169   0.9829  22.2480 157.9900
   2.000   0.2308   0.00512   0.00023   0.0091   0.4540   1.0000  40.9326 160.0000
   3.000   0.3492   0.00600   0.00042   0.0067   0.3066   1.0000  51.3724 160.0000
   4.000   0.4674   0.00716   0.00071   0.0042   0.1495   1.0000  62.6824 160.0000
   5.000   0.5838   0.00886   0.00143   0.0020   0.0243   1.0000  72.6810 160.0000
   6.000   0.6988   0.01056   0.00252   0.0007   0.0120   1.0000  74.4589 160.0000
   7.000   0.8089   0.01366   0.00468  -0.0002   0.0088   1.0000  75.1841 160.0000
   8.000   0.9132   0.01772   0.00784  -0.0003   0.0071   1.0000  75.6784 160.0000
   9.000   1.0008   0.02560   0.01444   0.0003   0.0063   1.0000  75.9224 160.0000
  10.000   1.0369   0.04114   0.02895   0.0014   0.0062   1.0000  75.9346 160.0000
