  
       XFOIL         Version 6.99
  
 Calculated polar for: OAF095 AIRFOIL                                  
  
 1 1 Reynolds number fixed          Mach number fixed         
  
 xtrf =   1.000 (top)        1.000 (bottom)  
 Mach =   0.000     Re =     0.500 e 6     Ncrit =   9.000  9.000
  
   alpha    CL        CD       CDp       CM     Top_Xtr  Bot_Xtr  Top_Itr  Bot_Itr
  ------ -------- --------- --------- -------- -------- -------- -------- --------
  -6.000  -0.1590   0.01052   0.00276  -0.1275   0.9497   0.0638   5.2398  97.5671
  -5.000  -0.0488   0.00954   0.00214  -0.1268   0.9214   0.1049   7.1105 100.8146
  -4.000   0.0635   0.00889   0.00181  -0.1263   0.8921   0.1587   8.9894 104.5763
  -3.000   0.1791   0.00845   0.00159  -0.1265   0.8633   0.2137  10.8382 108.2000
  -2.000   0.2955   0.00813   0.00146  -0.1269   0.8337   0.2744  12.7365 112.1209
  -1.000   0.4121   0.00796   0.00142  -0.1272   0.8024   0.3415  14.7613 116.3806
   0.000   0.5283   0.00793   0.00141  -0.1275   0.7682   0.4087  16.9717 120.6204
   1.000   0.6447   0.00794   0.00143  -0.1278   0.7285   0.4766  19.5462 124.9520
   2.000   0.7599   0.00799   0.00142  -0.1278   0.6749   0.5746  23.0134 131.2471
   3.000   0.8646   0.00751   0.00142  -0.1254   0.6058   1.0000  27.4928 160.0000
   4.000   0.9763   0.00847   0.00155  -0.1251   0.4958   1.0000  34.6554 160.0000
   5.000   1.0752   0.01153   0.00258  -0.1237   0.2114   1.0000  53.3912 160.0000
   6.000   1.1719   0.01443   0.00396  -0.1219   0.0699   1.0000  63.4562 160.0000
   7.000   1.2672   0.01695   0.00542  -0.1192   0.0422   1.0000  66.0992 160.0000
   8.000   1.3565   0.01962   0.00709  -0.1156   0.0321   1.0000  67.4173 160.0000
   9.000   1.4334   0.02304   0.00926  -0.1104   0.0263   1.0000  68.3357 160.0000
  10.000   1.4910   0.02767   0.01219  -0.1026   0.0225   1.0000  69.0228 160.0000
  11.000   1.5377   0.03172   0.01509  -0.0937   0.0202   1.0000  69.5282 160.0000
  12.000   1.5667   0.03832   0.01961  -0.0851   0.0183   1.0000  69.9440 160.0000
  13.000   1.5823   0.04667   0.02616  -0.0777   0.0169   1.0000  70.2883 160.0000
  14.000   1.5806   0.05742   0.03492  -0.0731   0.0158   1.0000  70.5966 160.0000
  15.000   1.5599   0.07183   0.04720  -0.0723   0.0150   1.0000  70.7926 160.0000
