  
       XFOIL         Version 6.99
  
 Calculated polar for: OAF139 AIRFOIL                                  
  
 1 1 Reynolds number fixed          Mach number fixed         
  
 xtrf =   1.000 (top)        1.000 (bottom)  
 Mach =   0.000     Re =     1.000 e 6     Ncrit =   9.000  9.000
  
   alpha    CL        CD       CDp       CM     Top_Xtr  Bot_Xtr  Top_Itr  Bot_Itr
  ------ -------- --------- --------- -------- -------- -------- -------- --------
  -6.000  -0.8829   0.00945   0.00239   0.0415   1.0000   0.2047   1.0000 114.2602
  -5.000  -0.7716   0.00898   0.00217   0.0425   0.8611   0.2444  10.4109 116.7637
  -4.000  -0.6557   0.00886   0.00184   0.0424   0.6576   0.2910  21.5636 119.6026
  -3.000  -0.5357   0.00867   0.00162   0.0415   0.5516   0.3327  27.2625 122.0583
  -2.000  -0.4153   0.00843   0.00149   0.0406   0.4886   0.3771  30.6185 124.6183
  -1.000  -0.2945   0.00829   0.00142   0.0397   0.4403   0.4156  33.1882 126.7981
   0.000  -0.1735   0.00823   0.00137   0.0389   0.3936   0.4540  35.7142 128.9419
   1.000  -0.0523   0.00823   0.00137   0.0379   0.3465   0.4950  38.3115 131.1965
   2.000   0.0690   0.00832   0.00142   0.0370   0.2975   0.5422  41.0836 133.7535
   3.000   0.1903   0.00851   0.00154   0.0359   0.2458   0.5994  44.1107 136.8241
   4.000   0.3115   0.00879   0.00175   0.0348   0.2009   0.6655  46.8473 140.3337
   5.000   0.4318   0.00911   0.00205   0.0339   0.1596   0.7517  49.5174 144.9051
   6.000   0.5484   0.00953   0.00250   0.0338   0.1212   0.8734  52.3063 151.4709
   7.000   0.6611   0.01002   0.00283   0.0346   0.0960   1.0000  54.4478 160.0000
   8.000   0.7812   0.01109   0.00345   0.0332   0.0750   1.0000  56.5994 160.0000
   9.000   0.8997   0.01241   0.00427   0.0319   0.0575   1.0000  58.8275 160.0000
  10.000   1.0159   0.01394   0.00531   0.0307   0.0453   1.0000  60.7764 160.0000
  11.000   1.1292   0.01578   0.00662   0.0296   0.0374   1.0000  62.2677 160.0000
  12.000   1.2384   0.01793   0.00818   0.0288   0.0320   1.0000  63.4477 160.0000
  13.000   1.3409   0.02069   0.01022   0.0281   0.0284   1.0000  64.3379 160.0000
  14.000   1.4303   0.02461   0.01309   0.0275   0.0255   1.0000  65.0669 160.0000
  15.000   1.5020   0.02957   0.01676   0.0264   0.0236   1.0000  65.6068 160.0000
