  
       XFOIL         Version 6.99
  
 Calculated polar for: OAF139 AIRFOIL                                  
  
 1 1 Reynolds number fixed          Mach number fixed         
  
 xtrf =   1.000 (top)        1.000 (bottom)  
 Mach =   0.000     Re =     0.500 e 6     Ncrit =   9.000  9.000
  
   alpha    CL        CD       CDp       CM     Top_Xtr  Bot_Xtr  Top_Itr  Bot_Itr
  ------ -------- --------- --------- -------- -------- -------- -------- --------
  -6.000  -0.8758   0.01108   0.00279   0.0399   1.0000   0.2438   1.0000 116.7294
  -5.000  -0.7574   0.01015   0.00244   0.0390   1.0000   0.2903   1.0000 119.5614
  -4.000  -0.6463   0.00987   0.00241   0.0402   0.8479   0.3345  11.1564 122.1645
  -3.000  -0.5328   0.00995   0.00219   0.0410   0.6538   0.3797  21.7653 124.7668
  -2.000  -0.4132   0.00988   0.00202   0.0403   0.5551   0.4208  27.0749 127.0947
  -1.000  -0.2928   0.00974   0.00193   0.0394   0.4931   0.4616  30.3766 129.3589
   0.000  -0.1722   0.00968   0.00189   0.0386   0.4426   0.5043  33.0652 131.7026
   1.000  -0.0514   0.00964   0.00187   0.0378   0.3920   0.5508  35.8003 134.2199
   2.000   0.0693   0.00965   0.00192   0.0369   0.3416   0.6093  38.5864 137.3507
   3.000   0.1898   0.00978   0.00203   0.0361   0.2881   0.6762  41.6268 140.9028
   4.000   0.3089   0.01001   0.00227   0.0356   0.2370   0.7642  44.6395 145.5722
   5.000   0.4209   0.01029   0.00260   0.0368   0.1917   0.8864  47.4218 152.1936
   6.000   0.5371   0.01084   0.00281   0.0368   0.1483   1.0000  50.3019 160.0000
   7.000   0.6582   0.01209   0.00349   0.0350   0.1150   1.0000  52.7985 160.0000
   8.000   0.7772   0.01360   0.00441   0.0333   0.0900   1.0000  55.0081 160.0000
   9.000   0.8939   0.01528   0.00552   0.0319   0.0705   1.0000  57.1110 160.0000
  10.000   1.0068   0.01750   0.00704   0.0306   0.0560   1.0000  59.0423 160.0000
  11.000   1.1150   0.02005   0.00891   0.0295   0.0466   1.0000  60.5556 160.0000
  12.000   1.2140   0.02351   0.01147   0.0285   0.0403   1.0000  61.7040 160.0000
  13.000   1.2969   0.02819   0.01499   0.0275   0.0358   1.0000  62.6126 160.0000
  14.000   1.3272   0.03875   0.02338   0.0205   0.0333   1.0000  63.1497 160.0000
  15.000   1.3140   0.05577   0.03774   0.0093   0.0318   1.0000  63.5118 160.0000
