  
       XFOIL         Version 6.99
  
 Calculated polar for: P-51D ROOT (BL17.5) AIRFOIL                     
  
 1 1 Reynolds number fixed          Mach number fixed         
  
 xtrf =   1.000 (top)        1.000 (bottom)  
 Mach =   0.000     Re =     1.000 e 6     Ncrit =   9.000  9.000
  
   alpha    CL        CD       CDp       CM     Top_Xtr  Bot_Xtr  Top_Itr  Bot_Itr
  ------ -------- --------- --------- -------- -------- -------- -------- --------
  -6.000  -0.4696   0.01025   0.00215  -0.0418   0.8228   0.0640  13.3564 101.1938
  -5.000  -0.3793   0.00941   0.00140  -0.0384   0.6646   0.1286  23.0088 106.4534
  -3.000  -0.1820   0.00687   0.00059  -0.0356   0.5877   0.5315  27.4005 131.1237
  -2.000  -0.0673   0.00699   0.00076  -0.0361   0.5704   0.5723  28.3872 133.5944
  -1.000   0.0480   0.00719   0.00089  -0.0368   0.5548   0.5936  29.2786 134.8460
   0.000   0.1629   0.00737   0.00098  -0.0374   0.5411   0.6082  30.0644 135.6881
   1.000   0.2781   0.00748   0.00104  -0.0381   0.5281   0.6216  30.8144 136.4621
   2.000   0.3936   0.00762   0.00106  -0.0389   0.5173   0.6299  31.4423 136.9361
   3.000   0.5076   0.00770   0.00104  -0.0395   0.5034   0.6375  32.2560 137.3765
   4.000   0.6210   0.00786   0.00102  -0.0400   0.4864   0.6456  33.2667 137.8425
   5.000   0.7308   0.00806   0.00092  -0.0398   0.4442   0.6539  35.8315 138.3255
   6.000   0.8101   0.01011   0.00147  -0.0350   0.2412   0.6633  48.5576 138.8770
   7.000   0.8917   0.01158   0.00194  -0.0304   0.1517   0.6741  54.2833 139.5085
   8.000   0.9701   0.01261   0.00220  -0.0251   0.1231   0.6868  56.1829 140.2566
   9.000   1.0238   0.01410   0.00241  -0.0158   0.0826   0.7048  59.4290 141.3087
  10.000   1.0666   0.01632   0.00316  -0.0061   0.0530   0.7378  62.4980 143.2284
  11.000   1.1332   0.01858   0.00476  -0.0023   0.0416   1.0000  64.0592 160.0000
  12.000   1.1802   0.02190   0.00641   0.0037   0.0362   1.0000  64.9498 160.0000
  13.000   1.2278   0.02573   0.00854   0.0082   0.0331   1.0000  65.5222 160.0000
  14.000   1.2603   0.03145   0.01204   0.0117   0.0302   1.0000  66.0949 160.0000
  15.000   1.2992   0.03746   0.01585   0.0133   0.0279   1.0000  66.5729 160.0000
