  
       XFOIL         Version 6.99
  
 Calculated polar for: NACA 66,2-(1.8)12 A=.6 P-51 TIP AIRFOIL         
  
 1 1 Reynolds number fixed          Mach number fixed         
  
 xtrf =   1.000 (top)        1.000 (bottom)  
 Mach =   0.000     Re =     0.500 e 6     Ncrit =   9.000  9.000
  
   alpha    CL        CD       CDp       CM     Top_Xtr  Bot_Xtr  Top_Itr  Bot_Itr
  ------ -------- --------- --------- -------- -------- -------- -------- --------
  -6.000  -0.4429   0.01821   0.00755  -0.0430   0.8461   0.0244  12.6753  91.7452
  -5.000  -0.3434   0.01415   0.00450  -0.0415   0.8380   0.0289  13.2228  92.3116
  -4.000  -0.2462   0.01249   0.00328  -0.0397   0.8297   0.0360  13.7799  93.0671
  -3.000  -0.1489   0.01106   0.00242  -0.0378   0.8226   0.0518  14.2633  94.4016
  -2.000  -0.0798   0.00778   0.00219  -0.0314   0.8148   0.7469  14.7895 141.8390
  -1.000   0.0246   0.00843   0.00310  -0.0291   0.8091   0.8282  15.1741 147.2911
   0.000   0.1332   0.00879   0.00352  -0.0286   0.8018   0.8551  15.6658 149.0853
   1.000   0.2456   0.00887   0.00353  -0.0295   0.7939   0.8656  16.2063 149.7865
   2.000   0.3583   0.00872   0.00332  -0.0301   0.7815   0.8754  17.0516 150.4469
   3.000   0.4672   0.00779   0.00216  -0.0288   0.7394   0.8872  19.9396 151.2381
   4.000   0.5529   0.00804   0.00125  -0.0234   0.5254   0.9024  34.8543 152.2615
   5.000   0.5659   0.01239   0.00234  -0.0068   0.0437   0.9317  68.5642 154.2721
   6.000   0.6304   0.01393   0.00289   0.0013   0.0314   0.9666  69.7217 156.7701
   7.000   0.7424   0.01736   0.00509  -0.0022   0.0253   0.9907  70.4351 158.8261
   8.000   0.8768   0.02355   0.00911  -0.0089   0.0211   0.9974  71.0140 159.6533
   9.000   0.9523   0.02869   0.01344  -0.0041   0.0200   1.0000  71.2116 160.0000
