  
       XFOIL         Version 6.99
  
 Calculated polar for: NACA 66,2-(1.8)15.5 A=.6 P-51 ROOT AIRFOIL      
  
 1 1 Reynolds number fixed          Mach number fixed         
  
 xtrf =   1.000 (top)        1.000 (bottom)  
 Mach =   0.000     Re =     0.500 e 6     Ncrit =   9.000  9.000
  
   alpha    CL        CD       CDp       CM     Top_Xtr  Bot_Xtr  Top_Itr  Bot_Itr
  ------ -------- --------- --------- -------- -------- -------- -------- --------
  -6.000  -0.3864   0.01500   0.00404  -0.0514   0.8040   0.0366  14.6988  97.2902
  -5.000  -0.3086   0.01385   0.00344  -0.0464   0.7986   0.0420  15.0246  98.0008
  -4.000  -0.2272   0.01257   0.00309  -0.0422   0.7933   0.0690  15.3500 100.7238
  -3.000  -0.1957   0.00911   0.00294  -0.0291   0.7869   0.6947  15.7389 139.8961
  -2.000  -0.0884   0.00992   0.00392  -0.0280   0.7833   0.7636  15.9609 144.1077
  -1.000   0.0204   0.01091   0.00505  -0.0275   0.7785   0.7961  16.2558 146.0522
   0.000   0.1354   0.01027   0.00438  -0.0279   0.7605   0.8058  17.3715 146.6331
   1.000   0.2509   0.00994   0.00388  -0.0297   0.7511   0.8128  17.9557 147.0536
   2.000   0.3643   0.00942   0.00330  -0.0305   0.7326   0.8185  19.1093 147.3912
   3.000   0.4754   0.00897   0.00265  -0.0310   0.7082   0.8258  20.6416 147.8233
   4.000   0.5744   0.00855   0.00170  -0.0288   0.6133   0.8334  26.8449 148.2790
   5.000   0.5372   0.01202   0.00173  -0.0025   0.2600   0.8495  48.9350 149.2406
   6.000   0.5480   0.01563   0.00264   0.0121   0.0360   0.8671  65.9478 150.2957
   7.000   0.6142   0.01739   0.00328   0.0177   0.0312   0.8847  66.7611 151.3634
   8.000   0.6700   0.01973   0.00428   0.0245   0.0291   0.9092  67.1521 152.8773
   9.000   0.7277   0.02206   0.00540   0.0306   0.0269   0.9474  67.6341 155.3973
  10.000   0.8332   0.02571   0.00789   0.0258   0.0245   1.0000  68.1675 160.0000
  11.000   0.9148   0.02877   0.00959   0.0276   0.0227   1.0000  68.6322 160.0000
  12.000   1.0174   0.03328   0.01217   0.0269   0.0211   1.0000  69.0498 160.0000
  13.000   1.0799   0.04092   0.01802   0.0301   0.0209   1.0000  69.1159 160.0000
  15.000   0.7196   0.09987   0.06096   0.0364   0.0348   1.0000  66.1410 160.0000
