  
       XFOIL         Version 6.99
  
 Calculated polar for: NACA 66,2-(1.8)15.5 A=.6 P-51 ROOT AIRFOIL      
  
 1 1 Reynolds number fixed          Mach number fixed         
  
 xtrf =   1.000 (top)        1.000 (bottom)  
 Mach =   0.000     Re =     1.000 e 6     Ncrit =   9.000  9.000
  
   alpha    CL        CD       CDp       CM     Top_Xtr  Bot_Xtr  Top_Itr  Bot_Itr
  ------ -------- --------- --------- -------- -------- -------- -------- --------
  -6.000  -0.4278   0.01215   0.00267  -0.0424   0.7685   0.0274  16.8729  95.8495
  -5.000  -0.3408   0.01095   0.00210  -0.0390   0.7637   0.0315  17.1716  96.5356
  -4.000  -0.2442   0.01010   0.00172  -0.0372   0.7593   0.0394  17.4452  97.6564
  -3.000  -0.1735   0.00765   0.00112  -0.0313   0.7548   0.3866  17.7244 120.8382
  -2.000  -0.0847   0.00634   0.00115  -0.0281   0.7502   0.7101  18.0092 140.8352
  -1.000   0.0285   0.00626   0.00118  -0.0286   0.7336   0.7498  19.0496 143.2598
   0.000   0.1436   0.00628   0.00119  -0.0298   0.7186   0.7687  19.9884 144.4164
   1.000   0.2595   0.00617   0.00098  -0.0314   0.7006   0.7751  21.1229 144.7989
   2.000   0.3738   0.00609   0.00074  -0.0328   0.6706   0.7808  23.0339 145.1407
   3.000   0.4484   0.00771   0.00089  -0.0269   0.4233   0.7883  38.8337 145.5914
   4.000   0.4561   0.01056   0.00126  -0.0088   0.1012   0.7989  59.3444 146.2222
   5.000   0.5167   0.01213   0.00153  -0.0011   0.0267   0.8097  67.6602 146.8675
   6.000   0.5938   0.01328   0.00183   0.0034   0.0236   0.8219  68.3924 147.5926
   7.000   0.6682   0.01467   0.00226   0.0080   0.0220   0.8362  68.8103 148.4440
   8.000   0.7380   0.01637   0.00290   0.0128   0.0207   0.8536  69.1754 149.4843
   9.000   0.8050   0.01829   0.00371   0.0178   0.0196   0.8755  69.5287 150.8005
  10.000   0.8593   0.02085   0.00489   0.0240   0.0182   0.9080  69.9649 152.8054
  11.000   0.9329   0.02397   0.00702   0.0253   0.0171   0.9745  70.4036 157.4281
  12.000   0.9945   0.02788   0.00932   0.0279   0.0158   1.0000  70.9072 160.0000
  13.000   1.0537   0.03211   0.01202   0.0315   0.0149   1.0000  71.2503 160.0000
  14.000   1.1046   0.03727   0.01563   0.0350   0.0143   1.0000  71.5065 160.0000
  15.000   1.1361   0.04403   0.02067   0.0387   0.0139   1.0000  71.6917 160.0000
