  
       XFOIL         Version 6.99
  
 Calculated polar for: PMC19 Smoothed                                  
  
 1 1 Reynolds number fixed          Mach number fixed         
  
 xtrf =   1.000 (top)        1.000 (bottom)  
 Mach =   0.000     Re =     0.500 e 6     Ncrit =   9.000  9.000
  
   alpha    CL        CD       CDp       CM     Top_Xtr  Bot_Xtr  Top_Itr  Bot_Itr
  ------ -------- --------- --------- -------- -------- -------- -------- --------
  -5.000  -0.4590   0.03702   0.02898   0.0004   1.0000   0.0202   1.0000  89.1654
  -4.000  -0.3468   0.03076   0.01954   0.0007   0.8427   0.0266  12.8453  89.9770
  -3.000  -0.2480   0.02067   0.01030   0.0042   0.7395   0.0267  20.0923  89.9850
  -2.000  -0.1429   0.01236   0.00370   0.0069   0.6572   0.0286  25.8468  90.1689
  -1.000  -0.0349   0.01091   0.00212   0.0077   0.5791   0.0382  31.3036  91.0411
   0.000   0.0748   0.00969   0.00103   0.0079   0.5102   0.0607  36.1255  92.7034
   1.000   0.1748   0.00743   0.00087   0.0095   0.4526   0.8039  40.1625 145.2239
   2.000   0.2794   0.00772   0.00111   0.0116   0.4043   0.8777  43.5580 150.4134
   3.000   0.3877   0.00803   0.00120   0.0123   0.3660   0.9118  46.2607 152.8326
   4.000   0.4965   0.00827   0.00129   0.0128   0.3350   0.9561  48.4516 156.0404
   5.000   0.6264   0.00885   0.00145   0.0078   0.2999   1.0000  50.9459 160.0000
   6.000   0.7397   0.00945   0.00157   0.0065   0.2527   1.0000  54.3313 160.0000
   7.000   0.8387   0.01353   0.00358   0.0059   0.0276   1.0000  72.0108 160.0000
   8.000   0.9346   0.01745   0.00614   0.0063   0.0189   1.0000  73.0392 160.0000
   9.000   1.0253   0.02123   0.00878   0.0071   0.0151   1.0000  73.6441 160.0000
  10.000   1.0903   0.02960   0.01406   0.0102   0.0127   1.0000  74.0538 160.0000
  11.000   1.1486   0.03673   0.01977   0.0127   0.0108   1.0000  74.4955 160.0000
  12.000   1.1388   0.04971   0.03045   0.0140   0.0103   1.0000  74.5954 160.0000
  13.000   1.0723   0.07346   0.05229   0.0012   0.0109   1.0000  74.4675 160.0000
  14.000   0.9910   0.10444   0.08400  -0.0188   0.0115   1.0000  74.3170 160.0000
