  
       XFOIL         Version 6.99
  
 Calculated polar for: Prandtl-D Centerline NASA TP-2016-219072        
  
 1 1 Reynolds number fixed          Mach number fixed         
  
 xtrf =   1.000 (top)        1.000 (bottom)  
 Mach =   0.000     Re =     0.500 e 6     Ncrit =   9.000  9.000
  
   alpha    CL        CD       CDp       CM     Top_Xtr  Bot_Xtr  Top_Itr  Bot_Itr
  ------ -------- --------- --------- -------- -------- -------- -------- --------
  -5.000  -0.4415   0.01666   0.00577  -0.0272   0.7208   0.0188  20.9380  92.0932
  -4.000  -0.3411   0.01368   0.00347  -0.0249   0.6979   0.0230  22.4537  92.8791
  -3.000  -0.2379   0.01161   0.00202  -0.0230   0.6775   0.0324  23.8005  94.3286
  -2.000  -0.1295   0.01061   0.00156  -0.0221   0.6586   0.0820  25.0470  98.9863
  -1.000  -0.0208   0.00973   0.00126  -0.0215   0.6404   0.1777  26.2525 105.5180
   0.000   0.0846   0.00871   0.00117  -0.0206   0.6232   0.4129  27.3912 120.7193
   1.000   0.2452   0.00760   0.00159  -0.0303   0.6063   0.9657  28.5168 157.0316
   2.000   0.4573   0.00788   0.00145  -0.0516   0.5885   1.0000  29.7009 160.0000
   3.000   0.5641   0.00806   0.00148  -0.0509   0.5717   1.0000  30.8208 160.0000
   4.000   0.6708   0.00828   0.00151  -0.0502   0.5531   1.0000  32.0722 160.0000
   5.000   0.7771   0.00843   0.00141  -0.0495   0.5236   1.0000  34.0592 160.0000
   6.000   0.8818   0.00872   0.00123  -0.0487   0.4664   1.0000  37.9427 160.0000
   7.000   0.9798   0.01000   0.00145  -0.0475   0.3421   1.0000  46.4658 160.0000
   8.000   1.0407   0.01449   0.00344  -0.0425   0.0870   1.0000  64.6898 160.0000
  10.000   1.1059   0.02025   0.00578  -0.0207   0.0124   1.0000  73.9156 160.0000
  11.000   1.1323   0.02413   0.00772  -0.0119   0.0116   1.0000  74.1561 160.0000
  12.000   1.1548   0.02974   0.01112  -0.0057   0.0110   1.0000  74.3898 160.0000
  13.000   1.1669   0.03726   0.01621  -0.0012   0.0105   1.0000  74.5610 160.0000
  14.000   1.1714   0.04639   0.02281   0.0017   0.0103   1.0000  74.6367 160.0000
  15.000   1.1765   0.05625   0.03011   0.0034   0.0102   1.0000  74.6849 160.0000
