  
       XFOIL         Version 6.99
  
 Calculated polar for: Prandtl-D Centerline NASA TP-2016-219072        
  
 1 1 Reynolds number fixed          Mach number fixed         
  
 xtrf =   1.000 (top)        1.000 (bottom)  
 Mach =   0.000     Re =     1.000 e 6     Ncrit =   9.000  9.000
  
   alpha    CL        CD       CDp       CM     Top_Xtr  Bot_Xtr  Top_Itr  Bot_Itr
  ------ -------- --------- --------- -------- -------- -------- -------- --------
  -6.000  -0.5638   0.01483   0.00539  -0.0243   0.6992   0.0111  22.3616  90.1269
  -5.000  -0.4613   0.01290   0.00379  -0.0226   0.6760   0.0133  23.8988  90.7583
  -4.000  -0.3575   0.01097   0.00231  -0.0209   0.6559   0.0162  25.2252  91.4893
  -3.000  -0.2494   0.00973   0.00138  -0.0199   0.6371   0.0218  26.4718  92.6514
  -2.000  -0.1396   0.00882   0.00089  -0.0193   0.6194   0.0568  27.6400  96.9486
  -1.000  -0.0284   0.00827   0.00064  -0.0191   0.6030   0.1014  28.7324 100.3695
   0.000   0.0810   0.00755   0.00049  -0.0188   0.5874   0.2456  29.7701 109.9521
   1.000   0.1881   0.00678   0.00046  -0.0181   0.5721   0.4733  30.7974 124.5864
   2.000   0.3151   0.00572   0.00074  -0.0211   0.5563   0.9634  31.8564 156.8734
   3.000   0.5078   0.00640   0.00097  -0.0383   0.5380   0.9877  33.0861 158.6389
   4.000   0.6767   0.00642   0.00075  -0.0510   0.5113   1.0000  34.8912 160.0000
   5.000   0.7836   0.00674   0.00072  -0.0506   0.4583   1.0000  38.4969 160.0000
   6.000   0.8854   0.00824   0.00115  -0.0503   0.3002   1.0000  49.3628 160.0000
   7.000   0.9660   0.01217   0.00301  -0.0480   0.0326   1.0000  69.8759 160.0000
   8.000   1.0509   0.01376   0.00371  -0.0446   0.0093   1.0000  75.0243 160.0000
   9.000   1.1239   0.01548   0.00449  -0.0392   0.0083   1.0000  75.4427 160.0000
  10.000   1.1497   0.01794   0.00552  -0.0265   0.0078   1.0000  75.6722 160.0000
  11.000   1.1543   0.02199   0.00757  -0.0138   0.0073   1.0000  75.8534 160.0000
  12.000   1.1650   0.02814   0.01131  -0.0063   0.0072   1.0000  75.9256 160.0000
  13.000   1.1687   0.03623   0.01671  -0.0013   0.0071   1.0000  75.9733 160.0000
  15.000   1.2038   0.05191   0.02746   0.0047   0.0068   1.0000  76.0844 160.0000
