  
       XFOIL         Version 6.99
  
 Calculated polar for: Prandtl-D Wingtip NASA TP-2016-219072           
  
 1 1 Reynolds number fixed          Mach number fixed         
  
 xtrf =   1.000 (top)        1.000 (bottom)  
 Mach =   0.000     Re =     1.000 e 6     Ncrit =   9.000  9.000
  
   alpha    CL        CD       CDp       CM     Top_Xtr  Bot_Xtr  Top_Itr  Bot_Itr
  ------ -------- --------- --------- -------- -------- -------- -------- --------
  -6.000  -0.7294   0.00974   0.00150   0.0135   1.0000   0.0380   1.0000  88.8128
  -5.000  -0.6223   0.00845   0.00092   0.0137   0.9963   0.1038   1.4750  93.9875
  -4.000  -0.4853   0.00726   0.00056   0.0076   0.9848   0.2070   2.7105 101.6268
  -3.000  -0.3478   0.00622   0.00032   0.0017   0.9677   0.3269   4.1616 110.3499
  -2.000  -0.2238   0.00542   0.00014  -0.0008   0.9181   0.4588   7.7805 119.8948
  -1.000  -0.1224   0.00505   0.00003   0.0020   0.8231   0.5835  14.6397 128.9059
   0.000  -0.0246   0.00495  -0.00002   0.0055   0.7108   0.7026  22.7557 137.5128
   1.000   0.0725   0.00495   0.00001   0.0093   0.5966   0.8264  31.0053 146.4580
   2.000   0.1851   0.00524   0.00010   0.0096   0.4750   0.9325  39.7974 154.1210
   3.000   0.3350   0.00616   0.00030   0.0010   0.3325   0.9705  50.1121 156.9773
   4.000   0.4715   0.00720   0.00055  -0.0046   0.2128   0.9883  58.8106 158.6002
   5.000   0.6108   0.00830   0.00087  -0.0112   0.1104   0.9986  66.3769 159.8145
   6.000   0.7080   0.00958   0.00144  -0.0089   0.0411   1.0000  71.7861 160.0000
   7.000   0.7959   0.01095   0.00220  -0.0044   0.0173   1.0000  74.0698 160.0000
   8.000   0.8817   0.01282   0.00320   0.0004   0.0070   1.0000  75.8176 160.0000
   9.000   0.9604   0.01552   0.00493   0.0063   0.0054   1.0000  76.2503 160.0000
  10.000   1.0341   0.01851   0.00702   0.0122   0.0046   1.0000  76.5351 160.0000
  11.000   1.0958   0.02227   0.00974   0.0190   0.0039   1.0000  76.8090 160.0000
  12.000   1.0506   0.03339   0.01812   0.0354   0.0033   1.0000  77.0032 160.0000
  13.000   1.0173   0.04801   0.03090   0.0315   0.0033   1.0000  77.0253 160.0000
  14.000   0.9351   0.08079   0.06246   0.0091   0.0034   1.0000  76.9910 160.0000
  15.000   0.8869   0.10838   0.09101  -0.0054   0.0035   1.0000  76.9484 160.0000
