  
       XFOIL         Version 6.99
  
 Calculated polar for: PSU 94-097 (AIAA 2001-2478)                     
  
 1 1 Reynolds number fixed          Mach number fixed         
  
 xtrf =   1.000 (top)        1.000 (bottom)  
 Mach =   0.000     Re =     1.000 e 6     Ncrit =   9.000  9.000
  
   alpha    CL        CD       CDp       CM     Top_Xtr  Bot_Xtr  Top_Itr  Bot_Itr
  ------ -------- --------- --------- -------- -------- -------- -------- --------
  -5.000  -0.0873   0.01446   0.00581  -0.1016   0.8032   0.0049  15.6571  86.1497
  -4.000   0.0298   0.01072   0.00254  -0.1032   0.7813   0.0065  17.2178  86.7385
  -3.000   0.1487   0.00857   0.00094  -0.1048   0.7609   0.0084  18.6701  87.3127
  -2.000   0.2686   0.00729   0.00038  -0.1067   0.7417   0.0918  20.0412  95.5914
  -1.000   0.3884   0.00596   0.00039  -0.1095   0.7206   0.5058  21.5476 124.5477
   0.000   0.5045   0.00542   0.00054  -0.1106   0.6962   0.7833  23.2907 143.9086
   1.000   0.6070   0.00507   0.00051  -0.1080   0.6706   1.0000  25.1190 160.0000
   2.000   0.7241   0.00532   0.00054  -0.1094   0.6397   1.0000  27.3257 160.0000
   3.000   0.8394   0.00567   0.00058  -0.1105   0.5961   1.0000  30.4606 160.0000
   4.000   0.9511   0.00637   0.00069  -0.1111   0.5154   1.0000  36.2604 160.0000
   5.000   1.0565   0.00780   0.00110  -0.1108   0.3791   1.0000  46.0074 160.0000
   6.000   1.1581   0.00948   0.00170  -0.1101   0.2567   1.0000  54.7784 160.0000
   7.000   1.2557   0.01131   0.00239  -0.1088   0.1595   1.0000  61.8845 160.0000
   8.000   1.3451   0.01365   0.00337  -0.1063   0.0706   1.0000  68.8297 160.0000
   9.000   1.4269   0.01627   0.00461  -0.1027   0.0211   1.0000  73.6888 160.0000
  10.000   1.4933   0.01960   0.00603  -0.0966   0.0015   1.0000  79.2677 160.0000
  11.000   1.5347   0.02359   0.00766  -0.0868   0.0008   1.0000  80.0737 160.0000
  12.000   1.5636   0.02911   0.01070  -0.0783   0.0007   1.0000  80.2107 160.0000
  13.000   1.5714   0.03745   0.01608  -0.0709   0.0007   1.0000  80.2741 160.0000
  14.000   1.5556   0.04954   0.02493  -0.0660   0.0006   1.0000  80.2942 160.0000
  15.000   1.5179   0.06649   0.03869  -0.0652   0.0006   1.0000  80.2895 160.0000
