  
       XFOIL         Version 6.99
  
 Calculated polar for: PT40                                            
  
 1 1 Reynolds number fixed          Mach number fixed         
  
 xtrf =   1.000 (top)        1.000 (bottom)  
 Mach =   0.000     Re =     0.500 e 6     Ncrit =   9.000  9.000
  
   alpha    CL        CD       CDp       CM     Top_Xtr  Bot_Xtr  Top_Itr  Bot_Itr
  ------ -------- --------- --------- -------- -------- -------- -------- --------
  -6.000  -0.2835   0.05025   0.04486  -0.0697   0.9767   0.0577   3.2719 109.1649
  -5.000  -0.1714   0.03546   0.02984  -0.0833   0.9551   0.0634   4.9311 110.2066
  -4.000  -0.0762   0.02192   0.01493  -0.0847   0.9118   0.0629   7.6823 110.1133
  -3.000   0.0284   0.01590   0.00826  -0.0828   0.8626   0.0612  10.3520 109.8115
  -2.000   0.1361   0.01322   0.00532  -0.0806   0.8112   0.0636  12.9094 110.2358
  -1.000   0.2439   0.01211   0.00379  -0.0781   0.7468   0.0676  16.0052 110.9073
   0.000   0.3526   0.01102   0.00275  -0.0761   0.6919   0.0721  18.6442 111.5962
   1.000   0.4606   0.01042   0.00203  -0.0740   0.6291   0.0783  21.7055 112.4927
   2.000   0.5671   0.01027   0.00159  -0.0717   0.5491   0.0875  25.6864 113.6626
   3.000   0.6704   0.01061   0.00143  -0.0689   0.4358   0.1046  31.4179 115.5087
   4.000   0.7664   0.01017   0.00203  -0.0660   0.2546   1.0000  41.0706 160.0000
   5.000   0.8661   0.01137   0.00251  -0.0629   0.2004   1.0000  44.2147 160.0000
   6.000   0.9670   0.01245   0.00300  -0.0601   0.1689   1.0000  46.2708 160.0000
   7.000   1.0668   0.01356   0.00349  -0.0574   0.1426   1.0000  48.2449 160.0000
   8.000   1.1622   0.01495   0.00404  -0.0541   0.1006   1.0000  52.2134 160.0000
   9.000   1.2399   0.01764   0.00548  -0.0484   0.0548   1.0000  58.8212 160.0000
  10.000   1.3109   0.02020   0.00702  -0.0417   0.0484   1.0000  60.0855 160.0000
  11.000   1.3682   0.02302   0.00877  -0.0336   0.0452   1.0000  60.7551 160.0000
  12.000   1.4103   0.02714   0.01142  -0.0254   0.0431   1.0000  61.1965 160.0000
  13.000   1.4492   0.03213   0.01479  -0.0192   0.0414   1.0000  61.5936 160.0000
  14.000   1.4740   0.03907   0.01954  -0.0144   0.0399   1.0000  61.9181 160.0000
  15.000   1.4947   0.04710   0.02528  -0.0111   0.0390   1.0000  62.1331 160.0000
