  
       XFOIL         Version 6.99
  
 Calculated polar for: RONCZ 1046 VOYAGER CANARD AIRFOIL               
  
 1 1 Reynolds number fixed          Mach number fixed         
  
 xtrf =   1.000 (top)        1.000 (bottom)  
 Mach =   0.000     Re =     1.000 e 6     Ncrit =   9.000  9.000
  
   alpha    CL        CD       CDp       CM     Top_Xtr  Bot_Xtr  Top_Itr  Bot_Itr
  ------ -------- --------- --------- -------- -------- -------- -------- --------
  -6.000  -0.0059   0.01297   0.00334  -0.1203   0.5714   0.0132  27.8805  94.7891
  -5.000   0.0977   0.01186   0.00253  -0.1193   0.5673   0.0159  28.1369  95.7287
  -4.000   0.2036   0.01093   0.00191  -0.1187   0.5629   0.0208  28.4110  97.2409
  -3.000   0.3117   0.01032   0.00154  -0.1185   0.5586   0.0352  28.6826 100.6623
  -2.000   0.4200   0.00991   0.00136  -0.1186   0.5534   0.0995  29.0080 107.9705
  -1.000   0.5233   0.00887   0.00129  -0.1182   0.5503   0.3778  29.2045 124.1172
   0.000   0.6259   0.00820   0.00142  -0.1173   0.5465   0.6721  29.4455 140.2184
   1.000   0.7254   0.00783   0.00157  -0.1150   0.5424   0.9087  29.7073 153.2364
   2.000   0.8716   0.00845   0.00184  -0.1230   0.5376   0.9823  30.0127 158.1487
   3.000   1.0406   0.00873   0.00203  -0.1365   0.5344   0.9965  30.2217 159.5782
   4.000   1.1575   0.00900   0.00215  -0.1393   0.5304   1.0000  30.4807 160.0000
   5.000   1.2475   0.00933   0.00217  -0.1362   0.5261   1.0000  30.7577 160.0000
   6.000   1.3389   0.00986   0.00225  -0.1336   0.5212   1.0000  31.0818 160.0000
   7.000   1.4239   0.01011   0.00213  -0.1297   0.5156   1.0000  31.4572 160.0000
   8.000   1.5137   0.01046   0.00185  -0.1270   0.5087   1.0000  31.9138 160.0000
   9.000   1.5739   0.01065   0.00115  -0.1183   0.4979   1.0000  32.6453 160.0000
  10.000   1.6314   0.01120   0.00042  -0.1100   0.4832   1.0000  33.6616 160.0000
  11.000   1.6879   0.01237  -0.00005  -0.1028   0.4662   1.0000  34.8438 160.0000
  12.000   1.7280   0.01474  -0.00013  -0.0946   0.4396   1.0000  36.7180 160.0000
  13.000   1.7066   0.02185   0.00187  -0.0823   0.3872   1.0000  40.3763 160.0000
  14.000   1.6047   0.03731   0.00961  -0.0680   0.3169   1.0000  45.1750 160.0000
  15.000   1.5253   0.05297   0.01918  -0.0585   0.2487   1.0000  49.7942 160.0000
