  
       XFOIL         Version 6.99
  
 Calculated polar for: RONCZ 1082 VOYAGER ROOT OUTER AFT WING AIRFOIL  
  
 1 1 Reynolds number fixed          Mach number fixed         
  
 xtrf =   1.000 (top)        1.000 (bottom)  
 Mach =   0.000     Re =     1.000 e 6     Ncrit =   9.000  9.000
  
   alpha    CL        CD       CDp       CM     Top_Xtr  Bot_Xtr  Top_Itr  Bot_Itr
  ------ -------- --------- --------- -------- -------- -------- -------- --------
  -6.000  -0.2352   0.01165   0.00166  -0.0781   0.6154   0.0186  25.3142  93.4136
  -5.000  -0.1492   0.01054   0.00130  -0.0741   0.6066   0.0578  25.8496 100.2954
  -4.000  -0.0566   0.00963   0.00110  -0.0714   0.6000   0.1443  26.2469 106.9880
  -3.000   0.0272   0.00801   0.00081  -0.0675   0.5939   0.4117  26.6169 122.8957
  -2.000   0.1194   0.00696   0.00093  -0.0646   0.5872   0.7216  27.0258 141.5230
  -1.000   0.2338   0.00718   0.00120  -0.0654   0.5827   0.7543  27.3023 143.4881
   0.000   0.3482   0.00751   0.00148  -0.0663   0.5776   0.7767  27.6101 144.8048
   1.000   0.4632   0.00794   0.00175  -0.0674   0.5716   0.7927  27.9770 145.7385
   2.000   0.5767   0.00804   0.00182  -0.0685   0.5670   0.8011  28.2632 146.2295
   3.000   0.6894   0.00815   0.00180  -0.0696   0.5601   0.8075  28.6894 146.6073
   4.000   0.8018   0.00836   0.00174  -0.0707   0.5520   0.8125  29.1930 146.9047
   5.000   0.9103   0.00838   0.00156  -0.0711   0.5418   0.8173  29.8306 147.1868
   6.000   1.0145   0.00844   0.00136  -0.0706   0.5286   0.8225  30.6644 147.4943
   7.000   1.1142   0.00857   0.00108  -0.0692   0.5111   0.8280  31.7879 147.8205
   8.000   1.2022   0.00879   0.00074  -0.0656   0.4801   0.8344  33.8263 148.2072
   9.000   1.2344   0.01017   0.00041  -0.0515   0.3928   0.8437  39.6280 148.7658
  10.000   1.2250   0.01327   0.00076  -0.0325   0.3000   0.8577  45.6048 149.6118
  11.000   1.2012   0.01849   0.00228  -0.0161   0.2231   0.8780  50.6007 150.8573
  12.000   1.1831   0.02507   0.00515  -0.0043   0.1619   0.9346  54.7397 154.4956
  14.000   1.2319   0.03976   0.01386  -0.0011   0.0770   1.0000  61.3101 160.0000
  15.000   1.2549   0.04675   0.01793   0.0014   0.0564   1.0000  63.4154 160.0000
