  
       XFOIL         Version 6.99
  
 Calculated polar for: RONCZ 1082T VOYAGER TIP OUTER AFT WING AIRFOIL  
  
 1 1 Reynolds number fixed          Mach number fixed         
  
 xtrf =   1.000 (top)        1.000 (bottom)  
 Mach =   0.000     Re =     1.000 e 6     Ncrit =   9.000  9.000
  
   alpha    CL        CD       CDp       CM     Top_Xtr  Bot_Xtr  Top_Itr  Bot_Itr
  ------ -------- --------- --------- -------- -------- -------- -------- --------
  -6.000  -0.2823   0.01204   0.00221  -0.0707   0.6373   0.0140  25.0284  91.1881
  -5.000  -0.1876   0.01091   0.00158  -0.0682   0.6261   0.0163  25.7329  91.8841
  -4.000  -0.0895   0.00995   0.00115  -0.0661   0.6168   0.0312  26.3213  95.0938
  -3.000   0.0018   0.00844   0.00081  -0.0635   0.6080   0.2476  26.8757 111.2238
  -2.000   0.0887   0.00645   0.00066  -0.0601   0.6011   0.6971  27.3146 139.3474
  -1.000   0.2017   0.00668   0.00098  -0.0604   0.5945   0.7608  27.7325 143.3892
   0.000   0.3159   0.00703   0.00124  -0.0612   0.5880   0.7857  28.1430 144.9238
   1.000   0.4298   0.00727   0.00145  -0.0620   0.5820   0.8027  28.5281 145.9781
   2.000   0.5440   0.00749   0.00154  -0.0631   0.5743   0.8120  29.0215 146.5556
   3.000   0.6573   0.00755   0.00150  -0.0641   0.5659   0.8187  29.5616 146.9675
   4.000   0.7689   0.00763   0.00144  -0.0649   0.5547   0.8243  30.2788 147.3195
   5.000   0.8783   0.00772   0.00130  -0.0652   0.5397   0.8303  31.2541 147.6976
   6.000   0.9857   0.00782   0.00113  -0.0652   0.5195   0.8363  32.5766 148.0693
   7.000   1.0859   0.00806   0.00095  -0.0638   0.4784   0.8433  35.3444 148.5148
   8.000   1.1384   0.00994   0.00124  -0.0538   0.3359   0.8531  44.9275 149.1357
   9.000   1.1422   0.01265   0.00179  -0.0355   0.2103   0.8693  53.2988 150.1636
  10.000   1.1437   0.01608   0.00277  -0.0200   0.1330   0.8958  58.7089 151.8732
  11.000   1.1734   0.02070   0.00511  -0.0138   0.0808   1.0000  62.7389 160.0000
  12.000   1.2018   0.02590   0.00774  -0.0084   0.0536   1.0000  65.2538 160.0000
  13.000   1.2304   0.03153   0.01081  -0.0041   0.0368   1.0000  67.2813 160.0000
  14.000   1.2543   0.03802   0.01460  -0.0006   0.0218   1.0000  69.8676 160.0000
  15.000   1.2727   0.04561   0.01935   0.0020   0.0124   1.0000  72.4683 160.0000
