  
       XFOIL         Version 6.99
  
 Calculated polar for: R140 (original)                                 
  
 1 1 Reynolds number fixed          Mach number fixed         
  
 xtrf =   1.000 (top)        1.000 (bottom)  
 Mach =   0.000     Re =     0.500 e 6     Ncrit =   9.000  9.000
  
   alpha    CL        CD       CDp       CM     Top_Xtr  Bot_Xtr  Top_Itr  Bot_Itr
  ------ -------- --------- --------- -------- -------- -------- -------- --------
  -6.000  -0.5663   0.01674   0.00266  -0.0169   0.9733   0.0086   3.7724  84.1888
  -5.000  -0.4412   0.01214   0.00064  -0.0207   0.9570   0.0091   4.9953  84.2597
  -4.000  -0.3306   0.01053   0.00048  -0.0206   0.9176   0.0117   7.9770  84.6324
  -3.000  -0.2273   0.00992   0.00051  -0.0188   0.8585   0.0171  12.4089  85.2531
  -2.000  -0.1292   0.00961   0.00040  -0.0163   0.7838   0.0457  18.0712  87.6829
  -1.000  -0.0357   0.00899   0.00020  -0.0133   0.7272   0.1876  22.2555  99.2208
   0.000   0.0362   0.00713   0.00010  -0.0062   0.6891   0.6610  25.0741 134.0312
   1.000   0.1380   0.00709   0.00006  -0.0046   0.6503   0.7035  27.9162 137.1494
   2.000   0.2286   0.00703   0.00010  -0.0001   0.5824   0.8262  32.9210 146.3202
   3.000   0.3101   0.00858   0.00022   0.0054   0.2726   0.8963  55.8806 151.5044
   4.000   0.4167   0.01101   0.00050   0.0050   0.0067   0.9463  76.8853 155.2017
   5.000   0.5467   0.01320   0.00075   0.0006   0.0084   0.9698  76.5919 156.9482
