  
       XFOIL         Version 6.99
  
 Calculated polar for: RAE 103 AIRFOIL                                 
  
 1 1 Reynolds number fixed          Mach number fixed         
  
 xtrf =   1.000 (top)        1.000 (bottom)  
 Mach =   0.000     Re =     0.500 e 6     Ncrit =   9.000  9.000
  
   alpha    CL        CD       CDp       CM     Top_Xtr  Bot_Xtr  Top_Itr  Bot_Itr
  ------ -------- --------- --------- -------- -------- -------- -------- --------
  -6.000  -0.6829   0.01405   0.00393   0.0062   1.0000   0.0219   1.0000  89.1935
  -5.000  -0.5732   0.01165   0.00243   0.0050   0.9909   0.0350   2.1147  90.6518
  -4.000  -0.4383   0.00903   0.00124  -0.0017   0.9702   0.1938   3.7611 102.5780
  -3.000  -0.3221   0.00651   0.00084  -0.0041   0.9327   0.6249   6.4070 133.0809
  -2.000  -0.2117   0.00630   0.00086  -0.0032   0.8809   0.7020  10.0202 138.4924
  -1.000  -0.1066   0.00630   0.00091  -0.0014   0.8346   0.7542  13.2475 142.1418
   0.000   0.0000   0.00632   0.00092  -0.0000   0.7958   0.7958  15.9560 145.0441
   1.000   0.1066   0.00630   0.00091   0.0014   0.7542   0.8346  18.8588 147.7494
   2.000   0.2117   0.00630   0.00086   0.0032   0.7020   0.8809  22.5076 150.9798
   3.000   0.3221   0.00651   0.00084   0.0041   0.6249   0.9327  27.9192 154.5931
   4.000   0.4383   0.00903   0.00124   0.0017   0.1938   0.9702  58.4243 157.2393
   5.000   0.5732   0.01165   0.00243  -0.0050   0.0350   0.9909  70.3485 158.8866
   6.000   0.6828   0.01405   0.00393  -0.0062   0.0219   1.0000  71.8068 160.0000
   7.000   0.7493   0.01724   0.00618   0.0019   0.0171   1.0000  72.5295 160.0000
   8.000   0.8167   0.02359   0.01070   0.0090   0.0145   1.0000  72.9687 160.0000
   9.000   0.8618   0.03229   0.01871   0.0185   0.0134   1.0000  73.2133 160.0000
  10.000   0.8465   0.04638   0.03155   0.0313   0.0151   1.0000  72.8659 160.0000
