  
       XFOIL         Version 6.99
  
 Calculated polar for: RAE 103 AIRFOIL                                 
  
 1 1 Reynolds number fixed          Mach number fixed         
  
 xtrf =   1.000 (top)        1.000 (bottom)  
 Mach =   0.000     Re =     1.000 e 6     Ncrit =   9.000  9.000
  
   alpha    CL        CD       CDp       CM     Top_Xtr  Bot_Xtr  Top_Itr  Bot_Itr
  ------ -------- --------- --------- -------- -------- -------- -------- --------
  -6.000  -0.6632   0.01067   0.00241   0.0017   0.9919   0.0162   2.0266  88.3074
  -5.000  -0.5325   0.00923   0.00159  -0.0033   0.9750   0.0280   3.4085  89.9439
  -4.000  -0.4039   0.00769   0.00087  -0.0080   0.9374   0.1188   6.0739  97.1821
  -3.000  -0.3161   0.00557   0.00023  -0.0041   0.8659   0.4797  11.0675 122.7975
  -2.000  -0.2153   0.00510   0.00022  -0.0018   0.8132   0.6332  14.7408 133.6622
  -1.000  -0.1081   0.00504   0.00023  -0.0008   0.7723   0.6888  17.5921 137.5631
   0.000  -0.0000   0.00503   0.00024   0.0000   0.7325   0.7325  20.3738 140.6261
   1.000   0.1081   0.00504   0.00023   0.0008   0.6888   0.7723  23.4369 143.4079
   2.000   0.2153   0.00510   0.00022   0.0018   0.6332   0.8132  27.3378 146.2592
   3.000   0.3161   0.00557   0.00023   0.0041   0.4797   0.8659  38.2024 149.9326
   4.000   0.4039   0.00769   0.00087   0.0080   0.1188   0.9374  63.8168 154.9262
   5.000   0.5325   0.00923   0.00159   0.0033   0.0280   0.9750  71.0559 157.5926
   6.000   0.6632   0.01067   0.00242  -0.0017   0.0161   0.9919  72.6928 158.9744
   7.000   0.7854   0.01272   0.00379  -0.0054   0.0116   1.0000  73.6108 160.0000
   8.000   0.8500   0.01585   0.00596   0.0029   0.0096   1.0000  74.1111 160.0000
   9.000   0.9241   0.01869   0.00817   0.0089   0.0082   1.0000  74.5389 160.0000
  10.000   0.9887   0.02258   0.01125   0.0156   0.0074   1.0000  74.7862 160.0000
  11.000   0.9896   0.03259   0.01953   0.0287   0.0068   1.0000  74.9757 160.0000
  12.000   0.9159   0.04593   0.03129   0.0396   0.0067   1.0000  75.0200 160.0000
  14.000   0.5472   0.14718   0.11712  -0.0073   0.0109   1.0000  73.7839 160.0000
  15.000   0.5479   0.16069   0.13231  -0.0159   0.0100   1.0000  74.0040 160.0000
