  
       XFOIL         Version 6.99
  
 Calculated polar for: RAE 102 AIRFOIL                                 
  
 1 1 Reynolds number fixed          Mach number fixed         
  
 xtrf =   1.000 (top)        1.000 (bottom)  
 Mach =   0.000     Re =     0.500 e 6     Ncrit =   9.000  9.000
  
   alpha    CL        CD       CDp       CM     Top_Xtr  Bot_Xtr  Top_Itr  Bot_Itr
  ------ -------- --------- --------- -------- -------- -------- -------- --------
  -6.000  -0.6713   0.01371   0.00370   0.0031   1.0000   0.0247   1.0000  89.9918
  -5.000  -0.5997   0.01126   0.00220   0.0103   1.0000   0.0393   1.0000  91.5350
  -4.000  -0.4780   0.00898   0.00117   0.0064   0.9874   0.1924   2.4104 102.9841
  -3.000  -0.3423   0.00676   0.00082  -0.0002   0.9629   0.5546   4.2876 128.4448
  -2.000  -0.2111   0.00627   0.00078  -0.0040   0.9137   0.6442   7.6982 134.6765
  -1.000  -0.1041   0.00613   0.00073  -0.0022   0.8400   0.7120  12.7900 139.3687
   0.000   0.0000   0.00611   0.00072  -0.0000   0.7743   0.7743  17.3266 143.6736
   1.000   0.1041   0.00613   0.00073   0.0022   0.7120   0.8400  21.6313 148.2105
   2.000   0.2111   0.00627   0.00078   0.0040   0.6442   0.9137  26.3235 153.3019
   3.000   0.3423   0.00676   0.00082   0.0002   0.5546   0.9629  32.5556 156.7126
   4.000   0.4780   0.00898   0.00117  -0.0064   0.1924   0.9874  58.0179 158.5905
   5.000   0.5996   0.01126   0.00220  -0.0103   0.0393   1.0000  69.4644 160.0000
   6.000   0.6712   0.01371   0.00370  -0.0031   0.0247   1.0000  71.0081 160.0000
   7.000   0.7514   0.01595   0.00527   0.0026   0.0194   1.0000  71.7854 160.0000
   8.000   0.8257   0.02053   0.00868   0.0088   0.0159   1.0000  72.3958 160.0000
   9.000   0.8954   0.02623   0.01336   0.0147   0.0140   1.0000  72.7730 160.0000
  10.000   0.9118   0.03835   0.02337   0.0244   0.0130   1.0000  72.9748 160.0000
  11.000   0.7155   0.05759   0.04062   0.0320   0.0159   1.0000  72.4003 160.0000
