  
       XFOIL         Version 6.99
  
 Calculated polar for: RAE 101 AIRFOIL                                 
  
 1 1 Reynolds number fixed          Mach number fixed         
  
 xtrf =   1.000 (top)        1.000 (bottom)  
 Mach =   0.000     Re =     1.000 e 6     Ncrit =   9.000  9.000
  
   alpha    CL        CD       CDp       CM     Top_Xtr  Bot_Xtr  Top_Itr  Bot_Itr
  ------ -------- --------- --------- -------- -------- -------- -------- --------
  -6.000  -0.6931   0.01021   0.00223   0.0063   1.0000   0.0223   1.0000  90.1964
  -5.000  -0.5851   0.00897   0.00150   0.0065   0.9964   0.0406   1.4616  92.3526
  -4.000  -0.4474   0.00736   0.00083  -0.0001   0.9812   0.1627   2.9452 101.6159
  -3.000  -0.3182   0.00567   0.00039  -0.0047   0.9404   0.4149   5.8442 119.2589
  -2.000  -0.2103   0.00534   0.00025  -0.0035   0.8464   0.5118  12.2434 125.9240
  -1.000  -0.1058   0.00522   0.00019  -0.0016   0.7598   0.5993  18.1334 131.9215
   0.000   0.0000   0.00514   0.00018  -0.0000   0.6847   0.6847  23.2506 137.7494
   1.000   0.1058   0.00522   0.00019   0.0016   0.5993   0.7598  29.0785 142.8665
   2.000   0.2103   0.00534   0.00025   0.0035   0.5118   0.8463  35.0760 148.7559
   3.000   0.3182   0.00567   0.00039   0.0047   0.4149   0.9404  41.7404 155.1579
   4.000   0.4474   0.00736   0.00083   0.0001   0.1627   0.9813  59.3850 158.0549
   5.000   0.5851   0.00897   0.00150  -0.0065   0.0406   0.9964  68.6479 159.5394
   6.000   0.6931   0.01021   0.00223  -0.0063   0.0223   1.0000  70.8035 160.0000
   7.000   0.7797   0.01178   0.00323  -0.0016   0.0161   1.0000  71.8978 160.0000
   8.000   0.8679   0.01340   0.00435   0.0025   0.0129   1.0000  72.6340 160.0000
   9.000   0.9463   0.01627   0.00638   0.0079   0.0108   1.0000  73.1911 160.0000
  10.000   1.0252   0.01902   0.00846   0.0126   0.0094   1.0000  73.6183 160.0000
  11.000   1.0771   0.02445   0.01257   0.0198   0.0081   1.0000  74.0281 160.0000
  12.000   1.1110   0.02918   0.01642   0.0288   0.0076   1.0000  74.2219 160.0000
  13.000   1.0907   0.03789   0.02353   0.0366   0.0073   1.0000  74.3439 160.0000
  14.000   1.0340   0.05782   0.04148   0.0271   0.0072   1.0000  74.3757 160.0000
