  
       XFOIL         Version 6.99
  
 Calculated polar for: RAE 2822 AIRFOIL                                
  
 1 1 Reynolds number fixed          Mach number fixed         
  
 xtrf =   1.000 (top)        1.000 (bottom)  
 Mach =   0.000     Re =     1.000 e 6     Ncrit =   9.000  9.000
  
   alpha    CL        CD       CDp       CM     Top_Xtr  Bot_Xtr  Top_Itr  Bot_Itr
  ------ -------- --------- --------- -------- -------- -------- -------- --------
  -6.000  -0.4463   0.00942   0.00191  -0.0633   0.9607   0.0471   4.4692  93.1134
  -5.000  -0.3326   0.00767   0.00114  -0.0656   0.9432   0.1731   5.6941 102.3951
  -4.000  -0.2271   0.00561   0.00053  -0.0663   0.9204   0.4859   7.2591 124.0267
  -3.000  -0.1133   0.00547   0.00053  -0.0669   0.8967   0.5314   8.8816 127.1406
  -2.000  -0.0002   0.00545   0.00060  -0.0672   0.8713   0.5652  10.6119 129.4373
  -1.000   0.1134   0.00542   0.00053  -0.0677   0.8454   0.5775  12.3724 130.2725
   0.000   0.2258   0.00544   0.00046  -0.0679   0.8128   0.5902  14.5894 131.1300
   1.000   0.3356   0.00555   0.00038  -0.0674   0.7636   0.6037  17.9310 132.0400
   2.000   0.4413   0.00585   0.00033  -0.0660   0.6762   0.6191  23.8699 133.0741
   3.000   0.5270   0.00765   0.00067  -0.0613   0.3576   0.6358  45.5298 134.1947
   4.000   0.6129   0.00995   0.00145  -0.0573   0.0672   0.6546  65.7081 135.4518
   5.000   0.7125   0.01113   0.00206  -0.0553   0.0307   0.6769  69.0416 136.9451
   6.000   0.8112   0.01228   0.00277  -0.0532   0.0216   0.7020  70.3518 138.6286
   7.000   0.9049   0.01380   0.00374  -0.0502   0.0163   0.7318  71.3407 140.6342
   9.000   1.0772   0.01770   0.00644  -0.0422   0.0112   0.8144  72.6416 146.2427
  10.000   1.1384   0.02116   0.00903  -0.0342   0.0097   0.9157  73.0756 153.2421
  11.000   1.1996   0.02455   0.01163  -0.0271   0.0088   1.0000  73.3796 160.0000
  12.000   1.2395   0.02876   0.01482  -0.0181   0.0081   1.0000  73.6366 160.0000
  13.000   1.2593   0.03417   0.01890  -0.0092   0.0076   1.0000  73.8448 160.0000
  14.000   1.1849   0.05037   0.03285  -0.0011   0.0071   1.0000  74.0070 160.0000
  15.000   1.1135   0.07280   0.05380  -0.0087   0.0071   1.0000  74.0233 160.0000
