  
       XFOIL         Version 6.99
  
 Calculated polar for: RAE(NPL) 5213 AIRFOIL                           
  
 1 1 Reynolds number fixed          Mach number fixed         
  
 xtrf =   1.000 (top)        1.000 (bottom)  
 Mach =   0.000     Re =     1.000 e 6     Ncrit =   9.000  9.000
  
   alpha    CL        CD       CDp       CM     Top_Xtr  Bot_Xtr  Top_Itr  Bot_Itr
  ------ -------- --------- --------- -------- -------- -------- -------- --------
  -6.000  -0.4423   0.01087   0.00337  -0.0540   0.9837   0.0180   2.9073  93.3794
  -5.000  -0.3099   0.00946   0.00235  -0.0586   0.9720   0.0224   3.9906  94.7479
  -4.000  -0.1956   0.00829   0.00153  -0.0589   0.9418   0.0280   6.2770  96.2425
  -2.000   0.0186   0.00568   0.00031  -0.0566   0.8443   0.3690  12.0216 121.6509
  -1.000   0.1268   0.00515   0.00030  -0.0553   0.7775   0.5868  15.7298 134.2772
   0.000   0.2366   0.00548   0.00046  -0.0539   0.6989   0.6457  20.0694 137.5393
   1.000   0.3457   0.00595   0.00048  -0.0527   0.5776   0.6622  26.8900 138.4563
   2.000   0.4431   0.00805   0.00097  -0.0502   0.2036   0.6777  48.4108 139.3264
   3.000   0.5493   0.00913   0.00144  -0.0490   0.1020   0.6936  55.0042 140.2298
   4.000   0.6583   0.00973   0.00181  -0.0481   0.0836   0.7103  56.5545 141.1891
   5.000   0.7658   0.01042   0.00223  -0.0471   0.0685   0.7298  58.0915 142.3074
   6.000   0.8719   0.01115   0.00266  -0.0459   0.0549   0.7554  59.8803 143.7789
   7.000   0.9745   0.01208   0.00328  -0.0442   0.0415   0.7993  62.1260 146.3410
   8.000   1.0727   0.01306   0.00413  -0.0417   0.0323   1.0000  64.0654 160.0000
   9.000   1.1693   0.01477   0.00525  -0.0393   0.0282   1.0000  65.0685 160.0000
  10.000   1.2624   0.01657   0.00649  -0.0366   0.0259   1.0000  65.7083 160.0000
  11.000   1.3441   0.01920   0.00834  -0.0324   0.0243   1.0000  66.1390 160.0000
  12.000   1.4192   0.02185   0.01026  -0.0276   0.0232   1.0000  66.4751 160.0000
  13.000   1.4709   0.02501   0.01242  -0.0196   0.0223   1.0000  66.7420 160.0000
  14.000   1.4858   0.03043   0.01621  -0.0093   0.0216   1.0000  66.9669 160.0000
  15.000   1.4953   0.03743   0.02151  -0.0030   0.0212   1.0000  67.0776 160.0000
