  
       XFOIL         Version 6.99
  
 Calculated polar for: RAE(NPL) 5213 AIRFOIL                           
  
 1 1 Reynolds number fixed          Mach number fixed         
  
 xtrf =   1.000 (top)        1.000 (bottom)  
 Mach =   0.000     Re =     0.500 e 6     Ncrit =   9.000  9.000
  
   alpha    CL        CD       CDp       CM     Top_Xtr  Bot_Xtr  Top_Itr  Bot_Itr
  ------ -------- --------- --------- -------- -------- -------- -------- --------
  -6.000  -0.5004   0.01576   0.00624  -0.0419   0.9928   0.0223   1.9669  94.7015
  -5.000  -0.3604   0.01299   0.00414  -0.0486   0.9825   0.0289   3.0240  96.4772
  -4.000  -0.2207   0.01082   0.00262  -0.0548   0.9687   0.0366   4.2614  98.1882
  -3.000  -0.0864   0.00930   0.00166  -0.0592   0.9484   0.0536   5.8251 100.9978
  -2.000   0.0218   0.00653   0.00108  -0.0592   0.9102   0.5727   8.2787 133.4876
  -1.000   0.1307   0.00673   0.00130  -0.0568   0.8603   0.6540  11.1325 137.9955
   0.000   0.2372   0.00691   0.00128  -0.0540   0.7840   0.6881  15.3702 139.9198
   1.000   0.3461   0.00711   0.00118  -0.0524   0.7064   0.7057  19.6565 140.9250
   2.000   0.4481   0.00789   0.00113  -0.0496   0.5126   0.7236  30.6170 141.9508
   3.000   0.5387   0.01062   0.00192  -0.0463   0.1337   0.7423  52.7453 143.0252
   4.000   0.6429   0.01164   0.00258  -0.0448   0.1012   0.7638  55.0694 144.2681
   5.000   0.7469   0.01255   0.00322  -0.0432   0.0822   0.7923  56.6803 145.9300
   6.000   0.8464   0.01347   0.00390  -0.0408   0.0671   0.8466  58.2735 149.1225
   7.000   0.9501   0.01448   0.00453  -0.0394   0.0520   1.0000  60.3193 160.0000
   8.000   1.0454   0.01656   0.00577  -0.0370   0.0417   1.0000  62.0785 160.0000
   9.000   1.1353   0.01908   0.00748  -0.0339   0.0365   1.0000  63.1169 160.0000
  10.000   1.2208   0.02184   0.00947  -0.0304   0.0334   1.0000  63.8109 160.0000
  11.000   1.2958   0.02576   0.01245  -0.0259   0.0312   1.0000  64.3192 160.0000
  12.000   1.3583   0.03001   0.01577  -0.0202   0.0297   1.0000  64.7021 160.0000
  13.000   1.3921   0.03594   0.02011  -0.0120   0.0286   1.0000  64.9658 160.0000
  14.000   1.3796   0.04490   0.02768  -0.0037   0.0281   1.0000  65.0905 160.0000
  15.000   1.3241   0.06084   0.04191  -0.0037   0.0279   1.0000  65.1488 160.0000
