  
       XFOIL         Version 6.99
  
 Calculated polar for: RAE 5214 AIRFOIL                                
  
 1 1 Reynolds number fixed          Mach number fixed         
  
 xtrf =   1.000 (top)        1.000 (bottom)  
 Mach =   0.000     Re =     0.500 e 6     Ncrit =   9.000  9.000
  
   alpha    CL        CD       CDp       CM     Top_Xtr  Bot_Xtr  Top_Itr  Bot_Itr
  ------ -------- --------- --------- -------- -------- -------- -------- --------
  -6.000  -0.5046   0.01576   0.00623  -0.0419   0.9918   0.0223   2.0724  94.6970
  -5.000  -0.3673   0.01307   0.00419  -0.0481   0.9826   0.0289   3.0128  96.4730
  -4.000  -0.2280   0.01094   0.00270  -0.0543   0.9720   0.0366   3.9854  98.1831
  -3.000  -0.0945   0.00947   0.00179  -0.0587   0.9559   0.0535   5.2757 100.9763
  -2.000   0.0206   0.00664   0.00122  -0.0602   0.9302   0.5752   7.0450 133.6239
  -1.000   0.1271   0.00671   0.00134  -0.0569   0.8779   0.6548  10.1539 138.0379
   0.000   0.2343   0.00681   0.00132  -0.0542   0.8139   0.6883  13.7148 139.9228
   1.000   0.3426   0.00695   0.00117  -0.0522   0.7281   0.7058  18.4938 140.9276
   2.000   0.4333   0.00888   0.00133  -0.0477   0.3372   0.7236  40.6383 141.9496
   3.000   0.5329   0.01060   0.00195  -0.0456   0.1407   0.7424  52.0309 143.0282
   4.000   0.6384   0.01144   0.00248  -0.0442   0.1078   0.7640  54.3702 144.2735
   5.000   0.7419   0.01242   0.00311  -0.0425   0.0858   0.7925  56.2120 145.9388
   6.000   0.8419   0.01330   0.00373  -0.0401   0.0691   0.8470  57.9483 149.1459
   7.000   0.9458   0.01433   0.00439  -0.0388   0.0532   1.0000  60.0889 160.0000
   8.000   1.0422   0.01640   0.00564  -0.0365   0.0420   1.0000  61.9806 160.0000
   9.000   1.1333   0.01893   0.00736  -0.0335   0.0366   1.0000  63.0616 160.0000
  10.000   1.2204   0.02165   0.00938  -0.0300   0.0335   1.0000  63.7640 160.0000
  11.000   1.2966   0.02554   0.01233  -0.0256   0.0313   1.0000  64.2804 160.0000
  12.000   1.3606   0.02982   0.01572  -0.0201   0.0297   1.0000  64.6717 160.0000
  13.000   1.3962   0.03537   0.01983  -0.0118   0.0286   1.0000  64.9371 160.0000
  14.000   1.3840   0.04432   0.02730  -0.0028   0.0281   1.0000  65.0719 160.0000
  15.000   1.3295   0.05972   0.04101  -0.0022   0.0279   1.0000  65.1302 160.0000
