  
       XFOIL         Version 6.99
  
 Calculated polar for: RAF 19 AIRFOIL                                  
  
 1 1 Reynolds number fixed          Mach number fixed         
  
 xtrf =   1.000 (top)        1.000 (bottom)  
 Mach =   0.000     Re =     0.500 e 6     Ncrit =   9.000  9.000
  
   alpha    CL        CD       CDp       CM     Top_Xtr  Bot_Xtr  Top_Itr  Bot_Itr
  ------ -------- --------- --------- -------- -------- -------- -------- --------
   0.000   0.8528   0.01335   0.00317  -0.1521   0.4647   0.0715  36.0469  98.6510
   1.000   0.9421   0.01251   0.00176  -0.1470   0.4197   0.0779  38.8360  99.1940
   2.000   1.0223   0.01302   0.00165  -0.1402   0.3738   0.0913  41.7444 100.2952
   3.000   1.1021   0.01396   0.00188  -0.1335   0.3449   0.1131  43.5657 101.8120
   4.000   1.1808   0.01494   0.00210  -0.1271   0.3246   0.1283  44.8346 102.8325
   5.000   1.2615   0.01570   0.00218  -0.1215   0.3099   0.1386  45.7536 103.5143
   6.000   1.3411   0.01656   0.00230  -0.1160   0.2977   0.1504  46.5118 104.2862
   7.000   1.4162   0.01764   0.00243  -0.1101   0.2858   0.1598  47.2500 104.8919
   8.000   1.4865   0.01881   0.00255  -0.1039   0.2704   0.1751  48.2143 105.9280
   9.000   1.5535   0.02020   0.00272  -0.0980   0.2503   0.2035  49.4841 107.9367
  10.000   1.5971   0.02327   0.00362  -0.0903   0.1950   0.2359  53.1661 110.2398
  11.000   1.5152   0.03699   0.01225  -0.0750   0.0448   0.2452  65.8761 110.8870
