  
       XFOIL         Version 6.99
  
 Calculated polar for: RAF 28 AIRFOIL                                  
  
 1 1 Reynolds number fixed          Mach number fixed         
  
 xtrf =   1.000 (top)        1.000 (bottom)  
 Mach =   0.000     Re =     0.500 e 6     Ncrit =   9.000  9.000
  
   alpha    CL        CD       CDp       CM     Top_Xtr  Bot_Xtr  Top_Itr  Bot_Itr
  ------ -------- --------- --------- -------- -------- -------- -------- --------
  -6.000  -0.4786   0.01490   0.00565  -0.0407   0.9768   0.0325   3.6461  92.2612
  -5.000  -0.3448   0.01249   0.00357  -0.0460   0.9574   0.0402   5.2724  92.9787
  -4.000  -0.2125   0.00999   0.00179  -0.0507   0.9262   0.0460   7.4674  93.4801
  -3.000  -0.0906   0.00877   0.00095  -0.0527   0.8804   0.0888  10.6172  96.7992
  -2.000   0.0084   0.00746   0.00069  -0.0505   0.8390   0.3616  13.5304 115.4732
  -1.000   0.0988   0.00634   0.00073  -0.0459   0.8009   0.7007  16.1702 138.3069
   0.000   0.2424   0.00603   0.00091  -0.0515   0.7607   0.9524  18.9320 155.4647
   1.000   0.3992   0.00640   0.00075  -0.0608   0.6986   0.9874  23.2252 158.4455
   2.000   0.5320   0.00671   0.00057  -0.0658   0.6255   1.0000  28.2448 160.0000
   3.000   0.6200   0.00713   0.00063  -0.0609   0.5535   1.0000  33.1226 160.0000
   4.000   0.7090   0.00770   0.00075  -0.0562   0.4726   1.0000  38.6571 160.0000
   5.000   0.7851   0.00930   0.00114  -0.0495   0.2806   1.0000  51.8858 160.0000
   6.000   0.8460   0.01247   0.00241  -0.0407   0.0460   1.0000  68.8719 160.0000
   7.000   0.9130   0.01524   0.00402  -0.0324   0.0247   1.0000  71.0247 160.0000
   8.000   0.9795   0.01789   0.00555  -0.0246   0.0177   1.0000  71.8963 160.0000
   9.000   1.0370   0.02157   0.00782  -0.0159   0.0143   1.0000  72.4660 160.0000
  10.000   1.0878   0.02597   0.01051  -0.0071   0.0121   1.0000  72.8691 160.0000
  11.000   1.0627   0.02801   0.01321   0.0069   0.0112   1.0000  73.0537 160.0000
  12.000   1.0382   0.03725   0.01914   0.0162   0.0106   1.0000  73.2429 160.0000
  13.000   0.9673   0.05665   0.03121   0.0175   0.0106   1.0000  73.2344 160.0000
  14.000   0.8758   0.08622   0.05242   0.0063   0.0109   1.0000  73.1445 160.0000
  15.000   0.6586   0.15600   0.12475  -0.0325   0.0245   1.0000  71.0444 160.0000
