  
       XFOIL         Version 6.99
  
 Calculated polar for: RAF 28 AIRFOIL                                  
  
 1 1 Reynolds number fixed          Mach number fixed         
  
 xtrf =   1.000 (top)        1.000 (bottom)  
 Mach =   0.000     Re =     1.000 e 6     Ncrit =   9.000  9.000
  
   alpha    CL        CD       CDp       CM     Top_Xtr  Bot_Xtr  Top_Itr  Bot_Itr
  ------ -------- --------- --------- -------- -------- -------- -------- --------
  -5.000  -0.3018   0.00936   0.00210  -0.0546   0.9045   0.0323   8.9456  92.2436
  -4.000  -0.1985   0.00845   0.00122  -0.0528   0.8463   0.0352  13.0179  92.5172
  -3.000  -0.0942   0.00785   0.00070  -0.0510   0.8150   0.0396  15.1981  92.9187
  -2.000   0.0085   0.00702   0.00037  -0.0491   0.7857   0.1496  17.2144 101.0345
  -1.000   0.1085   0.00603   0.00021  -0.0470   0.7500   0.3924  19.6723 117.5477
   0.000   0.1998   0.00499   0.00017  -0.0427   0.6946   0.7428  23.5012 141.1372
   1.000   0.3350   0.00494   0.00033  -0.0472   0.6241   0.9658  28.3400 156.4690
   2.000   0.4744   0.00550   0.00037  -0.0534   0.5541   0.9865  33.0766 158.3487
   3.000   0.6193   0.00604   0.00038  -0.0611   0.4689   0.9984  38.9097 159.7831
   4.000   0.7158   0.00694   0.00060  -0.0584   0.3383   1.0000  47.8799 160.0000
   5.000   0.7857   0.00913   0.00143  -0.0508   0.1102   1.0000  63.8107 160.0000
   6.000   0.8646   0.01076   0.00224  -0.0447   0.0306   1.0000  70.3877 160.0000
   7.000   0.9457   0.01230   0.00306  -0.0389   0.0165   1.0000  72.0552 160.0000
   8.000   1.0215   0.01424   0.00413  -0.0323   0.0113   1.0000  73.0334 160.0000
   9.000   1.0967   0.01607   0.00521  -0.0262   0.0092   1.0000  73.6310 160.0000
  10.000   1.1429   0.01966   0.00736  -0.0156   0.0077   1.0000  74.0910 160.0000
  11.000   1.1872   0.02241   0.00904  -0.0055   0.0067   1.0000  74.4938 160.0000
  12.000   1.2223   0.02642   0.01165   0.0031   0.0060   1.0000  74.7856 160.0000
  13.000   1.2081   0.03648   0.01903   0.0115   0.0055   1.0000  75.0071 160.0000
  14.000   1.2040   0.04681   0.02760   0.0133   0.0053   1.0000  75.1015 160.0000
  15.000   1.1644   0.06417   0.04300   0.0088   0.0052   1.0000  75.1686 160.0000
