  
       XFOIL         Version 6.99
  
 Calculated polar for: RAF 25 AIRFOIL                                  
  
 1 1 Reynolds number fixed          Mach number fixed         
  
 xtrf =   1.000 (top)        1.000 (bottom)  
 Mach =   0.000     Re =     1.000 e 6     Ncrit =   9.000  9.000
  
   alpha    CL        CD       CDp       CM     Top_Xtr  Bot_Xtr  Top_Itr  Bot_Itr
  ------ -------- --------- --------- -------- -------- -------- -------- --------
  -6.000  -0.5682   0.01699   0.00778  -0.0231   1.0000   0.0057   1.0000  85.9799
  -5.000  -0.4921   0.01051   0.00264  -0.0163   1.0000   0.0075   1.0000  86.5154
  -4.000  -0.3680   0.00824   0.00112  -0.0193   0.9943   0.0170   1.8519  87.9692
  -3.000  -0.2296   0.00754   0.00088  -0.0257   0.9849   0.0382   2.9838  89.9988
  -2.000  -0.1008   0.00619   0.00028  -0.0298   0.9663   0.1620   4.7663  99.0819
  -1.000   0.0287   0.00457   0.00005  -0.0345   0.9128   0.5556   8.7691 126.9025
   0.000   0.1227   0.00388   0.00004  -0.0300   0.8197   0.8515  15.5074 147.8593
   1.000   0.2951   0.00428  -0.00001  -0.0433   0.6808   0.9984  25.3567 159.7589
   2.000   0.3867   0.00576   0.00014  -0.0396   0.3501   1.0000  48.7787 160.0000
   3.000   0.4734   0.00775   0.00077  -0.0351   0.0505   1.0000  70.3875 160.0000
   4.000   0.5717   0.00852   0.00105  -0.0324   0.0213   1.0000  73.1852 160.0000
   5.000   0.6627   0.01064   0.00224  -0.0278   0.0077   1.0000  74.8881 160.0000
   6.000   0.7481   0.01433   0.00485  -0.0223   0.0057   1.0000  75.5017 160.0000
   7.000   0.8295   0.02020   0.00936  -0.0170   0.0046   1.0000  75.9292 160.0000
