  
       XFOIL         Version 6.99
  
 Calculated polar for: RAF 30 AIRFOIL                                  
  
 1 1 Reynolds number fixed          Mach number fixed         
  
 xtrf =   1.000 (top)        1.000 (bottom)  
 Mach =   0.000     Re =     0.500 e 6     Ncrit =   9.000  9.000
  
   alpha    CL        CD       CDp       CM     Top_Xtr  Bot_Xtr  Top_Itr  Bot_Itr
  ------ -------- --------- --------- -------- -------- -------- -------- --------
  -5.000  -0.5669   0.00979   0.00163   0.0003   0.9700   0.2313   3.9879 110.0256
  -4.000  -0.4318   0.00814   0.00113  -0.0054   0.9419   0.3921   6.0231 120.3491
  -3.000  -0.3077   0.00724   0.00092  -0.0079   0.8910   0.5267   9.2485 128.9467
  -2.000  -0.2051   0.00701   0.00089  -0.0053   0.8285   0.6101  13.1642 134.1979
  -1.000  -0.1040   0.00690   0.00091  -0.0023   0.7740   0.6762  16.5521 138.3431
   0.000  -0.0000   0.00687   0.00090   0.0000   0.7247   0.7247  19.6196 141.3804
   1.000   0.1040   0.00690   0.00091   0.0023   0.6762   0.7740  22.6567 144.4480
   2.000   0.2051   0.00701   0.00089   0.0053   0.6101   0.8285  26.8021 147.8357
   3.000   0.3077   0.00724   0.00092   0.0079   0.5267   0.8910  32.0534 151.7516
   4.000   0.4318   0.00814   0.00113   0.0054   0.3921   0.9419  40.6510 154.9775
   5.000   0.5669   0.00979   0.00163  -0.0003   0.2312   0.9700  50.9762 157.0124
   7.000   0.8264   0.01402   0.00375  -0.0110   0.0463   1.0000  64.5191 160.0000
   8.000   0.8801   0.01609   0.00510  -0.0006   0.0412   1.0000  65.0969 160.0000
   9.000   0.9413   0.01810   0.00648   0.0081   0.0370   1.0000  65.6311 160.0000
  10.000   0.9906   0.02134   0.00854   0.0179   0.0331   1.0000  66.1606 160.0000
  11.000   1.0356   0.02389   0.01014   0.0281   0.0295   1.0000  66.7134 160.0000
  12.000   1.0703   0.02818   0.01292   0.0372   0.0263   1.0000  67.2473 160.0000
  13.000   1.1015   0.03250   0.01587   0.0436   0.0237   1.0000  67.7426 160.0000
  14.000   1.1130   0.04015   0.02143   0.0474   0.0216   1.0000  68.1514 160.0000
  15.000   1.1119   0.05000   0.02947   0.0467   0.0198   1.0000  68.5485 160.0000
