  
       XFOIL         Version 6.99
  
 Calculated polar for: RAF 31 AIRFOIL                                  
  
 1 1 Reynolds number fixed          Mach number fixed         
  
 xtrf =   1.000 (top)        1.000 (bottom)  
 Mach =   0.000     Re =     1.000 e 6     Ncrit =   9.000  9.000
  
   alpha    CL        CD       CDp       CM     Top_Xtr  Bot_Xtr  Top_Itr  Bot_Itr
  ------ -------- --------- --------- -------- -------- -------- -------- --------
  -6.000  -0.3471   0.00992   0.00202  -0.0751   0.8693   0.0338  11.0790  95.6075
  -5.000  -0.2482   0.00911   0.00139  -0.0724   0.8383   0.0362  13.1159  95.9347
  -4.000  -0.1468   0.00844   0.00092  -0.0701   0.8032   0.0441  15.4072  96.9160
  -3.000  -0.0469   0.00773   0.00058  -0.0677   0.7651   0.1152  17.8657 102.7370
  -2.000   0.0490   0.00668   0.00029  -0.0648   0.7308   0.3228  20.0524 116.3325
  -1.000   0.1530   0.00629   0.00023  -0.0631   0.7033   0.4358  21.8009 123.3931
   0.000   0.2561   0.00594   0.00023  -0.0611   0.6756   0.5700  23.5504 131.7966
   1.000   0.3587   0.00576   0.00027  -0.0589   0.6442   0.6817  25.5361 138.7058
   2.000   0.4568   0.00579   0.00028  -0.0556   0.5884   0.7790  29.0987 144.7456
   3.000   0.5445   0.00625   0.00038  -0.0502   0.4636   0.8968  37.2240 152.1983
   5.000   0.8394   0.00845   0.00122  -0.0674   0.2617   1.0000  50.4049 160.0000
   6.000   0.9035   0.01019   0.00187  -0.0584   0.1272   1.0000  59.6158 160.0000
   7.000   0.9791   0.01145   0.00238  -0.0515   0.0850   1.0000  62.6048 160.0000
   8.000   1.0571   0.01257   0.00281  -0.0453   0.0665   1.0000  64.0878 160.0000
   9.000   1.1279   0.01371   0.00314  -0.0379   0.0518   1.0000  65.4280 160.0000
  10.000   1.1751   0.01599   0.00397  -0.0272   0.0181   1.0000  70.5426 160.0000
  11.000   1.2291   0.01848   0.00517  -0.0190   0.0139   1.0000  71.5690 160.0000
  12.000   1.2745   0.02193   0.00705  -0.0114   0.0117   1.0000  72.2004 160.0000
  13.000   1.3165   0.02606   0.00953  -0.0053   0.0104   1.0000  72.6394 160.0000
  14.000   1.3239   0.03361   0.01458   0.0011   0.0093   1.0000  73.0094 160.0000
  15.000   1.3456   0.04093   0.01982   0.0040   0.0088   1.0000  73.2075 160.0000
