  
       XFOIL         Version 6.99
  
 Calculated polar for: RAF 30 MOD AIRFOIL                              
  
 1 1 Reynolds number fixed          Mach number fixed         
  
 xtrf =   1.000 (top)        1.000 (bottom)  
 Mach =   0.000     Re =     1.000 e 6     Ncrit =   9.000  9.000
  
   alpha    CL        CD       CDp       CM     Top_Xtr  Bot_Xtr  Top_Itr  Bot_Itr
  ------ -------- --------- --------- -------- -------- -------- -------- --------
  -6.000  -0.6677   0.01127   0.00290   0.0015   1.0000   0.0091   1.0000  87.0680
  -5.000  -0.5789   0.00920   0.00167   0.0061   1.0000   0.0185   1.0000  88.3507
  -4.000  -0.4851   0.00848   0.00131   0.0095   1.0000   0.0323   1.0000  89.5715
  -3.000  -0.3573   0.00772   0.00081   0.0055   0.9936   0.0384   1.9382  90.1310
  -2.000  -0.2222   0.00541   0.00022  -0.0009   0.9761   0.4067   3.9788 116.1791
  -1.000  -0.0982   0.00439   0.00010  -0.0037   0.9171   0.6411   9.2477 132.3938
   0.000  -0.0000   0.00426   0.00007   0.0000   0.7870   0.7870  18.4796 142.5206
   1.000   0.0982   0.00439   0.00010   0.0037   0.6411   0.9171  28.6061 151.7521
   2.000   0.2222   0.00541   0.00022   0.0009   0.4067   0.9761  44.8207 157.0226
   3.000   0.3573   0.00772   0.00081  -0.0055   0.0384   0.9936  70.8691 159.0622
   4.000   0.4851   0.00848   0.00131  -0.0095   0.0323   1.0000  71.4284 160.0000
   5.000   0.5789   0.00920   0.00167  -0.0061   0.0185   1.0000  72.6492 160.0000
   6.000   0.6677   0.01127   0.00290  -0.0015   0.0091   1.0000  73.9319 160.0000
   7.000   0.7551   0.01397   0.00491   0.0030   0.0070   1.0000  74.5457 160.0000
   8.000   0.8268   0.02065   0.01017   0.0093   0.0056   1.0000  75.0317 160.0000
   9.000   0.8745   0.03120   0.02036   0.0166   0.0051   1.0000  75.2688 160.0000
  10.000   0.7619   0.05775   0.04552   0.0223   0.0056   1.0000  75.0315 160.0000
  11.000   0.6018   0.10091   0.07911  -0.0038   0.0093   1.0000  73.8960 160.0000
  12.000   0.5707   0.12824   0.09998  -0.0147   0.0087   1.0000  74.0019 160.0000
  13.000   0.5714   0.14680   0.11705  -0.0231   0.0087   1.0000  74.0204 160.0000
  14.000   0.5814   0.16145   0.13576  -0.0318   0.0075   1.0000  74.3794 160.0000
  15.000   0.5926   0.17319   0.15210  -0.0397   0.0064   1.0000  74.7366 160.0000
