  
       XFOIL         Version 6.99
  
 Calculated polar for: RAF 34 AIRFOIL                                  
  
 1 1 Reynolds number fixed          Mach number fixed         
  
 xtrf =   1.000 (top)        1.000 (bottom)  
 Mach =   0.000     Re =     0.500 e 6     Ncrit =   9.000  9.000
  
   alpha    CL        CD       CDp       CM     Top_Xtr  Bot_Xtr  Top_Itr  Bot_Itr
  ------ -------- --------- --------- -------- -------- -------- -------- --------
  -5.000  -0.3846   0.01237   0.00263  -0.0211   0.7585   0.0453  17.6047  97.3264
  -4.000  -0.2876   0.01133   0.00182  -0.0179   0.7233   0.0510  19.7885  97.9690
  -3.000  -0.1915   0.01011   0.00127  -0.0145   0.6921   0.1301  21.7329 104.0844
  -2.000  -0.0994   0.00874   0.00096  -0.0109   0.6633   0.3582  23.5273 118.4421
  -1.000  -0.0246   0.00710   0.00092  -0.0028   0.6368   0.7634  25.1798 143.6695
   0.000   0.1045   0.00710   0.00118  -0.0052   0.6088   0.9095  26.9299 152.8018
   1.000   0.2658   0.00790   0.00154  -0.0145   0.5744   0.9484  29.0955 155.3533
   2.000   0.4146   0.00843   0.00163  -0.0220   0.5371   0.9658  31.4607 156.6490
   3.000   0.5547   0.00887   0.00159  -0.0281   0.4972   0.9818  34.0178 158.0024
   4.000   0.6976   0.00908   0.00148  -0.0353   0.4527   0.9925  36.8854 159.0613
   5.000   0.8262   0.00932   0.00141  -0.0398   0.3964   1.0000  40.5238 160.0000
   6.000   0.9093   0.00997   0.00167  -0.0349   0.3393   1.0000  44.2451 160.0000
   7.000   0.9883   0.01104   0.00211  -0.0293   0.2640   1.0000  49.1869 160.0000
   8.000   1.0496   0.01330   0.00315  -0.0213   0.1428   1.0000  57.5183 160.0000
   9.000   1.1029   0.01574   0.00433  -0.0121   0.0673   1.0000  63.2626 160.0000
  10.000   1.1287   0.01884   0.00599   0.0015   0.0411   1.0000  65.9853 160.0000
  11.000   1.1325   0.02242   0.00781   0.0159   0.0334   1.0000  67.0164 160.0000
  12.000   1.1469   0.02825   0.01144   0.0225   0.0274   1.0000  67.9736 160.0000
  13.000   1.1689   0.03501   0.01606   0.0256   0.0234   1.0000  68.7135 160.0000
  14.000   1.1709   0.04450   0.02302   0.0271   0.0206   1.0000  69.2949 160.0000
  15.000   1.1757   0.05472   0.03088   0.0266   0.0184   1.0000  69.7880 160.0000
