  
       XFOIL         Version 6.99
  
 Calculated polar for: RAF 38 AIRFOIL                                  
  
 1 1 Reynolds number fixed          Mach number fixed         
  
 xtrf =   1.000 (top)        1.000 (bottom)  
 Mach =   0.000     Re =     1.000 e 6     Ncrit =   9.000  9.000
  
   alpha    CL        CD       CDp       CM     Top_Xtr  Bot_Xtr  Top_Itr  Bot_Itr
  ------ -------- --------- --------- -------- -------- -------- -------- --------
  -6.000  -0.3779   0.01028   0.00227  -0.0553   0.7728   0.0533  17.3825  99.1203
  -5.000  -0.2763   0.00951   0.00170  -0.0533   0.7403   0.0610  19.3965  99.7827
  -3.000  -0.0652   0.00839   0.00081  -0.0503   0.6918   0.0763  22.3840 101.0182
  -2.000   0.0368   0.00747   0.00050  -0.0484   0.6694   0.2177  23.7560 110.1733
  -1.000   0.1373   0.00657   0.00037  -0.0464   0.6477   0.4435  25.0909 123.9602
   0.000   0.2363   0.00584   0.00036  -0.0436   0.6251   0.6708  26.4788 137.6387
   1.000   0.3346   0.00545   0.00042  -0.0402   0.5971   0.8475  28.2148 148.3490
   2.000   0.4688   0.00566   0.00055  -0.0446   0.5504   0.9585  31.1431 155.7604
   3.000   0.6123   0.00631   0.00067  -0.0514   0.4875   0.9823  35.1431 157.9614
   4.000   0.7554   0.00695   0.00081  -0.0587   0.4308   0.9928  38.7074 159.0741
   5.000   0.8933   0.00754   0.00098  -0.0651   0.3754   1.0000  42.1639 160.0000
   6.000   0.9707   0.00856   0.00133  -0.0587   0.2819   1.0000  48.1738 160.0000
   7.000   1.0283   0.01068   0.00221  -0.0491   0.1402   1.0000  57.4259 160.0000
   8.000   1.0865   0.01266   0.00314  -0.0396   0.0702   1.0000  62.5987 160.0000
   9.000   1.1551   0.01400   0.00372  -0.0322   0.0574   1.0000  63.7811 160.0000
  10.000   1.2112   0.01539   0.00413  -0.0227   0.0446   1.0000  65.0175 160.0000
  11.000   1.2575   0.01769   0.00500  -0.0134   0.0246   1.0000  67.4916 160.0000
  12.000   1.2945   0.02138   0.00691  -0.0055   0.0174   1.0000  69.0323 160.0000
  13.000   1.3276   0.02637   0.00986  -0.0000   0.0142   1.0000  70.0081 160.0000
  14.000   1.3601   0.03216   0.01358   0.0034   0.0123   1.0000  70.6782 160.0000
  15.000   1.3686   0.04083   0.01963   0.0059   0.0110   1.0000  71.1900 160.0000
