  
       XFOIL         Version 6.99
  
 Calculated polar for: RAF 32 MOD AIRFOIL                              
  
 1 1 Reynolds number fixed          Mach number fixed         
  
 xtrf =   1.000 (top)        1.000 (bottom)  
 Mach =   0.000     Re =     0.500 e 6     Ncrit =   9.000  9.000
  
   alpha    CL        CD       CDp       CM     Top_Xtr  Bot_Xtr  Top_Itr  Bot_Itr
  ------ -------- --------- --------- -------- -------- -------- -------- --------
  -6.000  -0.1383   0.01415   0.00578  -0.1255   0.9324   0.0355   7.9080  93.3528
  -5.000  -0.0309   0.01187   0.00365  -0.1249   0.9108   0.0414   9.5236  93.8876
  -4.000   0.0780   0.00994   0.00207  -0.1244   0.8891   0.0461  11.0190  94.2963
  -3.000   0.1852   0.00906   0.00133  -0.1232   0.8639   0.0540  12.7125  94.9591
  -2.000   0.2910   0.00786   0.00104  -0.1224   0.8382   0.2802  14.4428 110.3767
  -1.000   0.3987   0.00744   0.00094  -0.1216   0.8114   0.4164  16.2243 119.2200
   0.000   0.5010   0.00687   0.00106  -0.1195   0.7821   0.6809  18.1805 136.6570
   1.000   0.6307   0.00632   0.00101  -0.1229   0.7507   1.0000  20.3070 160.0000
   2.000   0.7335   0.00663   0.00097  -0.1209   0.7144   1.0000  22.7612 160.0000
   3.000   0.8327   0.00705   0.00089  -0.1181   0.6629   1.0000  26.2126 160.0000
   4.000   0.9286   0.00764   0.00090  -0.1147   0.6008   1.0000  30.3534 160.0000
   5.000   1.0196   0.00847   0.00100  -0.1105   0.5229   1.0000  35.5479 160.0000
   6.000   1.0848   0.01055   0.00144  -0.1018   0.3342   1.0000  48.1811 160.0000
   7.000   1.1214   0.01445   0.00289  -0.0891   0.0868   1.0000  65.4024 160.0000
   8.000   1.1803   0.01667   0.00388  -0.0802   0.0484   1.0000  68.1651 160.0000
   9.000   1.2293   0.01966   0.00512  -0.0704   0.0217   1.0000  71.2369 160.0000
  10.000   1.2653   0.02377   0.00737  -0.0602   0.0158   1.0000  72.1894 160.0000
  11.000   1.2979   0.02874   0.01043  -0.0515   0.0133   1.0000  72.7145 160.0000
  12.000   1.3177   0.03607   0.01528  -0.0433   0.0114   1.0000  73.1483 160.0000
  13.000   1.3441   0.04367   0.02074  -0.0376   0.0102   1.0000  73.4739 160.0000
  14.000   1.3523   0.05368   0.02855  -0.0334   0.0095   1.0000  73.6981 160.0000
  15.000   1.3353   0.06781   0.04051  -0.0323   0.0090   1.0000  73.8308 160.0000
