  
       XFOIL         Version 6.99
  
 Calculated polar for: RAF 31 AIRFOIL                                  
  
 1 1 Reynolds number fixed          Mach number fixed         
  
 xtrf =   1.000 (top)        1.000 (bottom)  
 Mach =   0.000     Re =     0.500 e 6     Ncrit =   9.000  9.000
  
   alpha    CL        CD       CDp       CM     Top_Xtr  Bot_Xtr  Top_Itr  Bot_Itr
  ------ -------- --------- --------- -------- -------- -------- -------- --------
  -6.000  -0.3509   0.01171   0.00256  -0.0750   0.9196   0.0441   7.7488  96.9163
  -5.000  -0.2426   0.01055   0.00180  -0.0745   0.8888   0.0562   9.7915  98.2455
  -4.000  -0.1436   0.00957   0.00137  -0.0719   0.8563   0.1265  11.9359 103.5204
  -3.000  -0.0497   0.00830   0.00102  -0.0686   0.8236   0.3205  14.0781 116.1822
  -2.000   0.0509   0.00772   0.00087  -0.0662   0.7914   0.4433  16.1722 123.8579
  -1.000   0.1512   0.00727   0.00084  -0.0635   0.7608   0.5789  18.1440 132.3526
   0.000   0.2527   0.00706   0.00087  -0.0608   0.7317   0.6906  20.0004 139.2506
   1.000   0.3534   0.00695   0.00093  -0.0578   0.7014   0.7884  21.9196 145.3298
   2.000   0.4615   0.00684   0.00096  -0.0562   0.6673   0.8993  24.0730 152.3537
   4.000   0.7583   0.00826   0.00099  -0.0725   0.4691   1.0000  36.8720 160.0000
   5.000   0.8327   0.00919   0.00129  -0.0651   0.4023   1.0000  41.0275 160.0000
   6.000   0.8984   0.01075   0.00170  -0.0563   0.2634   1.0000  50.2950 160.0000
   7.000   0.9505   0.01323   0.00266  -0.0457   0.1169   1.0000  60.3215 160.0000
   8.000   1.0138   0.01485   0.00335  -0.0369   0.0889   1.0000  62.3110 160.0000
   9.000   1.0745   0.01638   0.00388  -0.0281   0.0730   1.0000  63.5569 160.0000
  10.000   1.1385   0.01811   0.00443  -0.0210   0.0543   1.0000  65.1763 160.0000
  11.000   1.1820   0.02141   0.00576  -0.0123   0.0230   1.0000  69.4861 160.0000
  12.000   1.2161   0.02592   0.00835  -0.0046   0.0183   1.0000  70.4753 160.0000
  13.000   1.2268   0.03301   0.01299   0.0024   0.0160   1.0000  71.0200 160.0000
  14.000   1.2462   0.04039   0.01829   0.0062   0.0145   1.0000  71.4023 160.0000
  15.000   1.2491   0.05031   0.02585   0.0082   0.0135   1.0000  71.6945 160.0000
