  
       XFOIL         Version 6.99
  
 Calculated polar for: RAF-48 AIRFOIL                                  
  
 1 1 Reynolds number fixed          Mach number fixed         
  
 xtrf =   1.000 (top)        1.000 (bottom)  
 Mach =   0.000     Re =     1.000 e 6     Ncrit =   9.000  9.000
  
   alpha    CL        CD       CDp       CM     Top_Xtr  Bot_Xtr  Top_Itr  Bot_Itr
  ------ -------- --------- --------- -------- -------- -------- -------- --------
  -6.000  -0.3576   0.00989   0.00144  -0.0541   0.7134   0.0639  19.2946 102.5644
  -5.000  -0.2574   0.00912   0.00108  -0.0515   0.6945   0.1032  20.3742 106.1194
  -4.000  -0.1540   0.00859   0.00086  -0.0495   0.6758   0.1412  21.4493 108.7250
  -3.000  -0.0499   0.00811   0.00067  -0.0477   0.6563   0.1903  22.5752 111.7845
  -2.000   0.0522   0.00756   0.00052  -0.0455   0.6355   0.2877  23.7859 117.4714
  -1.000   0.1491   0.00679   0.00040  -0.0423   0.6114   0.4763  25.2110 128.1959
   0.000   0.2409   0.00616   0.00036  -0.0378   0.5817   0.6876  26.9928 140.1609
   1.000   0.3366   0.00602   0.00040  -0.0338   0.5427   0.8123  29.3622 147.2020
   2.000   0.4389   0.00617   0.00044  -0.0314   0.4938   0.8945  32.3491 151.9737
   3.000   0.6246   0.00679   0.00077  -0.0477   0.4462   0.9462  35.2178 155.2987
   4.000   0.7549   0.00756   0.00107  -0.0517   0.4161   0.9785  37.0051 157.8201
   5.000   0.8957   0.00814   0.00128  -0.0583   0.3930   0.9915  38.3771 159.0144
   7.000   1.1253   0.00932   0.00162  -0.0615   0.3179   1.0000  43.0077 160.0000
   8.000   1.1904   0.01067   0.00207  -0.0531   0.2453   1.0000  47.6991 160.0000
   9.000   1.2441   0.01229   0.00263  -0.0429   0.1899   1.0000  51.3161 160.0000
  10.000   1.2771   0.01388   0.00295  -0.0291   0.1537   1.0000  53.7902 160.0000
  11.000   1.3167   0.01615   0.00363  -0.0187   0.1200   1.0000  56.2237 160.0000
  12.000   1.3381   0.02048   0.00553  -0.0093   0.0698   1.0000  60.6231 160.0000
  13.000   1.3552   0.02637   0.00877  -0.0026   0.0446   1.0000  63.7054 160.0000
  14.000   1.3786   0.03269   0.01255   0.0016   0.0370   1.0000  64.9047 160.0000
  15.000   1.3991   0.03994   0.01716   0.0042   0.0325   1.0000  65.7306 160.0000
