  
       XFOIL         Version 6.99
  
 Calculated polar for: RAF-48 AIRFOIL                                  
  
 1 1 Reynolds number fixed          Mach number fixed         
  
 xtrf =   1.000 (top)        1.000 (bottom)  
 Mach =   0.000     Re =     0.500 e 6     Ncrit =   9.000  9.000
  
   alpha    CL        CD       CDp       CM     Top_Xtr  Bot_Xtr  Top_Itr  Bot_Itr
  ------ -------- --------- --------- -------- -------- -------- -------- --------
  -6.000  -0.3406   0.01177   0.00218  -0.0579   0.7623   0.0844  16.5141 104.5817
  -5.000  -0.2425   0.01097   0.00180  -0.0550   0.7393   0.1298  17.8273 107.9837
  -4.000  -0.1422   0.01035   0.00152  -0.0525   0.7182   0.1754  19.0234 110.8786
  -3.000  -0.0428   0.00966   0.00132  -0.0499   0.6969   0.2552  20.2376 115.6157
  -2.000   0.0515   0.00874   0.00115  -0.0463   0.6748   0.4222  21.5066 125.1303
  -1.000   0.1378   0.00781   0.00110  -0.0405   0.6516   0.6692  22.8471 139.1227
   0.000   0.2336   0.00749   0.00118  -0.0361   0.6240   0.8190  24.4672 147.5836
   1.000   0.3551   0.00747   0.00116  -0.0374   0.5897   0.9044  26.5118 152.5774
   2.000   0.5278   0.00804   0.00130  -0.0500   0.5443   0.9461  29.2608 155.2959
   3.000   0.6723   0.00889   0.00151  -0.0567   0.4961   0.9738  32.2058 157.4258
   4.000   0.8173   0.00958   0.00167  -0.0642   0.4582   0.9916  34.4968 159.0264
   5.000   0.9442   0.01001   0.00179  -0.0685   0.4281   1.0000  36.2892 160.0000
   6.000   1.0184   0.01052   0.00201  -0.0617   0.4039   1.0000  37.7255 160.0000
   7.000   1.0962   0.01120   0.00221  -0.0554   0.3718   1.0000  39.6503 160.0000
   8.000   1.1677   0.01212   0.00239  -0.0481   0.3262   1.0000  42.4776 160.0000
   9.000   1.2117   0.01375   0.00271  -0.0362   0.2589   1.0000  46.8168 160.0000
  10.000   1.2366   0.01597   0.00329  -0.0221   0.2076   1.0000  50.1516 160.0000
  11.000   1.2729   0.01896   0.00443  -0.0128   0.1691   1.0000  52.7238 160.0000
  12.000   1.3071   0.02305   0.00633  -0.0058   0.1335   1.0000  55.2275 160.0000
  13.000   1.3205   0.02956   0.00992   0.0003   0.0832   1.0000  59.2784 160.0000
  14.000   1.3145   0.03873   0.01591   0.0047   0.0544   1.0000  62.3864 160.0000
  15.000   1.3126   0.04887   0.02313   0.0066   0.0458   1.0000  63.5352 160.0000
