  
       XFOIL         Version 6.99
  
 Calculated polar for: RAF 69 AIRFOIL                                  
  
 1 1 Reynolds number fixed          Mach number fixed         
  
 xtrf =   1.000 (top)        1.000 (bottom)  
 Mach =   0.000     Re =     0.500 e 6     Ncrit =   9.000  9.000
  
   alpha    CL        CD       CDp       CM     Top_Xtr  Bot_Xtr  Top_Itr  Bot_Itr
  ------ -------- --------- --------- -------- -------- -------- -------- --------
  -6.000  -0.3751   0.01144   0.00165  -0.0619   0.7577   0.2673  15.0532 120.8195
  -5.000  -0.2907   0.01086   0.00158  -0.0566   0.7325   0.3008  16.3351 122.6636
  -4.000  -0.2007   0.01037   0.00148  -0.0523   0.7086   0.3445  17.5571 124.9972
  -3.000  -0.1092   0.00991   0.00139  -0.0482   0.6852   0.3993  18.7513 127.8686
  -2.000  -0.0141   0.00961   0.00132  -0.0447   0.6616   0.4576  19.9653 130.8739
  -1.000   0.0812   0.00936   0.00128  -0.0411   0.6365   0.5135  21.2627 133.7122
   0.000   0.1767   0.00921   0.00121  -0.0375   0.6087   0.5680  22.7102 136.4456
   1.000   0.2704   0.00915   0.00114  -0.0335   0.5782   0.6236  24.3203 139.2294
   2.000   0.3594   0.00923   0.00105  -0.0285   0.5429   0.6806  26.2033 142.0821
   3.000   0.4436   0.00949   0.00099  -0.0225   0.5079   0.7344  28.0880 144.8112
   4.000   0.5217   0.00983   0.00083  -0.0155   0.4751   0.7783  29.8687 147.0668
   5.000   0.5900   0.01015   0.00053  -0.0067   0.4459   0.8209  31.4476 149.2474
   6.000   0.6578   0.01070   0.00018   0.0018   0.4172   0.8720  32.9966 151.8301
   7.000   0.7961   0.01170   0.00075  -0.0052   0.3811   0.9367  34.9555 155.3487
   8.000   0.9531   0.01319   0.00154  -0.0167   0.3420   0.9782  37.1175 158.1293
   9.000   1.0534   0.01488   0.00207  -0.0180   0.3032   1.0000  39.3256 160.0000
  10.000   1.0824   0.01695   0.00233  -0.0062   0.2717   1.0000  41.1897 160.0000
  11.000   1.1198   0.01989   0.00316   0.0023   0.2418   1.0000  43.0277 160.0000
  12.000   1.1619   0.02336   0.00445   0.0085   0.2158   1.0000  44.6694 160.0000
  13.000   1.1976   0.02783   0.00643   0.0137   0.1899   1.0000  46.3408 160.0000
  14.000   1.2264   0.03343   0.00925   0.0178   0.1673   1.0000  47.8106 160.0000
  15.000   1.2499   0.04007   0.01295   0.0209   0.1491   1.0000  49.0227 160.0000
