  
       XFOIL         Version 6.99
  
 Calculated polar for: RAF 6 AIRFOIL, 12%, LE rad. 0.012, TE rad. 0.009
  
 1 1 Reynolds number fixed          Mach number fixed         
  
 xtrf =   1.000 (top)        1.000 (bottom)  
 Mach =   0.000     Re =     0.500 e 6     Ncrit =   9.000  9.000
  
   alpha    CL        CD       CDp       CM     Top_Xtr  Bot_Xtr  Top_Itr  Bot_Itr
  ------ -------- --------- --------- -------- -------- -------- -------- --------
  -5.000   0.0390   0.03679   0.03080  -0.1043   0.8722   0.0262  10.8953  90.5661
  -4.000   0.1470   0.02654   0.01967  -0.1060   0.8451   0.0305  12.5375  91.2185
  -3.000   0.2629   0.02324   0.01306  -0.1059   0.8194   0.0367  14.1116  91.9943
  -2.000   0.3791   0.01874   0.00864  -0.1074   0.7956   0.0475  15.5789  92.9997
  -1.000   0.4982   0.01240   0.00417  -0.1077   0.7680   0.0344  17.2781  91.7100
   0.000   0.6141   0.01083   0.00252  -0.1083   0.7264   0.0369  19.8526  92.0114
   1.000   0.7271   0.01023   0.00169  -0.1087   0.6359   0.0577  25.4842  93.7352
   2.000   0.8189   0.00952   0.00190  -0.1058   0.4544   1.0000  36.6077 160.0000
   3.000   0.9207   0.01108   0.00239  -0.1050   0.3422   1.0000  43.4147 160.0000
   4.000   1.0226   0.01243   0.00288  -0.1044   0.2826   1.0000  47.0722 160.0000
   5.000   1.1228   0.01367   0.00339  -0.1036   0.2512   1.0000  49.0221 160.0000
   6.000   1.2210   0.01484   0.00389  -0.1025   0.2312   1.0000  50.2755 160.0000
   7.000   1.3132   0.01619   0.00445  -0.1004   0.2153   1.0000  51.2817 160.0000
   8.000   1.3999   0.01753   0.00488  -0.0975   0.1969   1.0000  52.4614 160.0000
   9.000   1.4734   0.01914   0.00537  -0.0924   0.1787   1.0000  53.6600 160.0000
  10.000   1.5450   0.02111   0.00592  -0.0878   0.1528   1.0000  55.4447 160.0000
  12.000   1.5734   0.03485   0.01337  -0.0676   0.0132   1.0000  70.1795 160.0000
  13.000   1.5876   0.04282   0.01858  -0.0613   0.0116   1.0000  70.6655 160.0000
  14.000   1.5548   0.05730   0.02944  -0.0564   0.0105   1.0000  70.9904 160.0000
  15.000   1.5154   0.07622   0.04509  -0.0578   0.0102   1.0000  71.1140 160.0000
