  
       XFOIL         Version 6.99
  
 Calculated polar for: NASA/LANGLEY RC-08(N)1 AIRFOIL                  
  
 1 1 Reynolds number fixed          Mach number fixed         
  
 xtrf =   1.000 (top)        1.000 (bottom)  
 Mach =   0.000     Re =     1.000 e 6     Ncrit =   9.000  9.000
  
   alpha    CL        CD       CDp       CM     Top_Xtr  Bot_Xtr  Top_Itr  Bot_Itr
  ------ -------- --------- --------- -------- -------- -------- -------- --------
  -1.000  -0.0480   0.00895   0.00155   0.0042   0.7139   0.0229  22.5219  87.9263
   0.000   0.0609   0.00762   0.00051   0.0051   0.6882   0.0215  24.3904  87.7359
   1.000   0.1730   0.00732   0.00023   0.0050   0.6605   0.0231  26.4019  87.9558
   2.000   0.2679   0.00489   0.00008   0.0075   0.6179   0.8308  29.4976 146.9472
   3.000   0.4364   0.00515   0.00033  -0.0052   0.5422   1.0000  35.0051 160.0000
   4.000   0.5437   0.00612   0.00045  -0.0053   0.3685   1.0000  47.6290 160.0000
   5.000   0.6449   0.00811   0.00109  -0.0050   0.1279   1.0000  65.2142 160.0000
   6.000   0.7445   0.00948   0.00170  -0.0038   0.0499   1.0000  71.1728 160.0000
   7.000   0.8418   0.01119   0.00261  -0.0020   0.0183   1.0000  74.0589 160.0000
   8.000   0.9373   0.01291   0.00359  -0.0001   0.0095   1.0000  75.2634 160.0000
   9.000   1.0277   0.01540   0.00496   0.0022   0.0046   1.0000  76.4943 160.0000
  10.000   1.0999   0.02081   0.00834   0.0062   0.0029   1.0000  77.1612 160.0000
  11.000   1.1400   0.03010   0.01540   0.0121   0.0027   1.0000  77.2561 160.0000
  12.000   1.0979   0.04514   0.02848   0.0159   0.0027   1.0000  77.2232 160.0000
  13.000   1.0240   0.07168   0.05404   0.0010   0.0028   1.0000  77.1870 160.0000
  14.000   0.9240   0.11805   0.10300  -0.0245   0.0030   1.0000  77.1090 160.0000
