  
       XFOIL         Version 6.99
  
 Calculated polar for: NASA/LANGLEY RC-10(B)3 AIRFOIL                  
  
 1 1 Reynolds number fixed          Mach number fixed         
  
 xtrf =   1.000 (top)        1.000 (bottom)  
 Mach =   0.000     Re =     1.000 e 6     Ncrit =   9.000  9.000
  
   alpha    CL        CD       CDp       CM     Top_Xtr  Bot_Xtr  Top_Itr  Bot_Itr
  ------ -------- --------- --------- -------- -------- -------- -------- --------
  -6.000  -0.5242   0.01531   0.00678  -0.0179   0.9219   0.0149   7.3792  90.8257
  -5.000  -0.4256   0.01250   0.00418  -0.0150   0.8998   0.0154   8.8552  90.9707
  -4.000  -0.3272   0.01007   0.00241  -0.0122   0.8771   0.0175  10.3217  91.4638
  -3.000  -0.2225   0.00901   0.00155  -0.0105   0.8531   0.0197  11.8777  92.0058
  -2.000  -0.1175   0.00796   0.00094  -0.0089   0.8259   0.0465  13.6469  95.8293
  -1.000  -0.0155   0.00680   0.00065  -0.0072   0.7961   0.2665  15.5934 110.8250
   0.000   0.0695   0.00471   0.00084  -0.0010   0.7622   0.9442  17.8163 155.0131
   1.000   0.2415   0.00598   0.00190  -0.0130   0.7198   0.9756  20.5994 157.3921
   2.000   0.3767   0.00632   0.00194  -0.0183   0.6555   0.9847  24.8315 158.2009
   3.000   0.5018   0.00698   0.00187  -0.0221   0.4989   0.9886  35.1489 158.5917
   4.000   0.6175   0.00815   0.00206  -0.0243   0.3152   0.9931  47.2345 159.0663
   5.000   0.7380   0.00935   0.00237  -0.0277   0.1670   0.9958  57.2134 159.4267
   6.000   0.8530   0.01085   0.00296  -0.0302   0.0609   0.9991  65.1363 159.8734
   7.000   0.9529   0.01202   0.00360  -0.0289   0.0391   1.0000  67.3290 160.0000
   8.000   1.0392   0.01333   0.00437  -0.0249   0.0315   1.0000  68.2876 160.0000
   9.000   1.1151   0.01515   0.00550  -0.0191   0.0263   1.0000  69.0490 160.0000
  10.000   1.1892   0.01660   0.00639  -0.0130   0.0233   1.0000  69.5914 160.0000
  11.000   1.2419   0.01899   0.00786  -0.0035   0.0205   1.0000  70.1170 160.0000
  12.000   1.2868   0.02073   0.00882   0.0074   0.0185   1.0000  70.5656 160.0000
  13.000   1.2925   0.02437   0.01091   0.0225   0.0166   1.0000  71.0017 160.0000
  14.000   1.3372   0.02772   0.01309   0.0286   0.0154   1.0000  71.3342 160.0000
  15.000   1.3743   0.03253   0.01626   0.0327   0.0138   1.0000  71.7665 160.0000
