  
       XFOIL         Version 6.99
  
 Calculated polar for: NASA/LANGLEY RC-10(B)3 AIRFOIL                  
  
 1 1 Reynolds number fixed          Mach number fixed         
  
 xtrf =   1.000 (top)        1.000 (bottom)  
 Mach =   0.000     Re =     0.500 e 6     Ncrit =   9.000  9.000
  
   alpha    CL        CD       CDp       CM     Top_Xtr  Bot_Xtr  Top_Itr  Bot_Itr
  ------ -------- --------- --------- -------- -------- -------- -------- --------
  -6.000  -0.4830   0.02392   0.01375  -0.0295   0.9715   0.0242   3.8987  92.8872
  -5.000  -0.3884   0.01624   0.00669  -0.0259   0.9480   0.0232   5.5800  92.6840
  -4.000  -0.2918   0.01309   0.00392  -0.0219   0.9244   0.0245   7.2063  92.9490
  -3.000  -0.1978   0.01104   0.00252  -0.0178   0.8998   0.0298   8.8495  93.8007
  -2.000  -0.1007   0.00948   0.00169  -0.0142   0.8738   0.1002  10.5351 100.0081
  -1.000  -0.0070   0.00642   0.00179  -0.0101   0.8465   0.9170  12.3064 153.0679
   0.000   0.1734   0.00788   0.00303  -0.0226   0.8199   0.9785  14.0436 157.6378
   1.000   0.3538   0.00773   0.00275  -0.0374   0.7805   1.0000  16.6115 160.0000
   2.000   0.4577   0.00760   0.00238  -0.0362   0.7245   1.0000  20.2926 160.0000
   3.000   0.5615   0.00777   0.00208  -0.0349   0.6270   1.0000  26.7095 160.0000
   4.000   0.6619   0.00891   0.00207  -0.0336   0.4235   1.0000  40.1024 160.0000
   5.000   0.7577   0.01040   0.00244  -0.0318   0.2493   1.0000  51.6204 160.0000
   6.000   0.8461   0.01238   0.00316  -0.0288   0.0961   1.0000  62.2985 160.0000
   7.000   0.9280   0.01444   0.00429  -0.0241   0.0512   1.0000  66.0372 160.0000
   8.000   1.0025   0.01654   0.00561  -0.0179   0.0411   1.0000  67.0987 160.0000
   9.000   1.0687   0.01881   0.00706  -0.0105   0.0347   1.0000  67.8605 160.0000
  10.000   1.1225   0.02176   0.00905  -0.0012   0.0308   1.0000  68.3920 160.0000
  11.000   1.1642   0.02507   0.01108   0.0094   0.0272   1.0000  68.9073 160.0000
  12.000   1.1884   0.02882   0.01367   0.0220   0.0248   1.0000  69.3235 160.0000
  13.000   1.2159   0.03313   0.01665   0.0306   0.0225   1.0000  69.7384 160.0000
  14.000   1.2221   0.04112   0.02258   0.0371   0.0205   1.0000  70.1196 160.0000
  15.000   1.2121   0.05155   0.03131   0.0394   0.0191   1.0000  70.4368 160.0000
