  
       XFOIL         Version 6.99
  
 Calculated polar for: NASA/LANGLEY RC12-64C AIRFOIL                   
  
 1 1 Reynolds number fixed          Mach number fixed         
  
 xtrf =   1.000 (top)        1.000 (bottom)  
 Mach =   0.000     Re =     0.500 e 6     Ncrit =   9.000  9.000
  
   alpha    CL        CD       CDp       CM     Top_Xtr  Bot_Xtr  Top_Itr  Bot_Itr
  ------ -------- --------- --------- -------- -------- -------- -------- --------
  -6.000  -0.5522   0.01405   0.00440  -0.0204   0.9736   0.0266   3.7387  93.1526
  -5.000  -0.4178   0.01295   0.00380  -0.0263   0.9638   0.0347   4.5246  94.3058
  -4.000  -0.2927   0.01168   0.00295  -0.0298   0.9504   0.0420   5.5005  95.2081
  -3.000  -0.1804   0.01055   0.00229  -0.0299   0.9312   0.0591   6.7827  96.9366
  -2.000  -0.0887   0.00856   0.00167  -0.0262   0.9047   0.3311   8.5078 115.2098
  -1.000  -0.0116   0.00648   0.00145  -0.0184   0.8717   0.7874  10.6932 144.8323
   0.000   0.0930   0.00647   0.00164  -0.0153   0.8344   0.8871  13.1497 151.3655
   1.000   0.2017   0.00711   0.00211  -0.0125   0.7804   0.9378  16.6953 154.6656
   2.000   0.3213   0.00754   0.00215  -0.0136   0.7117   0.9557  21.1897 155.8794
   3.000   0.4598   0.00826   0.00226  -0.0194   0.6028   0.9673  28.3077 156.7570
   4.000   0.5786   0.00985   0.00247  -0.0222   0.3603   0.9786  44.1734 157.7066
   5.000   0.6930   0.01251   0.00330  -0.0253   0.0969   0.9892  61.8419 158.7073
   6.000   0.8216   0.01386   0.00402  -0.0304   0.0713   0.9975  63.7184 159.6795
   7.000   0.9065   0.01539   0.00482  -0.0265   0.0572   1.0000  64.9257 160.0000
   8.000   0.9603   0.01707   0.00575  -0.0162   0.0482   1.0000  65.8119 160.0000
   9.000   1.0066   0.01906   0.00694  -0.0045   0.0423   1.0000  66.4586 160.0000
  10.000   1.0510   0.02171   0.00833   0.0068   0.0372   1.0000  67.0399 160.0000
  11.000   1.1078   0.02297   0.00895   0.0152   0.0324   1.0000  67.6686 160.0000
  12.000   1.1599   0.02618   0.01088   0.0222   0.0282   1.0000  68.2656 160.0000
  13.000   1.2068   0.02974   0.01300   0.0280   0.0241   1.0000  68.8947 160.0000
  14.000   1.2486   0.03418   0.01601   0.0323   0.0201   1.0000  69.6400 160.0000
  15.000   1.2726   0.04101   0.02081   0.0351   0.0160   1.0000  70.5334 160.0000
