  
       XFOIL         Version 6.99
  
 Calculated polar for: NASA/LANGLEY RC12-64C AIRFOIL                   
  
 1 1 Reynolds number fixed          Mach number fixed         
  
 xtrf =   1.000 (top)        1.000 (bottom)  
 Mach =   0.000     Re =     1.000 e 6     Ncrit =   9.000  9.000
  
   alpha    CL        CD       CDp       CM     Top_Xtr  Bot_Xtr  Top_Itr  Bot_Itr
  ------ -------- --------- --------- -------- -------- -------- -------- --------
  -6.000  -0.5038   0.01070   0.00252  -0.0300   0.9606   0.0074   4.7723  86.8346
  -5.000  -0.4007   0.00986   0.00220  -0.0284   0.9411   0.0244   6.1315  92.7540
  -4.000  -0.2965   0.00926   0.00187  -0.0270   0.9177   0.0306   7.6604  93.7540
  -3.000  -0.1915   0.00856   0.00138  -0.0256   0.8916   0.0370   9.3740  94.6015
  -2.000  -0.0861   0.00797   0.00100  -0.0241   0.8553   0.0632  11.7809  97.2805
  -1.000   0.0120   0.00670   0.00066  -0.0218   0.8185   0.3117  14.1941 113.9545
   0.000   0.0947   0.00495   0.00043  -0.0160   0.7651   0.7685  17.6980 143.5988
   1.000   0.1941   0.00503   0.00057  -0.0127   0.6873   0.8819  22.7829 151.0241
   2.000   0.2954   0.00552   0.00078  -0.0099   0.6045   0.9278  28.1983 154.0133
   3.000   0.3942   0.00650   0.00102  -0.0072   0.4480   0.9489  38.4236 155.4149
   4.000   0.4867   0.00827   0.00157  -0.0038   0.2205   0.9710  53.3748 157.0483
   5.000   0.6051   0.00998   0.00225  -0.0067   0.0785   0.9800  63.1768 157.8232
   6.000   0.7349   0.01098   0.00277  -0.0117   0.0612   0.9851  64.5680 158.3104
   7.000   0.8571   0.01215   0.00343  -0.0152   0.0506   0.9923  65.5680 159.0224
   8.000   0.9832   0.01338   0.00410  -0.0199   0.0394   0.9966  66.7790 159.5718
   9.000   1.0855   0.01463   0.00468  -0.0196   0.0319   1.0000  67.7318 160.0000
  10.000   1.1366   0.01586   0.00522  -0.0086   0.0276   1.0000  68.3579 160.0000
  11.000   1.1766   0.01768   0.00606   0.0041   0.0234   1.0000  69.0044 160.0000
  12.000   1.2425   0.01914   0.00677   0.0108   0.0209   1.0000  69.4808 160.0000
  13.000   1.3017   0.02164   0.00810   0.0171   0.0176   1.0000  70.1379 160.0000
  14.000   1.3607   0.02440   0.00955   0.0221   0.0137   1.0000  71.1185 160.0000
  15.000   1.4021   0.02875   0.01214   0.0275   0.0086   1.0000  72.7823 160.0000
