  
       XFOIL         Version 6.99
  
 Calculated polar for: NASA RC(5)-10 AIRFOIL                           
  
 1 1 Reynolds number fixed          Mach number fixed         
  
 xtrf =   1.000 (top)        1.000 (bottom)  
 Mach =   0.000     Re =     1.000 e 6     Ncrit =   9.000  9.000
  
   alpha    CL        CD       CDp       CM     Top_Xtr  Bot_Xtr  Top_Itr  Bot_Itr
  ------ -------- --------- --------- -------- -------- -------- -------- --------
  -6.000  -0.5321   0.01461   0.00609  -0.0095   0.7598   0.0154  17.9327  91.2346
  -5.000  -0.4265   0.01230   0.00400  -0.0081   0.7423   0.0169  19.0886  91.5922
  -4.000  -0.3189   0.01061   0.00252  -0.0069   0.7248   0.0183  20.2369  91.9449
  -3.000  -0.2105   0.00924   0.00153  -0.0059   0.7078   0.0223  21.3478  92.7760
  -2.000  -0.1002   0.00830   0.00093  -0.0051   0.6872   0.0441  22.6997  95.7519
  -1.000   0.0118   0.00779   0.00070  -0.0049   0.6603   0.0955  24.4760  99.8568
   0.000   0.1221   0.00702   0.00050  -0.0046   0.6342   0.2753  26.2140 111.6076
   1.000   0.2242   0.00496   0.00056  -0.0022   0.6023   0.9613  28.3377 156.3825
   2.000   0.3744   0.00540   0.00074  -0.0102   0.5533   0.9909  31.6086 158.8676
   3.000   0.5240   0.00689   0.00105  -0.0195   0.3072   1.0000  48.1262 160.0000
   4.000   0.6280   0.00779   0.00135  -0.0187   0.2183   1.0000  54.0120 160.0000
   5.000   0.7297   0.00844   0.00163  -0.0171   0.1823   1.0000  56.4364 160.0000
   6.000   0.8298   0.00917   0.00197  -0.0153   0.1571   1.0000  58.1781 160.0000
   7.000   0.9290   0.00997   0.00237  -0.0134   0.1360   1.0000  59.6725 160.0000
   8.000   1.0270   0.01090   0.00283  -0.0114   0.1155   1.0000  61.1905 160.0000
   9.000   1.1223   0.01204   0.00337  -0.0093   0.0931   1.0000  62.9311 160.0000
  10.000   1.2146   0.01345   0.00406  -0.0070   0.0692   1.0000  64.9611 160.0000
  11.000   1.3026   0.01527   0.00504  -0.0046   0.0475   1.0000  67.1000 160.0000
  12.000   1.3816   0.01775   0.00646  -0.0014   0.0278   1.0000  69.5722 160.0000
  13.000   1.4430   0.02107   0.00842   0.0033   0.0151   1.0000  72.0528 160.0000
  14.000   1.4805   0.02591   0.01143   0.0082   0.0099   1.0000  73.6665 160.0000
  15.000   1.5057   0.03286   0.01615   0.0107   0.0079   1.0000  74.4158 160.0000
