  
       XFOIL         Version 6.99
  
 Calculated polar for: NASA/LANGLEY RC-SC2 AIRFOIL                     
  
 1 1 Reynolds number fixed          Mach number fixed         
  
 xtrf =   1.000 (top)        1.000 (bottom)  
 Mach =   0.000     Re =     1.000 e 6     Ncrit =   9.000  9.000
  
   alpha    CL        CD       CDp       CM     Top_Xtr  Bot_Xtr  Top_Itr  Bot_Itr
  ------ -------- --------- --------- -------- -------- -------- -------- --------
  -6.000  -0.5772   0.01241   0.00439  -0.0258   0.9827   0.0224   2.9316  94.8444
  -5.000  -0.4661   0.01086   0.00331  -0.0262   0.9757   0.0249   3.5223  95.4444
  -4.000  -0.3342   0.00965   0.00248  -0.0309   0.9721   0.0301   3.8225  96.5768
  -3.000  -0.2168   0.00861   0.00195  -0.0321   0.9632   0.0694   4.4966 101.6746
  -2.000  -0.1070   0.00733   0.00147  -0.0315   0.9495   0.2211   5.5035 111.8042
  -1.000  -0.0174   0.00513   0.00090  -0.0266   0.9259   0.6485   7.1707 137.2278
   0.000   0.0809   0.00428   0.00069  -0.0223   0.8858   0.8365   9.8266 148.6340
   1.000   0.1828   0.00440   0.00064  -0.0185   0.7850   0.9135  16.1137 153.3559
   2.000   0.2641   0.00618   0.00095  -0.0113   0.4287   0.9561  37.5798 156.0720
   3.000   0.3736   0.00796   0.00146  -0.0111   0.1608   0.9759  53.7603 157.5280
   4.000   0.5031   0.00912   0.00190  -0.0155   0.0673   0.9844  60.5478 158.2444
   5.000   0.6312   0.01043   0.00253  -0.0195   0.0270   0.9923  66.0523 159.0019
   6.000   0.7637   0.01183   0.00342  -0.0245   0.0227   0.9972  67.0360 159.6363
   7.000   0.8681   0.01319   0.00437  -0.0236   0.0213   1.0000  67.4140 160.0000
   8.000   0.9402   0.01470   0.00540  -0.0160   0.0201   1.0000  67.7147 160.0000
   9.000   1.0081   0.01700   0.00700  -0.0078   0.0195   1.0000  67.8840 160.0000
  10.000   1.0746   0.02089   0.00983  -0.0003   0.0191   1.0000  67.9900 160.0000
  11.000   1.1451   0.02467   0.01290   0.0056   0.0189   1.0000  68.0337 160.0000
  12.000   1.2014   0.02922   0.01675   0.0128   0.0188   1.0000  68.0785 160.0000
  13.000   1.2187   0.03515   0.02178   0.0242   0.0186   1.0000  68.1195 160.0000
  14.000   1.1915   0.04484   0.03013   0.0341   0.0186   1.0000  68.1390 160.0000
  15.000   1.1064   0.06705   0.05024   0.0276   0.0187   1.0000  68.1063 160.0000
