  
       XFOIL         Version 6.99
  
 Calculated polar for: RG 12A-1.8/9.0 AIRFOIL                          
  
 1 1 Reynolds number fixed          Mach number fixed         
  
 xtrf =   1.000 (top)        1.000 (bottom)  
 Mach =   0.000     Re =     1.000 e 6     Ncrit =   9.000  9.000
  
   alpha    CL        CD       CDp       CM     Top_Xtr  Bot_Xtr  Top_Itr  Bot_Itr
  ------ -------- --------- --------- -------- -------- -------- -------- --------
  -6.000  -0.4487   0.01454   0.00540  -0.0458   0.9853   0.0067   2.6008  86.0892
  -5.000  -0.3205   0.01057   0.00251  -0.0501   0.9781   0.0078   3.1979  86.4125
  -4.000  -0.1861   0.00835   0.00115  -0.0552   0.9688   0.0126   3.9228  87.5767
  -3.000  -0.0623   0.00674   0.00051  -0.0580   0.9489   0.1249   5.4232  97.3071
  -2.000   0.0581   0.00473   0.00010  -0.0609   0.9047   0.5485   8.6201 127.1982
  -1.000   0.1650   0.00442   0.00016  -0.0594   0.8238   0.7589  14.3865 142.0991
   0.000   0.2698   0.00477   0.00022  -0.0575   0.7276   0.8030  21.2139 145.2038
   1.000   0.3749   0.00519   0.00031  -0.0558   0.6360   0.8343  27.7003 147.4208
   2.000   0.4792   0.00566   0.00042  -0.0541   0.5435   0.8670  34.2434 149.7415
   3.000   0.5833   0.00625   0.00053  -0.0526   0.4411   0.8898  41.5061 151.3743
   4.000   0.6816   0.00721   0.00076  -0.0502   0.3011   0.9201  51.4742 153.5379
   5.000   0.7829   0.00839   0.00110  -0.0486   0.1701   0.9892  60.9423 158.7348
   6.000   0.8827   0.01023   0.00183  -0.0475   0.0523   1.0000  70.0069 160.0000
   7.000   0.9768   0.01236   0.00288  -0.0448   0.0148   1.0000  74.0334 160.0000
   8.000   1.0705   0.01426   0.00405  -0.0421   0.0127   1.0000  74.4384 160.0000
   9.000   1.1430   0.01812   0.00649  -0.0363   0.0097   1.0000  75.0241 160.0000
  10.000   1.2286   0.02001   0.00788  -0.0330   0.0078   1.0000  75.5399 160.0000
  11.000   1.2809   0.02421   0.01071  -0.0252   0.0060   1.0000  76.0932 160.0000
  12.000   1.3265   0.02705   0.01264  -0.0166   0.0048   1.0000  76.5676 160.0000
  13.000   1.3459   0.03203   0.01613  -0.0080   0.0040   1.0000  76.8998 160.0000
  14.000   1.3107   0.04430   0.02601  -0.0032   0.0036   1.0000  77.0801 160.0000
  15.000   1.2775   0.06176   0.04128  -0.0093   0.0034   1.0000  77.2113 160.0000
