  
       XFOIL         Version 6.99
  
 Calculated polar for: AIRFOIL PROFILE12A 9.00%                        
  
 1 1 Reynolds number fixed          Mach number fixed         
  
 xtrf =   1.000 (top)        1.000 (bottom)  
 Mach =   0.000     Re =     0.500 e 6     Ncrit =   9.000  9.000
  
   alpha    CL        CD       CDp       CM     Top_Xtr  Bot_Xtr  Top_Itr  Bot_Itr
  ------ -------- --------- --------- -------- -------- -------- -------- --------
  -4.000  -0.2558   0.01120   0.00222  -0.0414   0.9769   0.0166   3.2918  88.3094
  -3.000  -0.1176   0.00873   0.00128  -0.0476   0.9616   0.1762   4.4699 100.9807
  -2.000   0.0157   0.00612   0.00108  -0.0530   0.9437   0.7394   5.8081 140.7252
  -1.000   0.1458   0.00578   0.00102  -0.0556   0.9056   0.8214   8.5545 146.5051
   0.000   0.2596   0.00582   0.00093  -0.0548   0.8324   0.8631  13.7752 149.4697
   1.000   0.3582   0.00613   0.00089  -0.0509   0.7394   0.9010  20.3790 152.1732
   2.000   0.4527   0.00652   0.00083  -0.0466   0.6463   0.9331  26.9685 154.4739
   4.000   0.6861   0.00789   0.00083  -0.0496   0.4188   1.0000  43.0917 160.0000
   5.000   0.7787   0.00935   0.00117  -0.0471   0.2655   1.0000  54.0265 160.0000
   6.000   0.8726   0.01135   0.00187  -0.0449   0.1171   1.0000  64.8820 160.0000
   7.000   0.9587   0.01431   0.00320  -0.0411   0.0235   1.0000  72.8059 160.0000
   8.000   1.0417   0.01735   0.00502  -0.0365   0.0191   1.0000  73.4024 160.0000
   9.000   1.1044   0.02309   0.00851  -0.0296   0.0150   1.0000  74.0036 160.0000
  10.000   1.1744   0.02699   0.01143  -0.0242   0.0122   1.0000  74.5374 160.0000
  11.000   1.1897   0.03611   0.01793  -0.0133   0.0097   1.0000  75.0437 160.0000
  12.000   1.1852   0.04303   0.02394  -0.0036   0.0083   1.0000  75.4174 160.0000
  13.000   1.1395   0.05799   0.03729  -0.0030   0.0078   1.0000  75.5652 160.0000
  14.000   1.0570   0.08712   0.06576  -0.0195   0.0080   1.0000  75.5039 160.0000
