  
       XFOIL         Version 6.99
  
 Calculated polar for: RG 14 9.5% AIRFOIL                              
  
 1 1 Reynolds number fixed          Mach number fixed         
  
 xtrf =   1.000 (top)        1.000 (bottom)  
 Mach =   0.000     Re =     0.500 e 6     Ncrit =   9.000  9.000
  
   alpha    CL        CD       CDp       CM     Top_Xtr  Bot_Xtr  Top_Itr  Bot_Itr
  ------ -------- --------- --------- -------- -------- -------- -------- --------
  -6.000  -0.5482   0.01515   0.00526  -0.0247   0.9935   0.0248   1.8282  91.1039
  -5.000  -0.4107   0.01261   0.00337  -0.0309   0.9823   0.0315   2.8479  91.9615
  -4.000  -0.2728   0.01029   0.00189  -0.0367   0.9689   0.0492   3.8879  93.6631
  -3.000  -0.1329   0.00838   0.00121  -0.0433   0.9542   0.2224   4.9757 106.0937
  -2.000  -0.0177   0.00610   0.00085  -0.0444   0.9229   0.6479   7.1729 135.0403
  -1.000   0.0879   0.00566   0.00099  -0.0414   0.8726   0.8502  10.6334 148.8862
   0.000   0.1883   0.00580   0.00097  -0.0372   0.8056   0.9088  15.2329 152.9081
   1.000   0.2883   0.00610   0.00090  -0.0332   0.7264   0.9505  20.6648 155.7928
   2.000   0.4203   0.00665   0.00082  -0.0369   0.6321   0.9753  27.1368 157.5925
   3.000   0.5629   0.00740   0.00078  -0.0438   0.5069   0.9917  35.7237 158.9698
   4.000   0.6791   0.00823   0.00092  -0.0458   0.3784   1.0000  44.5695 160.0000
   5.000   0.7459   0.00948   0.00131  -0.0376   0.2424   1.0000  54.0092 160.0000
   6.000   0.8278   0.01113   0.00199  -0.0325   0.1380   1.0000  61.4188 160.0000
   7.000   0.9181   0.01274   0.00275  -0.0290   0.0815   1.0000  65.6434 160.0000
   8.000   1.0060   0.01466   0.00381  -0.0254   0.0513   1.0000  68.1448 160.0000
   9.000   1.0916   0.01665   0.00492  -0.0216   0.0347   1.0000  69.7512 160.0000
  10.000   1.1691   0.01910   0.00626  -0.0168   0.0209   1.0000  71.5916 160.0000
  11.000   1.2137   0.02327   0.00862  -0.0075   0.0137   1.0000  73.0122 160.0000
  12.000   1.2519   0.02692   0.01092   0.0017   0.0111   1.0000  73.6828 160.0000
  13.000   1.2419   0.03501   0.01663   0.0113   0.0098   1.0000  74.0325 160.0000
  14.000   1.2322   0.04557   0.02510   0.0137   0.0092   1.0000  74.2212 160.0000
  15.000   1.1967   0.06282   0.04013   0.0083   0.0088   1.0000  74.3444 160.0000
