  
       XFOIL         Version 6.99
  
 Calculated polar for: RG 14 AIRFOIL                                   
  
 1 1 Reynolds number fixed          Mach number fixed         
  
 xtrf =   1.000 (top)        1.000 (bottom)  
 Mach =   0.000     Re =     1.000 e 6     Ncrit =   9.000  9.000
  
   alpha    CL        CD       CDp       CM     Top_Xtr  Bot_Xtr  Top_Itr  Bot_Itr
  ------ -------- --------- --------- -------- -------- -------- -------- --------
  -6.000  -0.4932   0.01649   0.00709  -0.0363   0.9917   0.0082   2.0149  85.7701
  -5.000  -0.3696   0.01108   0.00271  -0.0393   0.9822   0.0084   2.7907  85.8265
  -4.000  -0.2396   0.00832   0.00097  -0.0433   0.9706   0.0120   3.6937  86.5081
  -3.000  -0.1138   0.00688   0.00041  -0.0465   0.9496   0.0982   5.2703  94.0591
  -2.000  -0.0012   0.00543   0.00008  -0.0471   0.9000   0.3782   8.9070 114.4079
  -1.000   0.0962   0.00422   0.00005  -0.0440   0.8289   0.7805  14.0847 143.4958
   0.000   0.1993   0.00438   0.00012  -0.0415   0.7475   0.8659  20.0103 149.6744
   1.000   0.3017   0.00471   0.00017  -0.0390   0.6558   0.9113  26.6724 152.9713
   3.000   0.5205   0.00584   0.00027  -0.0376   0.4385   0.9860  42.4648 158.5169
   4.000   0.6551   0.00684   0.00046  -0.0435   0.3025   0.9990  52.3753 159.8816
   5.000   0.7409   0.00807   0.00084  -0.0390   0.1764   1.0000  61.6489 160.0000
   6.000   0.8335   0.00965   0.00145  -0.0360   0.0712   1.0000  69.6786 160.0000
   7.000   0.9286   0.01128   0.00220  -0.0336   0.0202   1.0000  74.2335 160.0000
   8.000   1.0146   0.01412   0.00348  -0.0293   0.0053   1.0000  77.0442 160.0000
   9.000   1.0976   0.01694   0.00516  -0.0249   0.0045   1.0000  77.3218 160.0000
  10.000   1.1642   0.02114   0.00790  -0.0185   0.0040   1.0000  77.4868 160.0000
  11.000   1.2119   0.02618   0.01148  -0.0103   0.0035   1.0000  77.6554 160.0000
  12.000   1.2124   0.03237   0.01606   0.0026   0.0031   1.0000  77.7902 160.0000
  13.000   1.1688   0.04465   0.02618   0.0088   0.0030   1.0000  77.8529 160.0000
  14.000   1.1071   0.06676   0.04646  -0.0008   0.0030   1.0000  77.8521 160.0000
  15.000   1.0308   0.10122   0.08122  -0.0222   0.0031   1.0000  77.7944 160.0000
