  
       XFOIL         Version 6.99
  
 Calculated polar for: RG 14 9.5% AIRFOIL                              
  
 1 1 Reynolds number fixed          Mach number fixed         
  
 xtrf =   1.000 (top)        1.000 (bottom)  
 Mach =   0.000     Re =     1.000 e 6     Ncrit =   9.000  9.000
  
   alpha    CL        CD       CDp       CM     Top_Xtr  Bot_Xtr  Top_Itr  Bot_Itr
  ------ -------- --------- --------- -------- -------- -------- -------- --------
  -6.000  -0.4806   0.01073   0.00293  -0.0387   0.9823   0.0200   2.8545  90.3478
  -5.000  -0.3504   0.00939   0.00194  -0.0429   0.9716   0.0240   3.6874  90.9979
  -4.000  -0.2220   0.00787   0.00099  -0.0464   0.9555   0.0400   4.8752  92.8267
  -3.000  -0.1053   0.00670   0.00052  -0.0475   0.9191   0.1519   7.4391 101.2238
  -2.000  -0.0005   0.00569   0.00025  -0.0461   0.8630   0.3666  11.2950 115.9387
  -1.000   0.0960   0.00454   0.00017  -0.0430   0.7935   0.7304  16.0613 140.7025
   0.000   0.1987   0.00465   0.00027  -0.0403   0.7122   0.8444  21.6418 148.4943
   1.000   0.3024   0.00499   0.00034  -0.0380   0.6264   0.8881  27.5260 151.4792
   2.000   0.4042   0.00544   0.00042  -0.0354   0.5354   0.9239  33.7665 153.9467
   3.000   0.5020   0.00607   0.00051  -0.0321   0.4232   0.9611  41.4819 156.5447
   4.000   0.6256   0.00701   0.00071  -0.0350   0.3027   0.9869  49.8071 158.5485
   5.000   0.7549   0.00851   0.00123  -0.0401   0.1537   0.9992  60.3162 159.9009
   6.000   0.8405   0.00950   0.00166  -0.0354   0.1012   1.0000  64.1185 160.0000
   7.000   0.9341   0.01074   0.00225  -0.0324   0.0611   1.0000  67.2921 160.0000
   8.000   1.0286   0.01208   0.00295  -0.0297   0.0378   1.0000  69.4290 160.0000
   9.000   1.1198   0.01369   0.00384  -0.0266   0.0243   1.0000  71.0405 160.0000
  10.000   1.2061   0.01555   0.00485  -0.0230   0.0129   1.0000  73.2202 160.0000
  11.000   1.2812   0.01805   0.00631  -0.0178   0.0081   1.0000  74.5530 160.0000
  12.000   1.3298   0.02147   0.00837  -0.0088   0.0065   1.0000  75.1263 160.0000
  13.000   1.3592   0.02521   0.01074   0.0017   0.0058   1.0000  75.4396 160.0000
  14.000   1.3703   0.03089   0.01470   0.0102   0.0051   1.0000  75.7143 160.0000
  15.000   1.3353   0.04316   0.02419   0.0136   0.0047   1.0000  75.9200 160.0000
