  
       XFOIL         Version 6.99
  
 Calculated polar for: RG 14 9% AIRFOIL                                
  
 1 1 Reynolds number fixed          Mach number fixed         
  
 xtrf =   1.000 (top)        1.000 (bottom)  
 Mach =   0.000     Re =     1.000 e 6     Ncrit =   9.000  9.000
  
   alpha    CL        CD       CDp       CM     Top_Xtr  Bot_Xtr  Top_Itr  Bot_Itr
  ------ -------- --------- --------- -------- -------- -------- -------- --------
  -6.000  -0.4939   0.01118   0.00333  -0.0357   0.9855   0.0171   2.5677  89.3069
  -5.000  -0.3600   0.00987   0.00232  -0.0408   0.9772   0.0212   3.2477  89.9891
  -4.000  -0.2284   0.00814   0.00117  -0.0452   0.9648   0.0283   4.1851  90.9143
  -3.000  -0.1077   0.00682   0.00054  -0.0471   0.9356   0.1163   6.2966  97.9122
  -2.000   0.0006   0.00570   0.00023  -0.0465   0.8814   0.3368  10.0909 113.3009
  -1.000   0.0978   0.00445   0.00013  -0.0435   0.8119   0.7261  14.9303 140.1854
   0.000   0.1995   0.00454   0.00024  -0.0406   0.7268   0.8543  20.8529 149.0770
   1.000   0.3025   0.00488   0.00030  -0.0381   0.6369   0.8986  27.1067 152.1600
   2.000   0.4026   0.00532   0.00037  -0.0351   0.5407   0.9369  33.8011 154.8425
   3.000   0.5072   0.00601   0.00045  -0.0333   0.4201   0.9757  42.2085 157.6324
   5.000   0.7450   0.00850   0.00121  -0.0385   0.1428   1.0000  61.8244 160.0000
   6.000   0.8369   0.00959   0.00167  -0.0350   0.0854   1.0000  66.0934 160.0000
   7.000   0.9331   0.01088   0.00231  -0.0325   0.0481   1.0000  69.1536 160.0000
   8.000   1.0284   0.01232   0.00309  -0.0300   0.0286   1.0000  71.0685 160.0000
   9.000   1.1206   0.01396   0.00396  -0.0273   0.0154   1.0000  73.0994 160.0000
  10.000   1.2013   0.01661   0.00544  -0.0227   0.0076   1.0000  74.9834 160.0000
  11.000   1.2759   0.01930   0.00717  -0.0175   0.0063   1.0000  75.4652 160.0000
  12.000   1.3172   0.02334   0.00978  -0.0078   0.0052   1.0000  75.8856 160.0000
  13.000   1.3239   0.02871   0.01350   0.0043   0.0046   1.0000  76.1110 160.0000
  14.000   1.3190   0.03657   0.01945   0.0112   0.0043   1.0000  76.2669 160.0000
  15.000   1.2868   0.05101   0.03144   0.0096   0.0042   1.0000  76.3639 160.0000
