  
       XFOIL         Version 6.99
  
 Calculated polar for: RG 14 9% AIRFOIL                                
  
 1 1 Reynolds number fixed          Mach number fixed         
  
 xtrf =   1.000 (top)        1.000 (bottom)  
 Mach =   0.000     Re =     0.500 e 6     Ncrit =   9.000  9.000
  
   alpha    CL        CD       CDp       CM     Top_Xtr  Bot_Xtr  Top_Itr  Bot_Itr
  ------ -------- --------- --------- -------- -------- -------- -------- --------
  -6.000  -0.5604   0.01707   0.00689  -0.0219   0.9980   0.0208   1.2487  89.9183
  -5.000  -0.4254   0.01326   0.00394  -0.0277   0.9876   0.0281   2.3859  90.8848
  -4.000  -0.2883   0.01070   0.00215  -0.0335   0.9742   0.0372   3.4740  91.8249
  -3.000  -0.1489   0.00864   0.00124  -0.0398   0.9587   0.1722   4.6312 101.8638
  -2.000  -0.0212   0.00634   0.00083  -0.0439   0.9351   0.5852   6.3327 130.4265
  -1.000   0.0868   0.00554   0.00097  -0.0413   0.8890   0.8593   9.5553 149.4291
   0.000   0.1877   0.00564   0.00092  -0.0372   0.8221   0.9200  14.2208 153.6607
   1.000   0.2950   0.00596   0.00081  -0.0348   0.7398   0.9607  19.9454 156.5220
   2.000   0.4372   0.00652   0.00071  -0.0409   0.6383   0.9827  27.0101 158.1840
   4.000   0.6618   0.00807   0.00085  -0.0428   0.3777   1.0000  45.1719 160.0000
   5.000   0.7370   0.00956   0.00129  -0.0362   0.2174   1.0000  56.4571 160.0000
   6.000   0.8256   0.01123   0.00201  -0.0324   0.1194   1.0000  63.5085 160.0000
   7.000   0.9172   0.01298   0.00288  -0.0292   0.0661   1.0000  67.6207 160.0000
   8.000   1.0062   0.01499   0.00398  -0.0258   0.0400   1.0000  69.8899 160.0000
   9.000   1.0937   0.01699   0.00508  -0.0224   0.0244   1.0000  71.6289 160.0000
  10.000   1.1630   0.02051   0.00704  -0.0164   0.0138   1.0000  73.4425 160.0000
  11.000   1.2092   0.02498   0.00982  -0.0076   0.0106   1.0000  74.1765 160.0000
  12.000   1.2305   0.03017   0.01337   0.0031   0.0092   1.0000  74.5455 160.0000
  13.000   1.2286   0.03805   0.01933   0.0106   0.0084   1.0000  74.7707 160.0000
  14.000   1.1918   0.05268   0.03160   0.0105   0.0080   1.0000  74.8817 160.0000
  15.000   1.1323   0.07628   0.05344  -0.0011   0.0079   1.0000  74.9031 160.0000
