  
       XFOIL         Version 6.99
  
 Calculated polar for: RG 14 10% AIRFOIL                               
  
 1 1 Reynolds number fixed          Mach number fixed         
  
 xtrf =   1.000 (top)        1.000 (bottom)  
 Mach =   0.000     Re =     1.000 e 6     Ncrit =   9.000  9.000
  
   alpha    CL        CD       CDp       CM     Top_Xtr  Bot_Xtr  Top_Itr  Bot_Itr
  ------ -------- --------- --------- -------- -------- -------- -------- --------
  -6.000  -0.4719   0.01034   0.00257  -0.0406   0.9774   0.0226   3.2487  91.3429
  -5.000  -0.3368   0.00894   0.00160  -0.0458   0.9682   0.0279   3.9516  92.1548
  -4.000  -0.2178   0.00760   0.00090  -0.0473   0.9436   0.0753   5.7276  96.5597
  -3.000  -0.1046   0.00667   0.00051  -0.0476   0.9018   0.1784   8.5890 103.8372
  -2.000  -0.0020   0.00567   0.00027  -0.0458   0.8463   0.3991  12.3434 118.7085
  -1.000   0.0950   0.00468   0.00018  -0.0426   0.7766   0.7165  17.0546 139.9706
   0.000   0.1978   0.00478   0.00029  -0.0400   0.6973   0.8354  22.4188 147.9918
   1.000   0.3024   0.00511   0.00037  -0.0378   0.6189   0.8787  27.7137 150.8983
   2.000   0.4049   0.00554   0.00046  -0.0354   0.5306   0.9120  33.6841 153.1618
   3.000   0.5026   0.00616   0.00057  -0.0321   0.4237   0.9457  40.9276 155.4662
   4.000   0.6106   0.00697   0.00072  -0.0314   0.3192   0.9808  48.0394 158.0177
   5.000   0.7401   0.00840   0.00119  -0.0364   0.1738   0.9937  58.1501 159.2133
   6.000   0.8473   0.00945   0.00167  -0.0365   0.1174   1.0000  62.1258 160.0000
   7.000   0.9354   0.01064   0.00220  -0.0323   0.0731   1.0000  65.5487 160.0000
   8.000   1.0278   0.01198   0.00288  -0.0292   0.0464   1.0000  67.8772 160.0000
   9.000   1.1194   0.01339   0.00363  -0.0261   0.0320   1.0000  69.4345 160.0000
  10.000   1.2044   0.01519   0.00463  -0.0222   0.0213   1.0000  70.9891 160.0000
  11.000   1.2811   0.01731   0.00579  -0.0173   0.0120   1.0000  73.0720 160.0000
  12.000   1.3371   0.01999   0.00729  -0.0091   0.0084   1.0000  74.1648 160.0000
  13.000   1.3741   0.02324   0.00919   0.0008   0.0070   1.0000  74.7041 160.0000
  14.000   1.3762   0.02929   0.01316   0.0111   0.0061   1.0000  75.0505 160.0000
  15.000   1.3772   0.03733   0.01902   0.0157   0.0058   1.0000  75.2357 160.0000
