  
       XFOIL         Version 6.99
  
 Calculated polar for: RG 15A-1.8/11.0 AIRFOIL                         
  
 1 1 Reynolds number fixed          Mach number fixed         
  
 xtrf =   1.000 (top)        1.000 (bottom)  
 Mach =   0.000     Re =     1.000 e 6     Ncrit =   9.000  9.000
  
   alpha    CL        CD       CDp       CM     Top_Xtr  Bot_Xtr  Top_Itr  Bot_Itr
  ------ -------- --------- --------- -------- -------- -------- -------- --------
  -6.000  -0.3955   0.00981   0.00211  -0.0602   0.9690   0.0208   3.8907  90.6366
  -5.000  -0.2704   0.00836   0.00123  -0.0632   0.9511   0.0385   5.2092  92.9369
  -4.000  -0.1507   0.00718   0.00069  -0.0651   0.9158   0.1227   7.6846  99.5016
  -3.000  -0.0427   0.00628   0.00036  -0.0645   0.8642   0.2681  11.2184 109.5221
  -2.000   0.0609   0.00533   0.00016  -0.0631   0.8077   0.5124  15.0740 126.0512
  -1.000   0.1672   0.00511   0.00022  -0.0617   0.7485   0.6703  19.1110 136.7705
   0.000   0.2757   0.00528   0.00026  -0.0606   0.6854   0.7208  23.4094 140.1657
   1.000   0.3833   0.00556   0.00032  -0.0594   0.6139   0.7596  28.2769 142.7776
   2.000   0.4895   0.00597   0.00042  -0.0581   0.5323   0.7966  33.8469 145.2808
   3.000   0.5939   0.00649   0.00057  -0.0565   0.4457   0.8388  39.7535 148.1422
   4.000   0.6939   0.00713   0.00079  -0.0541   0.3540   0.8921  46.0306 151.7801
   5.000   0.7998   0.00787   0.00103  -0.0531   0.2678   0.9868  51.9819 158.5651
   6.000   0.9022   0.00912   0.00146  -0.0521   0.1766   1.0000  58.3838 160.0000
   7.000   0.9980   0.01051   0.00204  -0.0497   0.1082   1.0000  63.3729 160.0000
   8.000   1.0905   0.01207   0.00277  -0.0469   0.0612   1.0000  67.0873 160.0000
   9.000   1.1776   0.01389   0.00370  -0.0432   0.0314   1.0000  70.0203 160.0000
  10.000   1.2619   0.01561   0.00464  -0.0392   0.0225   1.0000  71.2166 160.0000
  11.000   1.3367   0.01753   0.00564  -0.0339   0.0150   1.0000  72.5917 160.0000
  12.000   1.3827   0.02028   0.00700  -0.0242   0.0073   1.0000  74.8555 160.0000
  13.000   1.4182   0.02381   0.00900  -0.0148   0.0055   1.0000  75.6564 160.0000
  14.000   1.4278   0.02972   0.01278  -0.0058   0.0046   1.0000  76.0812 160.0000
  15.000   1.4295   0.03795   0.01867  -0.0011   0.0043   1.0000  76.2940 160.0000
