  
       XFOIL         Version 6.99
  
 Calculated polar for: RG 15A 2.5/13.0 AIRFOIL                         
  
 1 1 Reynolds number fixed          Mach number fixed         
  
 xtrf =   1.000 (top)        1.000 (bottom)  
 Mach =   0.000     Re =     0.500 e 6     Ncrit =   9.000  9.000
  
   alpha    CL        CD       CDp       CM     Top_Xtr  Bot_Xtr  Top_Itr  Bot_Itr
  ------ -------- --------- --------- -------- -------- -------- -------- --------
  -6.000  -0.3222   0.01178   0.00275  -0.0762   0.9446   0.0452   5.7327  96.8173
  -5.000  -0.1857   0.01004   0.00193  -0.0817   0.9287   0.1139   6.8226 102.5009
  -4.000  -0.0607   0.00867   0.00133  -0.0847   0.8990   0.2275   8.7775 109.9826
  -3.000   0.0502   0.00741   0.00094  -0.0848   0.8565   0.4290  11.5129 122.6743
  -2.000   0.1560   0.00682   0.00099  -0.0831   0.8082   0.6441  14.6060 136.2666
  -1.000   0.2639   0.00699   0.00105  -0.0815   0.7566   0.7079  17.8975 140.2413
   0.000   0.3700   0.00724   0.00110  -0.0796   0.7021   0.7482  21.3681 142.7523
   1.000   0.4743   0.00757   0.00114  -0.0774   0.6452   0.7827  24.9955 144.9264
   2.000   0.5765   0.00793   0.00120  -0.0751   0.5847   0.8144  28.8489 146.9271
   4.000   0.7715   0.00890   0.00136  -0.0689   0.4581   0.8810  36.9386 151.1855
   5.000   0.8572   0.00945   0.00142  -0.0634   0.3945   0.9423  41.0194 155.2078
   6.000   0.9701   0.01043   0.00166  -0.0648   0.3251   1.0000  45.5142 160.0000
   7.000   1.0609   0.01173   0.00205  -0.0616   0.2590   1.0000  49.8509 160.0000
   8.000   1.1437   0.01329   0.00258  -0.0572   0.1965   1.0000  54.0501 160.0000
   9.000   1.2144   0.01502   0.00320  -0.0506   0.1452   1.0000  57.6172 160.0000
  10.000   1.2768   0.01712   0.00406  -0.0432   0.1062   1.0000  60.4942 160.0000
  11.000   1.3284   0.01982   0.00531  -0.0352   0.0760   1.0000  62.9263 160.0000
  12.000   1.3656   0.02356   0.00728  -0.0267   0.0511   1.0000  65.2748 160.0000
  13.000   1.3920   0.02857   0.01026  -0.0192   0.0399   1.0000  66.6008 160.0000
  14.000   1.4075   0.03540   0.01479  -0.0139   0.0343   1.0000  67.3682 160.0000
  15.000   1.4041   0.04548   0.02210  -0.0114   0.0305   1.0000  67.9480 160.0000
