  
       XFOIL         Version 6.99
  
 Calculated polar for: RG 15A 2.5/13.0 AIRFOIL                         
  
 1 1 Reynolds number fixed          Mach number fixed         
  
 xtrf =   1.000 (top)        1.000 (bottom)  
 Mach =   0.000     Re =     1.000 e 6     Ncrit =   9.000  9.000
  
   alpha    CL        CD       CDp       CM     Top_Xtr  Bot_Xtr  Top_Itr  Bot_Itr
  ------ -------- --------- --------- -------- -------- -------- -------- --------
  -6.000  -0.2694   0.00904   0.00155  -0.0863   0.9293   0.0298   6.7820  94.6609
  -5.000  -0.1547   0.00793   0.00100  -0.0871   0.8911   0.0877   9.2839 100.6231
  -4.000  -0.0476   0.00723   0.00065  -0.0862   0.8445   0.1604  12.2816 105.6462
  -3.000   0.0574   0.00659   0.00040  -0.0849   0.7941   0.2802  15.5048 113.3286
  -2.000   0.1609   0.00583   0.00024  -0.0835   0.7418   0.4889  18.8401 126.4295
  -1.000   0.2669   0.00563   0.00032  -0.0821   0.6882   0.6471  22.2544 136.4557
   0.000   0.3748   0.00587   0.00039  -0.0809   0.6324   0.6956  25.8098 139.4741
   1.000   0.4823   0.00620   0.00047  -0.0797   0.5739   0.7265  29.5350 141.3973
   2.000   0.5885   0.00662   0.00057  -0.0784   0.5120   0.7552  33.4866 143.1955
   3.000   0.6934   0.00713   0.00071  -0.0769   0.4497   0.7842  37.4763 145.0167
   4.000   0.7961   0.00770   0.00089  -0.0751   0.3881   0.8145  41.4317 146.9329
   5.000   0.8953   0.00843   0.00113  -0.0728   0.3214   0.8475  45.7527 149.0316
   6.000   0.9872   0.00920   0.00143  -0.0691   0.2592   0.9042  49.8402 152.6873
   7.000   1.0832   0.01020   0.00177  -0.0666   0.1990   1.0000  53.8789 160.0000
   8.000   1.1717   0.01157   0.00227  -0.0630   0.1447   1.0000  57.6564 160.0000
   9.000   1.2511   0.01306   0.00283  -0.0578   0.1043   1.0000  60.6405 160.0000
  10.000   1.3178   0.01475   0.00348  -0.0505   0.0742   1.0000  63.0894 160.0000
  11.000   1.3746   0.01694   0.00440  -0.0423   0.0469   1.0000  65.7405 160.0000
  12.000   1.4196   0.01982   0.00579  -0.0335   0.0312   1.0000  67.8335 160.0000
  13.000   1.4614   0.02317   0.00757  -0.0258   0.0264   1.0000  68.6497 160.0000
  14.000   1.4935   0.02768   0.01020  -0.0191   0.0233   1.0000  69.2209 160.0000
  15.000   1.5160   0.03376   0.01404  -0.0141   0.0210   1.0000  69.6993 160.0000
