  
       XFOIL         Version 6.99
  
 Calculated polar for: Rhode St. Genese 30                             
  
 1 1 Reynolds number fixed          Mach number fixed         
  
 xtrf =   1.000 (top)        1.000 (bottom)  
 Mach =   0.000     Re =     1.000 e 6     Ncrit =   9.000  9.000
  
   alpha    CL        CD       CDp       CM     Top_Xtr  Bot_Xtr  Top_Itr  Bot_Itr
  ------ -------- --------- --------- -------- -------- -------- -------- --------
  -6.000  -0.1405   0.00971   0.00236  -0.0735   0.8521   0.0107  12.3167  87.6677
  -5.000  -0.0364   0.00858   0.00145  -0.0712   0.8107   0.0138  15.1182  88.5712
  -4.000   0.0708   0.00847   0.00145  -0.0696   0.7532   0.0394  18.9097  94.9209
  -3.000   0.1817   0.00986   0.00233  -0.0689   0.6834   0.0462  23.5101  95.9339
  -2.000   0.2824   0.00893   0.00159  -0.0666   0.5987   0.0499  29.0663  96.3082
  -1.000   0.3768   0.00934   0.00121  -0.0632   0.3979   0.0515  42.3190  96.4718
   0.000   0.4808   0.00933   0.00094  -0.0617   0.3482   0.0546  45.5343  96.7695
   1.000   0.5868   0.00942   0.00084  -0.0606   0.3236   0.0569  47.1144  96.9907
   2.000   0.6933   0.00952   0.00082  -0.0597   0.3056   0.0673  48.2787  97.7347
   3.000   0.8303   0.00800   0.00116  -0.0667   0.2795   1.0000  49.9877 160.0000
   4.000   0.9144   0.00963   0.00169  -0.0620   0.1356   1.0000  60.1717 160.0000
   5.000   0.9967   0.01160   0.00266  -0.0572   0.0425   1.0000  67.2764 160.0000
   6.000   1.0866   0.01293   0.00338  -0.0539   0.0373   1.0000  67.7296 160.0000
   7.000   1.1728   0.01436   0.00420  -0.0502   0.0330   1.0000  68.1217 160.0000
   8.000   1.2567   0.01571   0.00485  -0.0466   0.0269   1.0000  68.7702 160.0000
   9.000   1.3371   0.01696   0.00513  -0.0427   0.0151   1.0000  70.4100 160.0000
  10.000   1.3755   0.01981   0.00638  -0.0320   0.0084   1.0000  72.0735 160.0000
  11.000   1.4078   0.02352   0.00847  -0.0231   0.0065   1.0000  72.7954 160.0000
  12.000   1.4200   0.02967   0.01242  -0.0157   0.0056   1.0000  73.2209 160.0000
  13.000   1.4251   0.03826   0.01861  -0.0123   0.0050   1.0000  73.5564 160.0000
  14.000   1.4069   0.05164   0.02915  -0.0133   0.0045   1.0000  73.7793 160.0000
  15.000   1.3563   0.07209   0.04650  -0.0192   0.0043   1.0000  73.9242 160.0000
