  
       XFOIL         Version 6.99
  
 Calculated polar for: Rhode St. Genese 34                             
  
 1 1 Reynolds number fixed          Mach number fixed         
  
 xtrf =   1.000 (top)        1.000 (bottom)  
 Mach =   0.000     Re =     1.000 e 6     Ncrit =   9.000  9.000
  
   alpha    CL        CD       CDp       CM     Top_Xtr  Bot_Xtr  Top_Itr  Bot_Itr
  ------ -------- --------- --------- -------- -------- -------- -------- --------
  -6.000   0.0628   0.00978   0.00188  -0.0961   0.6627   0.0394  21.7799 102.3900
  -5.000   0.1617   0.00952   0.00139  -0.0926   0.5950   0.0427  25.5238 103.0639
  -3.000   0.3440   0.01022   0.00114  -0.0835   0.3521   0.0586  39.0726 105.6897
  -2.000   0.4448   0.01017   0.00100  -0.0809   0.3309   0.0751  40.1848 107.8332
  -1.000   0.5432   0.01014   0.00104  -0.0781   0.3171   0.1644  40.9182 115.4863
   0.000   0.6432   0.01010   0.00107  -0.0757   0.3106   0.2431  41.2708 119.8852
   1.000   0.8011   0.00909   0.00168  -0.0865   0.2997   0.9895  41.8674 158.9201
   2.000   0.9320   0.00956   0.00189  -0.0913   0.2925   1.0000  42.2726 160.0000
   3.000   1.0133   0.01004   0.00195  -0.0856   0.2840   1.0000  42.7653 160.0000
   4.000   1.0957   0.01055   0.00198  -0.0804   0.2764   1.0000  43.2179 160.0000
   5.000   1.1697   0.01110   0.00189  -0.0736   0.2661   1.0000  43.8519 160.0000
   6.000   1.2491   0.01173   0.00181  -0.0685   0.2531   1.0000  44.6934 160.0000
   7.000   1.3211   0.01290   0.00186  -0.0630   0.2130   1.0000  47.5709 160.0000
   8.000   1.3486   0.01672   0.00339  -0.0523   0.1189   1.0000  54.8001 160.0000
   9.000   1.4104   0.01918   0.00434  -0.0478   0.1000   1.0000  56.3442 160.0000
  10.000   1.4399   0.02403   0.00676  -0.0411   0.0559   1.0000  61.7843 160.0000
  11.000   1.4789   0.02866   0.00932  -0.0368   0.0518   1.0000  62.4436 160.0000
  12.000   1.4968   0.03553   0.01357  -0.0326   0.0481   1.0000  63.0476 160.0000
  13.000   1.5145   0.04353   0.01883  -0.0307   0.0461   1.0000  63.3953 160.0000
  14.000   1.5046   0.05564   0.02759  -0.0303   0.0441   1.0000  63.7369 160.0000
  15.000   1.4531   0.07448   0.04264  -0.0325   0.0425   1.0000  64.0130 160.0000
