  
       XFOIL         Version 6.99
  
 Calculated polar for: Rhode St. Genese 32                             
  
 1 1 Reynolds number fixed          Mach number fixed         
  
 xtrf =   1.000 (top)        1.000 (bottom)  
 Mach =   0.000     Re =     0.500 e 6     Ncrit =   9.000  9.000
  
   alpha    CL        CD       CDp       CM     Top_Xtr  Bot_Xtr  Top_Itr  Bot_Itr
  ------ -------- --------- --------- -------- -------- -------- -------- --------
  -6.000  -0.0247   0.01435   0.00580  -0.0887   0.8074   0.0575  14.3005 101.7206
  -5.000   0.0774   0.01274   0.00380  -0.0857   0.7509   0.0598  17.7648 101.9665
  -4.000   0.1746   0.01097   0.00233  -0.0822   0.6752   0.0642  22.3919 102.3851
  -3.000   0.2635   0.01090   0.00157  -0.0770   0.5106   0.0693  32.3754 102.8562
  -2.000   0.3502   0.01136   0.00136  -0.0720   0.3696   0.0769  41.0599 103.5251
  -1.000   0.4497   0.01125   0.00134  -0.0694   0.3516   0.1573  42.1093 109.6414
   0.000   0.5922   0.00972   0.00185  -0.0766   0.3376   0.9814  42.9296 158.0923
   1.000   0.7188   0.01028   0.00211  -0.0802   0.3285   1.0000  43.4681 160.0000
   2.000   0.8084   0.01106   0.00241  -0.0760   0.3201   1.0000  43.9660 160.0000
   3.000   0.9025   0.01162   0.00269  -0.0728   0.3145   1.0000  44.2907 160.0000
   4.000   0.9943   0.01234   0.00289  -0.0694   0.3034   1.0000  44.9382 160.0000
   5.000   1.0867   0.01283   0.00304  -0.0663   0.2943   1.0000  45.4795 160.0000
   6.000   1.1750   0.01336   0.00302  -0.0626   0.2801   1.0000  46.3404 160.0000
   7.000   1.2574   0.01383   0.00280  -0.0580   0.2579   1.0000  47.8060 160.0000
   8.000   1.3033   0.01605   0.00322  -0.0481   0.1524   1.0000  55.7695 160.0000
   9.000   1.3525   0.01877   0.00441  -0.0401   0.1118   1.0000  58.4938 160.0000
  10.000   1.3774   0.02328   0.00665  -0.0310   0.0577   1.0000  63.4470 160.0000
  11.000   1.3992   0.02871   0.01000  -0.0242   0.0493   1.0000  64.3888 160.0000
  12.000   1.3979   0.03734   0.01595  -0.0193   0.0433   1.0000  65.1024 160.0000
  13.000   1.3980   0.04768   0.02362  -0.0182   0.0382   1.0000  65.7989 160.0000
  14.000   1.3810   0.06171   0.03471  -0.0199   0.0337   1.0000  66.5074 160.0000
  15.000   1.3492   0.07920   0.04927  -0.0240   0.0300   1.0000  67.1417 160.0000
