  
       XFOIL         Version 6.99
  
 Calculated polar for: S1012                                           
  
 1 1 Reynolds number fixed          Mach number fixed         
  
 xtrf =   1.000 (top)        1.000 (bottom)  
 Mach =   0.000     Re =     0.500 e 6     Ncrit =   9.000  9.000
  
   alpha    CL        CD       CDp       CM     Top_Xtr  Bot_Xtr  Top_Itr  Bot_Itr
  ------ -------- --------- --------- -------- -------- -------- -------- --------
  -6.000  -0.5849   0.01226   0.00284  -0.0173   0.8966   0.1064   8.7200 101.6712
  -5.000  -0.4884   0.01129   0.00248  -0.0152   0.8883   0.1480   9.2550 104.5248
  -4.000  -0.3926   0.01020   0.00222  -0.0129   0.8802   0.2432   9.7706 110.6768
  -3.000  -0.3112   0.00825   0.00193  -0.0084   0.8723   0.5431  10.2775 129.5575
  -2.000  -0.2145   0.00798   0.00266  -0.0048   0.8641   0.7614  10.8014 143.7083
  -1.000  -0.1055   0.00836   0.00310  -0.0034   0.8523   0.7984  11.5552 146.0451
   0.000   0.0000   0.00818   0.00291  -0.0000   0.8218   0.8218  13.4860 147.5140
   1.000   0.1055   0.00836   0.00310   0.0034   0.7984   0.8523  14.9552 149.4447
   2.000   0.2145   0.00798   0.00266   0.0048   0.7614   0.8641  17.2917 150.1986
   3.000   0.3112   0.00825   0.00193   0.0084   0.5431   0.8723  31.4430 150.7225
   4.000   0.3926   0.01020   0.00222   0.0129   0.2432   0.8802  50.3233 151.2294
   5.000   0.4884   0.01129   0.00248   0.0152   0.1480   0.8883  56.4753 151.7450
   6.000   0.5850   0.01226   0.00284   0.0173   0.1064   0.8966  59.3289 152.2801
   7.000   0.6784   0.01342   0.00334   0.0200   0.0819   0.9067  61.1756 152.9320
   8.000   0.7677   0.01455   0.00385   0.0234   0.0653   0.9201  62.5988 153.8011
   9.000   0.8482   0.01600   0.00450   0.0281   0.0528   0.9406  63.8228 155.1516
  10.000   0.9435   0.01818   0.00572   0.0288   0.0420   0.9769  65.0735 157.7506
  11.000   1.0300   0.02071   0.00720   0.0299   0.0345   1.0000  66.1347 160.0000
  12.000   1.0841   0.02373   0.00884   0.0362   0.0295   1.0000  66.9311 160.0000
  13.000   1.1301   0.02746   0.01129   0.0424   0.0263   1.0000  67.5432 160.0000
  14.000   1.1511   0.03342   0.01530   0.0487   0.0237   1.0000  68.0296 160.0000
  15.000   1.1642   0.04042   0.02076   0.0527   0.0221   1.0000  68.4101 160.0000
