  
       XFOIL         Version 6.99
  
 Calculated polar for: S1016                                           
  
 1 1 Reynolds number fixed          Mach number fixed         
  
 xtrf =   1.000 (top)        1.000 (bottom)  
 Mach =   0.000     Re =     1.000 e 6     Ncrit =   9.000  9.000
  
   alpha    CL        CD       CDp       CM     Top_Xtr  Bot_Xtr  Top_Itr  Bot_Itr
  ------ -------- --------- --------- -------- -------- -------- -------- --------
  -6.000  -0.5133   0.01131   0.00164  -0.0273   0.8217   0.2267  13.0643 112.9586
  -5.000  -0.4513   0.01008   0.00187  -0.0195   0.8179   0.3032  13.2867 117.4205
  -4.000  -0.4014   0.00910   0.00219  -0.0086   0.8125   0.4158  13.6039 123.8427
  -3.000  -0.3368   0.00774   0.00207  -0.0003   0.8072   0.5974  13.9135 134.2285
  -2.000  -0.2384   0.00726   0.00244   0.0022   0.7990   0.7377  14.3930 142.8639
  -1.000  -0.1196   0.00728   0.00241   0.0013   0.7889   0.7620  14.9905 144.3880
   0.000   0.0000   0.00721   0.00247  -0.0000   0.7768   0.7768  15.7121 145.2876
   1.000   0.1196   0.00728   0.00241  -0.0013   0.7620   0.7888  16.6121 146.0088
   2.000   0.2384   0.00726   0.00244  -0.0022   0.7377   0.7990  18.1362 146.6070
   3.000   0.3368   0.00774   0.00207   0.0003   0.5974   0.8072  26.7745 147.0864
   4.000   0.4014   0.00910   0.00219   0.0086   0.4158   0.8125  37.1577 147.3961
   5.000   0.4514   0.01008   0.00188   0.0195   0.3032   0.8179  43.5812 147.7133
   6.000   0.5134   0.01131   0.00164   0.0273   0.2267   0.8217  48.0426 147.9357
   7.000   0.5872   0.01233   0.00154   0.0326   0.1757   0.8247  51.1423 148.1137
   8.000   0.6643   0.01342   0.00154   0.0370   0.1407   0.8278  53.4108 148.2973
   9.000   0.7415   0.01464   0.00160   0.0412   0.1147   0.8304  55.2503 148.4533
  10.000   0.8158   0.01609   0.00177   0.0454   0.0928   0.8332  56.9766 148.6175
  11.000   0.8899   0.01762   0.00201   0.0492   0.0770   0.8362  58.4300 148.7973
  12.000   0.9582   0.01952   0.00245   0.0534   0.0641   0.8385  59.7854 148.9357
  13.000   1.0211   0.02174   0.00314   0.0577   0.0539   0.8414  61.0151 149.1040
  14.000   1.0802   0.02428   0.00408   0.0618   0.0464   0.8452  62.0866 149.3313
  15.000   1.1322   0.02749   0.00546   0.0659   0.0399   0.8490  63.1245 149.5607
