  
       XFOIL         Version 6.99
  
 Calculated polar for: SOMERS S102 AIRFOIL (SHARP)                     
  
 1 1 Reynolds number fixed          Mach number fixed         
  
 xtrf =   1.000 (top)        1.000 (bottom)  
 Mach =   0.000     Re =     1.000 e 6     Ncrit =   9.000  9.000
  
   alpha    CL        CD       CDp       CM     Top_Xtr  Bot_Xtr  Top_Itr  Bot_Itr
  ------ -------- --------- --------- -------- -------- -------- -------- --------
  -6.000  -0.2966   0.01200   0.00247  -0.0771   0.7561   0.0072  17.7536  87.8456
  -5.000  -0.1984   0.01038   0.00165  -0.0759   0.7341   0.0091  19.1212  88.6254
  -3.000   0.0129   0.00650   0.00070  -0.0778   0.7043   0.5733  20.9753 131.4644
  -2.000   0.1299   0.00719   0.00147  -0.0784   0.6939   0.6114  21.6298 133.8460
  -1.000   0.2468   0.00717   0.00134  -0.0798   0.6807   0.6136  22.4511 133.9846
   0.000   0.3618   0.00703   0.00119  -0.0807   0.6606   0.6170  23.7145 134.1951
   1.000   0.4760   0.00703   0.00108  -0.0815   0.6369   0.6198  25.2068 134.3703
   2.000   0.5895   0.00710   0.00098  -0.0822   0.6096   0.6230  26.9378 134.5682
   3.000   0.7000   0.00731   0.00089  -0.0823   0.5529   0.6267  30.6043 134.7991
   4.000   0.7717   0.00999   0.00164  -0.0759   0.2393   0.6296  50.8177 134.9776
   5.000   0.8634   0.01116   0.00209  -0.0730   0.1607   0.6341  55.9286 135.2575
   6.000   0.9584   0.01201   0.00244  -0.0707   0.1378   0.6387  57.4756 135.5431
   7.000   1.0485   0.01293   0.00280  -0.0674   0.1246   0.6440  58.3921 135.8724
   8.000   1.1241   0.01395   0.00316  -0.0616   0.1142   0.6500  59.1366 136.2433
   9.000   1.1968   0.01523   0.00361  -0.0557   0.1039   0.6571  59.8977 136.6876
  10.000   1.2721   0.01650   0.00406  -0.0509   0.0958   0.6655  60.5354 137.2058
  11.000   1.3412   0.01817   0.00466  -0.0457   0.0846   0.6765  61.4655 137.8938
  12.000   1.4037   0.02039   0.00555  -0.0405   0.0708   0.6923  62.7130 138.8846
  13.000   1.4547   0.02363   0.00709  -0.0351   0.0514   0.7159  64.7594 140.3734
  14.000   1.4934   0.02812   0.00964  -0.0297   0.0337   0.7658  67.1162 143.5400
  15.000   1.5234   0.03328   0.01298  -0.0247   0.0221   1.0000  69.2641 160.0000
