  
       XFOIL         Version 6.99
  
 Calculated polar for: S1223                                           
  
 1 1 Reynolds number fixed          Mach number fixed         
  
 xtrf =   1.000 (top)        1.000 (bottom)  
 Mach =   0.000     Re =     0.500 e 6     Ncrit =   9.000  9.000
  
   alpha    CL        CD       CDp       CM     Top_Xtr  Bot_Xtr  Top_Itr  Bot_Itr
  ------ -------- --------- --------- -------- -------- -------- -------- --------
  -6.000   0.1532   0.08027   0.06544  -0.0978   0.9017   0.0189  11.7374  95.0159
  -5.000   0.2701   0.06667   0.05369  -0.1161   0.8371   0.0203  15.7227  95.4311
  -4.000   0.3326   0.05404   0.04036  -0.1323   0.6279   0.0224  26.8128  96.0156
  -3.000   0.3755   0.04798   0.03627  -0.1316   0.5386   0.0239  31.3340  96.3937
  -2.000   0.8803   0.01501   0.00369  -0.2535   0.4755   0.0261  34.5167  96.9494
  -1.000   1.0307   0.01398   0.00238  -0.2616   0.4435   0.0334  36.1536  98.5752
   0.000   1.1778   0.01372   0.00193  -0.2690   0.4209   0.1715  37.3331 110.7636
   1.000   1.2896   0.01446   0.00227  -0.2685   0.4042   0.2936  38.2177 116.9994
   2.000   1.4023   0.01530   0.00252  -0.2682   0.3897   0.3516  38.9919 119.9657
   3.000   1.5151   0.01594   0.00282  -0.2680   0.3800   0.4507  39.5245 125.1195
   4.000   1.6296   0.01691   0.00327  -0.2685   0.3695   0.6529  40.0995 135.8773
   6.000   1.8253   0.01880   0.00392  -0.2623   0.3513   1.0000  41.1188 160.0000
   7.000   1.9162   0.01997   0.00411  -0.2581   0.3411   1.0000  41.7058 160.0000
   8.000   2.0068   0.02144   0.00438  -0.2541   0.3307   1.0000  42.3012 160.0000
   9.000   2.0887   0.02312   0.00454  -0.2487   0.3179   1.0000  43.0456 160.0000
  10.000   2.1580   0.02489   0.00474  -0.2411   0.3028   1.0000  43.9418 160.0000
  11.000   2.2262   0.02699   0.00509  -0.2338   0.2880   1.0000  44.8672 160.0000
  12.000   2.2862   0.02976   0.00571  -0.2258   0.2690   1.0000  46.1016 160.0000
  13.000   2.3311   0.03386   0.00703  -0.2165   0.2411   1.0000  47.9911 160.0000
  14.000   2.3503   0.04070   0.01017  -0.2056   0.2025   1.0000  50.6962 160.0000
  15.000   2.3297   0.05277   0.01725  -0.1943   0.1651   1.0000  53.4197 160.0000
