  
       XFOIL         Version 6.99
  
 Calculated polar for: S1223 RTL                                       
  
 1 1 Reynolds number fixed          Mach number fixed         
  
 xtrf =   1.000 (top)        1.000 (bottom)  
 Mach =   0.000     Re =     0.500 e 6     Ncrit =   9.000  9.000
  
   alpha    CL        CD       CDp       CM     Top_Xtr  Bot_Xtr  Top_Itr  Bot_Itr
  ------ -------- --------- --------- -------- -------- -------- -------- --------
  -6.000   0.2698   0.06132   0.04310  -0.1173   0.4170   0.0246  37.0368  96.9886
  -5.000   0.2654   0.05557   0.04042  -0.1066   0.3941   0.0254  38.1749  97.1841
  -4.000   0.2751   0.05683   0.04332  -0.1136   0.3850   0.0268  38.6338  97.5513
  -3.000   0.6954   0.01678   0.00504  -0.2306   0.3618   0.0258  39.8114  97.2968
  -2.000   0.8361   0.01550   0.00346  -0.2366   0.3479   0.0315  40.5319  98.6454
  -1.000   0.9715   0.01519   0.00290  -0.2413   0.3360   0.0448  41.1554 101.2153
   0.000   1.1040   0.01506   0.00296  -0.2457   0.3259   0.2751  41.7008 116.9941
   1.000   1.2138   0.01592   0.00346  -0.2448   0.3175   0.3645  42.1598 121.4327
   2.000   1.3202   0.01661   0.00377  -0.2432   0.3095   0.4224  42.6034 124.3846
   3.000   1.4287   0.01778   0.00426  -0.2423   0.3017   0.4812  43.0450 127.4664
   4.000   1.5297   0.01859   0.00467  -0.2399   0.2954   0.5419  43.4078 130.7324
   5.000   1.6304   0.01965   0.00508  -0.2378   0.2889   0.6187  43.7878 134.9649
   6.000   1.7274   0.02061   0.00569  -0.2350   0.2829   1.0000  44.1498 160.0000
   7.000   1.8191   0.02189   0.00606  -0.2314   0.2769   1.0000  44.5139 160.0000
   8.000   1.9107   0.02350   0.00642  -0.2281   0.2711   1.0000  44.8717 160.0000
   9.000   1.9981   0.02531   0.00700  -0.2242   0.2656   1.0000  45.2169 160.0000
  10.000   2.0777   0.02715   0.00751  -0.2191   0.2603   1.0000  45.5593 160.0000
  11.000   2.1596   0.02941   0.00790  -0.2150   0.2542   1.0000  45.9525 160.0000
  12.000   2.2267   0.03203   0.00882  -0.2087   0.2498   1.0000  46.2477 160.0000
  13.000   2.2861   0.03489   0.00961  -0.2017   0.2444   1.0000  46.6137 160.0000
  14.000   2.3483   0.03833   0.01030  -0.1959   0.2381   1.0000  47.0351 160.0000
  15.000   2.3734   0.04296   0.01214  -0.1860   0.2313   1.0000  47.5190 160.0000
