  
       XFOIL         Version 6.99
  
 Calculated polar for: S2027                                           
  
 1 1 Reynolds number fixed          Mach number fixed         
  
 xtrf =   1.000 (top)        1.000 (bottom)  
 Mach =   0.000     Re =     0.500 e 6     Ncrit =   9.000  9.000
  
   alpha    CL        CD       CDp       CM     Top_Xtr  Bot_Xtr  Top_Itr  Bot_Itr
  ------ -------- --------- --------- -------- -------- -------- -------- --------
  -6.000  -0.3426   0.01386   0.00368  -0.0596   0.7987   0.0221  15.3772  92.1252
  -5.000  -0.2424   0.01192   0.00234  -0.0579   0.7656   0.0261  17.5787  92.7819
  -4.000  -0.1396   0.00996   0.00135  -0.0567   0.7326   0.1325  19.7728 101.7244
  -3.000  -0.0363   0.00823   0.00093  -0.0562   0.6998   0.4258  21.9595 121.3662
  -2.000   0.0739   0.00783   0.00103  -0.0559   0.6666   0.5787  24.1800 131.4462
  -1.000   0.1867   0.00784   0.00108  -0.0558   0.6334   0.6425  26.3978 135.5982
   0.000   0.2994   0.00792   0.00112  -0.0558   0.6009   0.6900  28.5769 138.6900
   1.000   0.4113   0.00804   0.00118  -0.0558   0.5691   0.7342  30.7085 141.5778
   2.000   0.5218   0.00821   0.00126  -0.0555   0.5377   0.7829  32.8154 144.7635
   3.000   0.6287   0.00840   0.00137  -0.0545   0.5061   0.8453  34.9299 148.8626
   4.000   0.7300   0.00859   0.00145  -0.0520   0.4743   0.9454  37.0696 155.5219
   5.000   0.8621   0.00911   0.00156  -0.0572   0.4383   1.0000  39.5003 160.0000
   6.000   0.9643   0.00985   0.00174  -0.0562   0.4032   1.0000  41.8810 160.0000
   7.000   1.0648   0.01071   0.00201  -0.0550   0.3671   1.0000  44.3277 160.0000
   8.000   1.1595   0.01179   0.00232  -0.0529   0.3264   1.0000  47.1079 160.0000
   9.000   1.2457   0.01312   0.00268  -0.0497   0.2776   1.0000  50.4684 160.0000
  10.000   1.3099   0.01499   0.00318  -0.0431   0.2207   1.0000  54.4488 160.0000
  11.000   1.3430   0.01809   0.00426  -0.0332   0.1569   1.0000  59.0673 160.0000
  12.000   1.3544   0.02346   0.00698  -0.0241   0.0910   1.0000  64.1515 160.0000
  13.000   1.3526   0.03132   0.01182  -0.0178   0.0469   1.0000  68.0685 160.0000
  14.000   1.3372   0.04222   0.01940  -0.0147   0.0218   1.0000  71.2662 160.0000
  15.000   1.3207   0.05542   0.02942  -0.0151   0.0152   1.0000  72.6057 160.0000
