  
       XFOIL         Version 6.99
  
 Calculated polar for: S2027                                           
  
 1 1 Reynolds number fixed          Mach number fixed         
  
 xtrf =   1.000 (top)        1.000 (bottom)  
 Mach =   0.000     Re =     1.000 e 6     Ncrit =   9.000  9.000
  
   alpha    CL        CD       CDp       CM     Top_Xtr  Bot_Xtr  Top_Itr  Bot_Itr
  ------ -------- --------- --------- -------- -------- -------- -------- --------
  -6.000  -0.3571   0.01146   0.00274  -0.0566   0.7484   0.0154  18.7227  90.7259
  -5.000  -0.2510   0.01006   0.00169  -0.0558   0.7158   0.0176  20.8940  91.2233
  -4.000  -0.1406   0.00920   0.00108  -0.0556   0.6830   0.0222  23.0820  92.1453
  -3.000  -0.0349   0.00738   0.00045  -0.0555   0.6503   0.2644  25.2680 110.6588
  -2.000   0.0758   0.00653   0.00030  -0.0558   0.6177   0.4659  27.4516 124.0203
  -1.000   0.1893   0.00632   0.00037  -0.0562   0.5855   0.5825  29.6046 131.6909
   0.000   0.3040   0.00640   0.00042  -0.0568   0.5543   0.6323  31.6997 134.9400
   1.000   0.4182   0.00653   0.00050  -0.0573   0.5239   0.6737  33.7413 137.6280
   2.000   0.5316   0.00672   0.00060  -0.0578   0.4933   0.7148  35.7901 140.3064
   3.000   0.6436   0.00694   0.00072  -0.0580   0.4623   0.7635  37.8834 143.4935
   4.000   0.7529   0.00719   0.00088  -0.0577   0.4301   0.8297  40.0561 147.8349
   5.000   0.8535   0.00741   0.00104  -0.0555   0.3973   0.9386  42.2787 155.0574
   6.000   0.9762   0.00802   0.00122  -0.0586   0.3602   1.0000  44.8008 160.0000
   7.000   1.0798   0.00880   0.00146  -0.0579   0.3232   1.0000  47.3323 160.0000
   8.000   1.1769   0.00992   0.00180  -0.0563   0.2713   1.0000  50.9091 160.0000
   9.000   1.2663   0.01132   0.00227  -0.0536   0.2163   1.0000  54.7660 160.0000
  10.000   1.3323   0.01350   0.00304  -0.0474   0.1451   1.0000  59.9432 160.0000
  11.000   1.3541   0.01676   0.00425  -0.0350   0.0785   1.0000  65.1854 160.0000
  12.000   1.3737   0.02127   0.00647  -0.0257   0.0395   1.0000  68.8626 160.0000
  13.000   1.3842   0.02770   0.01019  -0.0190   0.0157   1.0000  72.4979 160.0000
  14.000   1.3927   0.03571   0.01535  -0.0152   0.0095   1.0000  74.2495 160.0000
  15.000   1.3931   0.04593   0.02259  -0.0139   0.0078   1.0000  74.8848 160.0000
