  
       XFOIL         Version 6.99
  
 Calculated polar for: S2046                                           
  
 1 1 Reynolds number fixed          Mach number fixed         
  
 xtrf =   1.000 (top)        1.000 (bottom)  
 Mach =   0.000     Re =     1.000 e 6     Ncrit =   9.000  9.000
  
   alpha    CL        CD       CDp       CM     Top_Xtr  Bot_Xtr  Top_Itr  Bot_Itr
  ------ -------- --------- --------- -------- -------- -------- -------- --------
  -6.000  -0.2866   0.00990   0.00263  -0.0923   0.9697   0.0142   3.7956  89.3678
  -5.000  -0.1707   0.00846   0.00153  -0.0931   0.9464   0.0168   5.4449  89.9591
  -4.000  -0.0605   0.00725   0.00080  -0.0924   0.9151   0.0494   7.6366  94.0764
  -3.000   0.0497   0.00668   0.00051  -0.0916   0.8767   0.1022  10.3312  98.1029
  -2.000   0.1611   0.00586   0.00023  -0.0914   0.8374   0.2628  13.0596 109.0639
  -1.000   0.2729   0.00514   0.00018  -0.0914   0.7961   0.5164  15.8692 126.2301
   0.000   0.3848   0.00512   0.00022  -0.0908   0.7471   0.6037  19.2220 132.0802
   1.000   0.4956   0.00527   0.00029  -0.0900   0.6816   0.6778  23.6986 137.0762
   2.000   0.6027   0.00580   0.00043  -0.0886   0.5621   0.7447  31.8694 141.6152
   3.000   0.7058   0.00686   0.00076  -0.0869   0.3904   0.8082  43.5901 145.9765
   4.000   0.8074   0.00745   0.00106  -0.0846   0.2837   1.0000  50.8892 160.0000
   5.000   0.9123   0.00872   0.00152  -0.0836   0.1784   1.0000  58.2442 160.0000
   6.000   1.0125   0.01050   0.00234  -0.0819   0.0770   1.0000  65.7386 160.0000
   7.000   1.1142   0.01192   0.00314  -0.0803   0.0479   1.0000  68.1835 160.0000
   8.000   1.2140   0.01338   0.00400  -0.0784   0.0358   1.0000  69.4008 160.0000
   9.000   1.3101   0.01503   0.00501  -0.0761   0.0280   1.0000  70.3246 160.0000
  10.000   1.4015   0.01691   0.00616  -0.0733   0.0219   1.0000  71.2065 160.0000
  11.000   1.4872   0.01897   0.00740  -0.0697   0.0164   1.0000  72.2038 160.0000
  12.000   1.5626   0.02147   0.00890  -0.0649   0.0113   1.0000  73.4372 160.0000
  13.000   1.6054   0.02503   0.01116  -0.0555   0.0087   1.0000  74.2295 160.0000
  14.000   1.6300   0.02966   0.01431  -0.0459   0.0075   1.0000  74.7061 160.0000
  15.000   1.6187   0.03870   0.02104  -0.0383   0.0066   1.0000  75.0487 160.0000
