  
       XFOIL         Version 6.99
  
 Calculated polar for: S2050 8.93%                                     
  
 1 1 Reynolds number fixed          Mach number fixed         
  
 xtrf =   1.000 (top)        1.000 (bottom)  
 Mach =   0.000     Re =     0.500 e 6     Ncrit =   9.000  9.000
  
   alpha    CL        CD       CDp       CM     Top_Xtr  Bot_Xtr  Top_Itr  Bot_Itr
  ------ -------- --------- --------- -------- -------- -------- -------- --------
  -6.000  -0.5410   0.01309   0.00317  -0.0341   1.0000   0.0136   1.0000  88.3067
  -5.000  -0.4435   0.01085   0.00188  -0.0319   1.0000   0.0247   1.0000  90.3258
  -4.000  -0.3247   0.00964   0.00150  -0.0344   0.9957   0.0904   1.5689  96.0818
  -3.000  -0.1720   0.00831   0.00120  -0.0441   0.9827   0.2419   2.8712 106.7321
  -2.000  -0.0280   0.00641   0.00108  -0.0517   0.9635   0.6382   4.3591 134.0277
  -1.000   0.1154   0.00591   0.00098  -0.0574   0.9305   0.7283   6.7837 140.1829
   0.000   0.2467   0.00581   0.00082  -0.0603   0.8459   0.7774  12.6742 143.5615
   1.000   0.3514   0.00623   0.00085  -0.0577   0.7388   0.8185  20.0379 146.4023
   2.000   0.4543   0.00670   0.00089  -0.0551   0.6300   0.8559  27.5124 148.9959
   3.000   0.5526   0.00732   0.00097  -0.0518   0.5027   0.8959  36.2801 151.7907
   4.000   0.6467   0.00809   0.00102  -0.0479   0.3609   0.9715  46.0825 157.2507
   5.000   0.7568   0.00977   0.00147  -0.0489   0.1920   1.0000  57.9095 160.0000
   6.000   0.8581   0.01168   0.00226  -0.0479   0.0777   1.0000  66.3247 160.0000
   7.000   0.9527   0.01444   0.00370  -0.0453   0.0235   1.0000  71.4274 160.0000
   8.000   1.0396   0.01795   0.00593  -0.0414   0.0188   1.0000  72.1318 160.0000
   9.000   1.1224   0.02199   0.00879  -0.0373   0.0166   1.0000  72.5483 160.0000
  10.000   1.1910   0.02848   0.01343  -0.0323   0.0145   1.0000  72.9304 160.0000
  11.000   1.2248   0.03804   0.02139  -0.0242   0.0135   1.0000  73.1383 160.0000
  12.000   1.1911   0.04853   0.03080  -0.0126   0.0130   1.0000  73.2575 160.0000
  13.000   1.1170   0.06869   0.04983  -0.0181   0.0130   1.0000  73.2688 160.0000
