  
       XFOIL         Version 6.99
  
 Calculated polar for: S2055                                           
  
 1 1 Reynolds number fixed          Mach number fixed         
  
 xtrf =   1.000 (top)        1.000 (bottom)  
 Mach =   0.000     Re =     0.500 e 6     Ncrit =   9.000  9.000
  
   alpha    CL        CD       CDp       CM     Top_Xtr  Bot_Xtr  Top_Itr  Bot_Itr
  ------ -------- --------- --------- -------- -------- -------- -------- --------
   0.000   0.1994   0.00559   0.00092  -0.0414   0.8645   0.9574  11.5148 156.3047
   1.000   0.3536   0.00576   0.00070  -0.0499   0.8195   0.9825  14.7892 158.2154
   2.000   0.5028   0.00590   0.00045  -0.0581   0.7518   0.9981  19.7065 159.7645
   3.000   0.5886   0.00640   0.00038  -0.0531   0.6078   1.0000  30.1810 160.0000
   4.000   0.6530   0.00820   0.00074  -0.0443   0.3427   1.0000  49.4110 160.0000
   5.000   0.7378   0.00968   0.00118  -0.0397   0.2059   1.0000  59.3664 160.0000
   6.000   0.8264   0.01168   0.00191  -0.0363   0.0693   1.0000  69.7117 160.0000
   7.000   0.9133   0.01434   0.00335  -0.0322   0.0270   1.0000  73.3609 160.0000
   8.000   0.9963   0.01738   0.00519  -0.0278   0.0187   1.0000  74.2767 160.0000
   9.000   1.0709   0.02160   0.00772  -0.0225   0.0116   1.0000  75.3677 160.0000
  10.000   1.1305   0.02726   0.01149  -0.0159   0.0077   1.0000  76.1897 160.0000
  11.000   1.1546   0.03452   0.01706  -0.0053   0.0063   1.0000  76.5942 160.0000
  12.000   1.1298   0.04391   0.02494   0.0054   0.0057   1.0000  76.7587 160.0000
  13.000   1.0551   0.06403   0.04375   0.0021   0.0057   1.0000  76.7472 160.0000
  14.000   0.8911   0.12492   0.10912  -0.0356   0.0077   1.0000  76.1984 160.0000
