  
       XFOIL         Version 6.99
  
 Calculated polar for: S2060 8%                                        
  
 1 1 Reynolds number fixed          Mach number fixed         
  
 xtrf =   1.000 (top)        1.000 (bottom)  
 Mach =   0.000     Re =     0.500 e 6     Ncrit =   9.000  9.000
  
   alpha    CL        CD       CDp       CM     Top_Xtr  Bot_Xtr  Top_Itr  Bot_Itr
  ------ -------- --------- --------- -------- -------- -------- -------- --------
   0.000   0.2478   0.00528   0.00084  -0.0592   0.8713   0.9026  10.8278 152.3752
   1.000   0.3846   0.00521   0.00056  -0.0635   0.8140   1.0000  14.8772 160.0000
   2.000   0.4825   0.00558   0.00046  -0.0602   0.7234   1.0000  21.2914 160.0000
   3.000   0.5798   0.00653   0.00048  -0.0569   0.5602   1.0000  32.8217 160.0000
   4.000   0.6742   0.00825   0.00082  -0.0540   0.3297   1.0000  49.1022 160.0000
   5.000   0.7675   0.01060   0.00154  -0.0515   0.1013   1.0000  65.6258 160.0000
   6.000   0.8609   0.01326   0.00279  -0.0484   0.0209   1.0000  72.7303 160.0000
   7.000   0.9492   0.01648   0.00480  -0.0443   0.0180   1.0000  73.1574 160.0000
   8.000   1.0336   0.02112   0.00798  -0.0399   0.0166   1.0000  73.3888 160.0000
   9.000   1.1136   0.02774   0.01305  -0.0354   0.0152   1.0000  73.6221 160.0000
  10.000   1.1321   0.04395   0.02690  -0.0247   0.0169   1.0000  73.3303 160.0000
