  
       XFOIL         Version 6.99
  
 Calculated polar for: S3016-095-87                                    
  
 1 1 Reynolds number fixed          Mach number fixed         
  
 xtrf =   1.000 (top)        1.000 (bottom)  
 Mach =   0.000     Re =     0.500 e 6     Ncrit =   9.000  9.000
  
   alpha    CL        CD       CDp       CM     Top_Xtr  Bot_Xtr  Top_Itr  Bot_Itr
  ------ -------- --------- --------- -------- -------- -------- -------- --------
  -6.000  -0.4130   0.01796   0.00770  -0.0485   0.9441   0.0155   5.6734  88.8047
  -5.000  -0.3250   0.01324   0.00401  -0.0433   0.9123   0.0203   7.9481  89.5391
  -4.000  -0.2284   0.01083   0.00222  -0.0398   0.8840   0.0289   9.9644  90.5929
  -3.000  -0.1252   0.00929   0.00120  -0.0374   0.8562   0.0661  11.9327  93.7773
  -2.000  -0.0239   0.00761   0.00085  -0.0356   0.8267   0.3669  14.0145 115.2010
  -1.000   0.0729   0.00614   0.00080  -0.0321   0.7908   0.7451  16.5382 141.5519
   0.000   0.2191   0.00575   0.00077  -0.0378   0.7491   0.9751  19.4858 157.6562
   1.000   0.3635   0.00587   0.00055  -0.0446   0.6933   1.0000  23.4481 160.0000
   2.000   0.4625   0.00619   0.00049  -0.0418   0.6212   1.0000  28.5705 160.0000
   3.000   0.5620   0.00680   0.00054  -0.0393   0.5292   1.0000  35.0839 160.0000
   5.000   0.7569   0.00897   0.00113  -0.0344   0.3055   1.0000  50.9442 160.0000
   6.000   0.8535   0.01025   0.00163  -0.0320   0.2267   1.0000  56.5676 160.0000
   7.000   0.9489   0.01166   0.00221  -0.0296   0.1643   1.0000  61.0922 160.0000
   8.000   1.0409   0.01332   0.00291  -0.0270   0.1045   1.0000  65.5791 160.0000
   9.000   1.1275   0.01535   0.00383  -0.0237   0.0594   1.0000  69.2172 160.0000
  10.000   1.1959   0.01879   0.00538  -0.0182   0.0130   1.0000  74.4720 160.0000
  11.000   1.2406   0.02290   0.00742  -0.0094   0.0079   1.0000  75.7755 160.0000
  12.000   1.2412   0.02917   0.01114   0.0018   0.0068   1.0000  76.1186 160.0000
  13.000   1.2389   0.03787   0.01737   0.0071   0.0063   1.0000  76.3185 160.0000
  14.000   1.2252   0.05029   0.02743   0.0067   0.0058   1.0000  76.5152 160.0000
  15.000   1.1964   0.06779   0.04285   0.0003   0.0054   1.0000  76.6493 160.0000
