  
       XFOIL         Version 6.99
  
 Calculated polar for: S3014-095-85                                    
  
 1 1 Reynolds number fixed          Mach number fixed         
  
 xtrf =   1.000 (top)        1.000 (bottom)  
 Mach =   0.000     Re =     1.000 e 6     Ncrit =   9.000  9.000
  
   alpha    CL        CD       CDp       CM     Top_Xtr  Bot_Xtr  Top_Itr  Bot_Itr
  ------ -------- --------- --------- -------- -------- -------- -------- --------
  -6.000  -0.3924   0.01252   0.01033  -0.0463   0.8566   0.0146  11.9006  88.9514
  -5.000  -0.3007   0.01330   0.00499  -0.0460   0.8422   0.0156  12.9171  89.1072
  -4.000  -0.1973   0.01010   0.00245  -0.0441   0.8188   0.0163  14.5590  89.2131
  -3.000  -0.0903   0.00847   0.00116  -0.0427   0.7944   0.0187  16.2762  89.5791
  -2.000   0.0203   0.00770   0.00054  -0.0420   0.7654   0.0209  18.3293  89.9140
  -1.000   0.1277   0.00649   0.00016  -0.0411   0.7277   0.2468  20.9957 106.9673
   0.000   0.2284   0.00498   0.00013  -0.0392   0.6825   0.7301  24.2127 140.5640
   1.000   0.3838   0.00472   0.00018  -0.0480   0.6221   0.9946  28.5006 159.3481
   2.000   0.5048   0.00513   0.00020  -0.0502   0.5474   1.0000  33.7889 160.0000
   3.000   0.6060   0.00576   0.00033  -0.0482   0.4600   1.0000  39.9725 160.0000
   4.000   0.7060   0.00663   0.00058  -0.0461   0.3589   1.0000  47.1304 160.0000
   5.000   0.8050   0.00765   0.00093  -0.0440   0.2690   1.0000  53.5250 160.0000
   6.000   0.9028   0.00876   0.00134  -0.0418   0.1958   1.0000  58.7799 160.0000
   7.000   0.9978   0.01013   0.00187  -0.0394   0.1241   1.0000  64.0779 160.0000
   8.000   1.0877   0.01193   0.00264  -0.0364   0.0564   1.0000  69.4836 160.0000
   9.000   1.1644   0.01484   0.00402  -0.0316   0.0063   1.0000  76.4840 160.0000
  10.000   1.2362   0.01767   0.00534  -0.0259   0.0048   1.0000  77.0295 160.0000
  11.000   1.2850   0.02082   0.00694  -0.0171   0.0043   1.0000  77.2629 160.0000
  12.000   1.3036   0.02547   0.00961  -0.0067   0.0040   1.0000  77.4280 160.0000
  13.000   1.3127   0.03235   0.01437  -0.0001   0.0037   1.0000  77.5840 160.0000
  14.000   1.3028   0.04302   0.02257   0.0023   0.0035   1.0000  77.6477 160.0000
  15.000   1.2754   0.05858   0.03559  -0.0008   0.0035   1.0000  77.6727 160.0000
