  
       XFOIL         Version 6.99
  
 Calculated polar for: S3014-095-85                                    
  
 1 1 Reynolds number fixed          Mach number fixed         
  
 xtrf =   1.000 (top)        1.000 (bottom)  
 Mach =   0.000     Re =     0.500 e 6     Ncrit =   9.000  9.000
  
   alpha    CL        CD       CDp       CM     Top_Xtr  Bot_Xtr  Top_Itr  Bot_Itr
  ------ -------- --------- --------- -------- -------- -------- -------- --------
  -5.000  -0.2811   0.01601   0.00654  -0.0519   0.8912   0.0226   9.4534  90.1410
  -4.000  -0.1817   0.01217   0.00333  -0.0487   0.8665   0.0232  11.2037  90.2032
  -3.000  -0.0790   0.01018   0.00179  -0.0462   0.8410   0.0263  13.0011  90.5836
  -2.000   0.0283   0.00905   0.00102  -0.0446   0.8134   0.0558  14.9410  93.2830
  -1.000   0.1271   0.00691   0.00078  -0.0426   0.7806   0.5527  17.2536 128.2526
   0.000   0.2867   0.00584   0.00073  -0.0514   0.7416   0.9934  20.0141 159.1943
   1.000   0.4037   0.00592   0.00056  -0.0524   0.6917   1.0000  23.5580 160.0000
   2.000   0.5044   0.00624   0.00051  -0.0500   0.6302   1.0000  27.9293 160.0000
   3.000   0.6054   0.00678   0.00056  -0.0477   0.5520   1.0000  33.4665 160.0000
   4.000   0.7046   0.00762   0.00074  -0.0453   0.4548   1.0000  40.3378 160.0000
   5.000   0.8010   0.00882   0.00110  -0.0428   0.3437   1.0000  48.2089 160.0000
   6.000   0.8965   0.01016   0.00160  -0.0403   0.2558   1.0000  54.4643 160.0000
   7.000   0.9897   0.01169   0.00218  -0.0377   0.1786   1.0000  60.0286 160.0000
   8.000   1.0793   0.01346   0.00287  -0.0348   0.1102   1.0000  65.1397 160.0000
   9.000   1.1542   0.01638   0.00399  -0.0301   0.0268   1.0000  72.4136 160.0000
  10.000   1.2153   0.01994   0.00562  -0.0232   0.0089   1.0000  75.6295 160.0000
  11.000   1.2366   0.02462   0.00799  -0.0115   0.0076   1.0000  76.0280 160.0000
  12.000   1.2482   0.03089   0.01194  -0.0031   0.0071   1.0000  76.1805 160.0000
  13.000   1.2452   0.04025   0.01868   0.0016   0.0069   1.0000  76.2680 160.0000
  14.000   1.2301   0.05310   0.02888   0.0020   0.0068   1.0000  76.2875 160.0000
  15.000   1.2017   0.07035   0.04388  -0.0029   0.0068   1.0000  76.2993 160.0000
