  
       XFOIL         Version 6.99
  
 Calculated polar for: S4062-095-87                                    
  
 1 1 Reynolds number fixed          Mach number fixed         
  
 xtrf =   1.000 (top)        1.000 (bottom)  
 Mach =   0.000     Re =     0.500 e 6     Ncrit =   9.000  9.000
  
   alpha    CL        CD       CDp       CM     Top_Xtr  Bot_Xtr  Top_Itr  Bot_Itr
  ------ -------- --------- --------- -------- -------- -------- -------- --------
  -6.000  -0.1851   0.02352   0.01326  -0.1039   0.8616   0.0179  11.5361  91.0529
  -4.000   0.0200   0.01106   0.00243  -0.1019   0.8278   0.0181  13.8302  91.0900
  -3.000   0.1308   0.00928   0.00149  -0.1018   0.8116   0.0834  14.9361  97.6793
  -2.000   0.2426   0.00847   0.00131  -0.1021   0.7950   0.2214  16.0753 107.1407
  -1.000   0.3537   0.00760   0.00129  -0.1024   0.7774   0.4732  17.2863 123.8409
   0.000   0.4666   0.00631   0.00131  -0.1018   0.7580   1.0000  18.6193 160.0000
   1.000   0.5775   0.00642   0.00114  -0.1014   0.7307   1.0000  20.5073 160.0000
   2.000   0.6886   0.00661   0.00108  -0.1011   0.7033   1.0000  22.4008 160.0000
   3.000   0.7989   0.00686   0.00104  -0.1008   0.6706   1.0000  24.6645 160.0000
   4.000   0.9072   0.00723   0.00101  -0.1001   0.6252   1.0000  27.8158 160.0000
   5.000   1.0105   0.00792   0.00105  -0.0986   0.5444   1.0000  33.4180 160.0000
   6.000   1.0936   0.01011   0.00165  -0.0942   0.3553   1.0000  46.4747 160.0000
   7.000   1.1738   0.01244   0.00255  -0.0898   0.2259   1.0000  55.4330 160.0000
   9.000   1.3073   0.01737   0.00455  -0.0770   0.0710   1.0000  66.9885 160.0000
  10.000   1.3479   0.02111   0.00633  -0.0676   0.0260   1.0000  71.5756 160.0000
  11.000   1.3824   0.02588   0.00899  -0.0591   0.0179   1.0000  72.9077 160.0000
  12.000   1.4118   0.03161   0.01268  -0.0521   0.0153   1.0000  73.4546 160.0000
  13.000   1.4238   0.03972   0.01833  -0.0461   0.0134   1.0000  73.8889 160.0000
  14.000   1.4292   0.04977   0.02587  -0.0422   0.0122   1.0000  74.2088 160.0000
  15.000   1.4321   0.06146   0.03530  -0.0414   0.0109   1.0000  74.5772 160.0000
