  
       XFOIL         Version 6.99
  
 Calculated polar for: S4061-096-84                                    
  
 1 1 Reynolds number fixed          Mach number fixed         
  
 xtrf =   1.000 (top)        1.000 (bottom)  
 Mach =   0.000     Re =     1.000 e 6     Ncrit =   9.000  9.000
  
   alpha    CL        CD       CDp       CM     Top_Xtr  Bot_Xtr  Top_Itr  Bot_Itr
  ------ -------- --------- --------- -------- -------- -------- -------- --------
  -6.000  -0.2580   0.01444   0.00593  -0.0839   0.8115   0.0085  14.7320  89.0752
  -5.000  -0.1509   0.01091   0.00299  -0.0836   0.7875   0.0098  16.3217  89.4957
  -4.000  -0.0394   0.00923   0.00156  -0.0834   0.7630   0.0112  17.9537  89.9455
  -3.000   0.0739   0.00794   0.00066  -0.0833   0.7379   0.0163  19.6342  91.3015
  -2.000   0.1870   0.00699   0.00033  -0.0836   0.7123   0.1270  21.3437 101.8639
   0.000   0.4126   0.00576   0.00029  -0.0843   0.6565   0.5505  25.0986 129.5040
   1.000   0.5246   0.00489   0.00036  -0.0839   0.6206   1.0000  27.5220 160.0000
   2.000   0.6371   0.00522   0.00040  -0.0839   0.5820   1.0000  30.1270 160.0000
   3.000   0.7489   0.00563   0.00049  -0.0839   0.5376   1.0000  33.1277 160.0000
   4.000   0.8591   0.00621   0.00064  -0.0838   0.4809   1.0000  36.9719 160.0000
   5.000   0.9665   0.00705   0.00090  -0.0833   0.4046   1.0000  42.1616 160.0000
   6.000   1.0660   0.00867   0.00147  -0.0820   0.2713   1.0000  51.3036 160.0000
   7.000   1.1624   0.01040   0.00221  -0.0803   0.1731   1.0000  58.1838 160.0000
   8.000   1.2529   0.01241   0.00312  -0.0777   0.0918   1.0000  64.3086 160.0000
   9.000   1.3329   0.01492   0.00436  -0.0737   0.0319   1.0000  70.0290 160.0000
  10.000   1.3993   0.01780   0.00579  -0.0676   0.0113   1.0000  74.0837 160.0000
  11.000   1.4454   0.02060   0.00724  -0.0586   0.0097   1.0000  74.6141 160.0000
  12.000   1.4641   0.02592   0.01046  -0.0491   0.0085   1.0000  75.0007 160.0000
  13.000   1.4916   0.03172   0.01440  -0.0435   0.0080   1.0000  75.2080 160.0000
  14.000   1.5017   0.04022   0.02060  -0.0396   0.0075   1.0000  75.4375 160.0000
  15.000   1.4975   0.05181   0.02965  -0.0386   0.0070   1.0000  75.6203 160.0000
