  
       XFOIL         Version 6.99
  
 Calculated polar for: S4083 (8%)                                      
  
 1 1 Reynolds number fixed          Mach number fixed         
  
 xtrf =   1.000 (top)        1.000 (bottom)  
 Mach =   0.000     Re =     1.000 e 6     Ncrit =   9.000  9.000
  
   alpha    CL        CD       CDp       CM     Top_Xtr  Bot_Xtr  Top_Itr  Bot_Itr
  ------ -------- --------- --------- -------- -------- -------- -------- --------
  -3.000   0.1212   0.00840   0.00149  -0.0958   0.8604   0.0112  12.1474  88.2064
  -1.000   0.3139   0.00721   0.00005  -0.0878   0.5635   0.1567  33.0220 100.2852
   0.000   0.4127   0.00620   0.00022  -0.0854   0.4993   0.6572  37.5313 135.2123
   1.000   0.5384   0.00583   0.00033  -0.0881   0.4485   1.0000  41.1034 160.0000
   2.000   0.6432   0.00625   0.00043  -0.0863   0.4089   1.0000  43.9006 160.0000
   3.000   0.7485   0.00669   0.00056  -0.0846   0.3751   1.0000  46.2966 160.0000
   4.000   0.8534   0.00718   0.00070  -0.0830   0.3416   1.0000  48.6772 160.0000
   5.000   0.9572   0.00777   0.00087  -0.0813   0.3009   1.0000  51.5873 160.0000
   6.000   1.0576   0.00869   0.00112  -0.0792   0.2358   1.0000  56.3060 160.0000
   7.000   1.1466   0.01077   0.00194  -0.0754   0.1077   1.0000  65.9284 160.0000
   8.000   1.2246   0.01392   0.00347  -0.0699   0.0067   1.0000  76.6797 160.0000
   9.000   1.3093   0.01611   0.00444  -0.0653   0.0049   1.0000  77.3806 160.0000
  10.000   1.3793   0.01921   0.00609  -0.0587   0.0044   1.0000  77.5939 160.0000
  11.000   1.4227   0.02327   0.00853  -0.0485   0.0040   1.0000  77.7692 160.0000
  12.000   1.4214   0.02865   0.01193  -0.0336   0.0039   1.0000  77.8161 160.0000
  13.000   1.4013   0.03813   0.01887  -0.0256   0.0038   1.0000  77.8461 160.0000
  14.000   1.3749   0.05315   0.03101  -0.0274   0.0038   1.0000  77.8684 160.0000
  15.000   1.3387   0.07218   0.04748  -0.0337   0.0038   1.0000  77.8829 160.0000
