  
       XFOIL         Version 6.99
  
 Calculated polar for: S4095 (designed for the E-flite UMX ASK-21 scale
  
 1 1 Reynolds number fixed          Mach number fixed         
  
 xtrf =   1.000 (top)        1.000 (bottom)  
 Mach =   0.000     Re =     1.000 e 6     Ncrit =   9.000  9.000
  
   alpha    CL        CD       CDp       CM     Top_Xtr  Bot_Xtr  Top_Itr  Bot_Itr
  ------ -------- --------- --------- -------- -------- -------- -------- --------
  -6.000  -0.4625   0.02036   0.01208  -0.0344   1.0007   0.0139   1.0000  89.7805
  -5.000  -0.3405   0.01575   0.00784  -0.0369   1.0007   0.0144   1.0000  89.9120
  -4.000  -0.2187   0.01291   0.00572  -0.0394   1.0007   0.0159   1.0000  90.2264
  -3.000  -0.1066   0.01260   0.00542  -0.0387   0.8513   0.0183  12.0546  90.7035
  -2.000   0.0115   0.01216   0.00493  -0.0398   0.7334   0.0547  20.0094  94.9623
  -1.000   0.1316   0.01151   0.00487  -0.0422   0.6521   0.2822  25.5018 110.8216
   0.000   0.2419   0.00979   0.00497  -0.0422   0.5885   0.9894  29.8069 158.8063
   1.000   0.3619   0.00995   0.00474  -0.0441   0.5281   0.9993  33.9039 160.0000
   2.000   0.4812   0.01030   0.00467  -0.0459   0.4612   0.9993  38.4772 160.0000
   3.000   0.6000   0.01078   0.00464  -0.0478   0.3895   0.9993  43.4051 160.0000
   4.000   0.7181   0.01140   0.00469  -0.0497   0.3203   0.9993  48.1773 160.0000
   5.000   0.8355   0.01214   0.00483  -0.0516   0.2553   0.9993  52.7073 160.0000
   6.000   0.9521   0.01307   0.00508  -0.0534   0.1956   0.9993  56.9271 160.0000
   7.000   1.0672   0.01423   0.00546  -0.0552   0.1355   0.9993  61.3001 160.0000
   8.000   1.1808   0.01565   0.00602  -0.0569   0.0873   0.9993  65.0063 160.0000
   9.000   1.2923   0.01730   0.00676  -0.0584   0.0510   0.9993  68.1318 160.0000
  10.000   1.3978   0.02027   0.00832  -0.0595   0.0093   0.9993  74.5422 160.0000
  11.000   1.4992   0.02345   0.01006  -0.0598   0.0055   0.9993  76.0028 160.0000
  12.000   1.5931   0.02689   0.01217  -0.0592   0.0049   0.9993  76.3223 160.0000
  13.000   1.6679   0.03174   0.01538  -0.0565   0.0044   0.9993  76.6058 160.0000
  14.000   1.6833   0.03986   0.02119  -0.0473   0.0040   0.9993  76.7904 160.0000
  15.000   1.6241   0.06042   0.03806  -0.0479   0.0039   0.9993  76.8529 160.0000
