  
       XFOIL         Version 6.99
  
 Calculated polar for: S4095 (designed for the E-flite UMX ASK-21 scale
  
 1 1 Reynolds number fixed          Mach number fixed         
  
 xtrf =   1.000 (top)        1.000 (bottom)  
 Mach =   0.000     Re =     0.500 e 6     Ncrit =   9.000  9.000
  
   alpha    CL        CD       CDp       CM     Top_Xtr  Bot_Xtr  Top_Itr  Bot_Itr
  ------ -------- --------- --------- -------- -------- -------- -------- --------
  -5.000  -0.3398   0.01840   0.00902  -0.0378   1.0007   0.0208   1.0000  91.1612
  -4.000  -0.2183   0.01491   0.00625  -0.0400   1.0007   0.0226   1.0000  91.4563
  -3.000  -0.0958   0.01305   0.00495  -0.0424   1.0007   0.0273   1.0000  92.1696
  -2.000   0.0208   0.01257   0.00521  -0.0430   0.8683   0.1607  10.8986 102.5812
  -1.000   0.1342   0.01145   0.00536  -0.0439   0.7487   0.6399  18.9751 134.8498
   0.000   0.2409   0.01034   0.00471  -0.0418   0.6665   0.9993  24.5288 160.0000
   1.000   0.3600   0.01074   0.00461  -0.0434   0.5981   0.9993  29.1538 160.0000
   2.000   0.4788   0.01119   0.00459  -0.0451   0.5320   0.9993  33.6390 160.0000
   3.000   0.5972   0.01174   0.00460  -0.0468   0.4597   0.9993  38.5833 160.0000
   4.000   0.7149   0.01249   0.00471  -0.0486   0.3834   0.9993  43.8256 160.0000
   5.000   0.8318   0.01342   0.00492  -0.0504   0.3093   0.9993  48.9427 160.0000
   6.000   0.9478   0.01451   0.00525  -0.0522   0.2406   0.9993  53.7408 160.0000
   7.000   1.0622   0.01587   0.00573  -0.0539   0.1775   0.9993  58.2270 160.0000
   8.000   1.1747   0.01752   0.00639  -0.0556   0.1197   0.9993  62.4832 160.0000
   9.000   1.2845   0.01955   0.00732  -0.0569   0.0758   0.9993  65.9499 160.0000
  10.000   1.3905   0.02193   0.00846  -0.0580   0.0421   0.9993  69.0214 160.0000
  11.000   1.4842   0.02650   0.01081  -0.0577   0.0108   0.9993  74.0092 160.0000
  12.000   1.5639   0.03159   0.01396  -0.0557   0.0083   0.9993  74.8761 160.0000
  13.000   1.5981   0.03948   0.01936  -0.0489   0.0076   0.9993  75.1527 160.0000
  14.000   1.5573   0.05506   0.03197  -0.0440   0.0073   0.9993  75.2533 160.0000
  15.000   1.5036   0.07950   0.05330  -0.0525   0.0072   0.9993  75.3061 160.0000
