  
       XFOIL         Version 6.99
  
 Calculated polar for: S4096 (designed for the E-flite UMX ASK-21 scale
  
 1 1 Reynolds number fixed          Mach number fixed         
  
 xtrf =   1.000 (top)        1.000 (bottom)  
 Mach =   0.000     Re =     0.500 e 6     Ncrit =   9.000  9.000
  
   alpha    CL        CD       CDp       CM     Top_Xtr  Bot_Xtr  Top_Itr  Bot_Itr
  ------ -------- --------- --------- -------- -------- -------- -------- --------
  -6.000  -0.4635   0.02247   0.01172  -0.0341   1.0011   0.0219   1.0000  92.0283
  -5.000  -0.3434   0.01859   0.00914  -0.0369   1.0011   0.0244   1.0000  92.4283
  -4.000  -0.2211   0.01695   0.00807  -0.0400   1.0011   0.0278   1.0000  92.9801
  -3.000  -0.0974   0.01546   0.00781  -0.0439   1.0011   0.1766   1.0000 104.6962
  -2.000   0.0318   0.01478   0.00864  -0.0494   0.9343   0.5312   6.4301 128.2771
  -1.000   0.1272   0.01361   0.00838  -0.0442   0.8113   0.9989  14.5723 160.0000
   0.000   0.2470   0.01388   0.00806  -0.0464   0.7273   0.9989  20.1350 160.0000
   1.000   0.3679   0.01417   0.00785  -0.0491   0.6610   0.9989  24.5403 160.0000
   2.000   0.4888   0.01449   0.00767  -0.0518   0.6016   0.9989  28.4896 160.0000
   3.000   0.6092   0.01489   0.00751  -0.0546   0.5394   0.9989  32.6384 160.0000
   4.000   0.7289   0.01541   0.00737  -0.0573   0.4645   0.9989  37.6793 160.0000
   5.000   0.8474   0.01619   0.00731  -0.0600   0.3784   0.9989  43.5071 160.0000
   6.000   0.9646   0.01724   0.00741  -0.0627   0.2957   0.9989  49.1382 160.0000
   7.000   1.0801   0.01857   0.00769  -0.0652   0.2168   0.9989  54.5998 160.0000
   8.000   1.1935   0.02020   0.00817  -0.0675   0.1502   0.9989  59.3476 160.0000
   9.000   1.3037   0.02218   0.00888  -0.0694   0.0950   0.9989  63.5091 160.0000
  10.000   1.4097   0.02458   0.00989  -0.0708   0.0561   0.9989  66.8111 160.0000
  11.000   1.5109   0.02726   0.01107  -0.0714   0.0322   0.9989  69.4142 160.0000
  12.000   1.5941   0.03207   0.01346  -0.0696   0.0107   0.9989  73.6564 160.0000
  13.000   1.6545   0.03795   0.01693  -0.0645   0.0085   0.9989  74.4765 160.0000
  14.000   1.6374   0.04831   0.02439  -0.0505   0.0077   0.9989  74.7818 160.0000
  15.000   1.5839   0.06876   0.04097  -0.0486   0.0073   0.9989  74.9398 160.0000
