  
       XFOIL         Version 6.99
  
 Calculated polar for: S4110                                           
  
 1 1 Reynolds number fixed          Mach number fixed         
  
 xtrf =   1.000 (top)        1.000 (bottom)  
 Mach =   0.000     Re =     0.500 e 6     Ncrit =   9.000  9.000
  
   alpha    CL        CD       CDp       CM     Top_Xtr  Bot_Xtr  Top_Itr  Bot_Itr
  ------ -------- --------- --------- -------- -------- -------- -------- --------
  -6.000  -0.2999   0.01738   0.00798  -0.0853   0.9726   0.0164   3.6197  89.9347
  -5.000  -0.1657   0.01199   0.00346  -0.0910   0.9617   0.0191   4.4317  90.4266
  -4.000  -0.0354   0.00967   0.00184  -0.0946   0.9453   0.0322   5.6088  92.3043
  -3.000   0.0832   0.00868   0.00138  -0.0954   0.9203   0.0800   7.3646  96.3635
  -2.000   0.1935   0.00772   0.00092  -0.0946   0.8871   0.1806   9.6643 103.3707
  -1.000   0.2999   0.00648   0.00081  -0.0934   0.8489   0.5438  12.3016 127.9911
   0.000   0.3990   0.00550   0.00081  -0.0891   0.8055   0.9551  15.3016 156.1079
   1.000   0.5161   0.00570   0.00066  -0.0896   0.7535   1.0000  18.8980 160.0000
   2.000   0.6222   0.00609   0.00061  -0.0878   0.6837   1.0000  23.7361 160.0000
   3.000   0.7256   0.00676   0.00066  -0.0857   0.5863   1.0000  30.4758 160.0000
   4.000   0.8241   0.00795   0.00092  -0.0830   0.4464   1.0000  40.1552 160.0000
   5.000   0.9194   0.00961   0.00146  -0.0802   0.2930   1.0000  50.7996 160.0000
   6.000   1.0140   0.01141   0.00218  -0.0776   0.1785   1.0000  58.8573 160.0000
   7.000   1.1087   0.01311   0.00300  -0.0750   0.1163   1.0000  63.3890 160.0000
   8.000   1.2004   0.01495   0.00394  -0.0720   0.0756   1.0000  66.5428 160.0000
   9.000   1.2850   0.01724   0.00518  -0.0680   0.0457   1.0000  69.1555 160.0000
  10.000   1.3602   0.02002   0.00678  -0.0628   0.0301   1.0000  70.8275 160.0000
  11.000   1.4117   0.02370   0.00898  -0.0542   0.0209   1.0000  72.0856 160.0000
  12.000   1.4398   0.02840   0.01194  -0.0438   0.0159   1.0000  72.9589 160.0000
  13.000   1.4622   0.03425   0.01611  -0.0359   0.0136   1.0000  73.4878 160.0000
  14.000   1.4577   0.04390   0.02345  -0.0308   0.0118   1.0000  73.8991 160.0000
  15.000   1.4331   0.05863   0.03575  -0.0313   0.0108   1.0000  74.1642 160.0000
