  
       XFOIL         Version 6.99
  
 Calculated polar for: S4158                                           
  
 1 1 Reynolds number fixed          Mach number fixed         
  
 xtrf =   1.000 (top)        1.000 (bottom)  
 Mach =   0.000     Re =     0.500 e 6     Ncrit =   9.000  9.000
  
   alpha    CL        CD       CDp       CM     Top_Xtr  Bot_Xtr  Top_Itr  Bot_Itr
  ------ -------- --------- --------- -------- -------- -------- -------- --------
  -5.000  -0.1726   0.01718   0.00774  -0.0782   0.8244   0.0175  14.3789  91.2484
  -4.000  -0.0691   0.01400   0.00495  -0.0766   0.8168   0.0196  14.9095  91.6412
  -3.000   0.0364   0.01191   0.00347  -0.0754   0.8068   0.0247  15.5965  92.4456
  -1.000   0.2375   0.00819   0.00260  -0.0716   0.7860   0.7180  17.0404 140.2978
   0.000   0.4051   0.00746   0.00238  -0.0823   0.7740   0.9920  17.8752 158.9873
   1.000   0.5283   0.00727   0.00208  -0.0851   0.7597   1.0000  18.8722 160.0000
   2.000   0.6316   0.00713   0.00180  -0.0833   0.7415   1.0000  20.1557 160.0000
   3.000   0.7359   0.00688   0.00135  -0.0816   0.7098   1.0000  22.4410 160.0000
   4.000   0.8399   0.00695   0.00104  -0.0800   0.6636   1.0000  25.7814 160.0000
   5.000   0.9378   0.00762   0.00097  -0.0776   0.5850   1.0000  31.3002 160.0000
   6.000   1.0213   0.00920   0.00128  -0.0731   0.4538   1.0000  40.3991 160.0000
   7.000   1.0897   0.01136   0.00190  -0.0666   0.3183   1.0000  49.7699 160.0000
   8.000   1.1307   0.01411   0.00267  -0.0558   0.1896   1.0000  58.8450 160.0000
   9.000   1.1694   0.01742   0.00388  -0.0463   0.0927   1.0000  66.0460 160.0000
  10.000   1.2131   0.02109   0.00565  -0.0387   0.0485   1.0000  69.7627 160.0000
  11.000   1.2577   0.02503   0.00782  -0.0321   0.0340   1.0000  71.2372 160.0000
  12.000   1.2958   0.02975   0.01062  -0.0260   0.0248   1.0000  72.3909 160.0000
  13.000   1.3183   0.03617   0.01480  -0.0200   0.0191   1.0000  73.2645 160.0000
  14.000   1.3270   0.04472   0.02083  -0.0153   0.0152   1.0000  73.9929 160.0000
  15.000   1.3437   0.05363   0.02760  -0.0131   0.0132   1.0000  74.4431 160.0000
