  
       XFOIL         Version 6.99
  
 Calculated polar for: S4180-098-84                                    
  
 1 1 Reynolds number fixed          Mach number fixed         
  
 xtrf =   1.000 (top)        1.000 (bottom)  
 Mach =   0.000     Re =     0.500 e 6     Ncrit =   9.000  9.000
  
   alpha    CL        CD       CDp       CM     Top_Xtr  Bot_Xtr  Top_Itr  Bot_Itr
  ------ -------- --------- --------- -------- -------- -------- -------- --------
  -6.000  -0.1797   0.04568   0.03822  -0.0770   0.8599   0.0320  11.0538  96.0905
  -5.000  -0.1005   0.02029   0.01201  -0.0875   0.8123   0.0254  14.0441  94.8900
  -4.000   0.0084   0.01335   0.00480  -0.0875   0.7670   0.0249  16.8916  94.7883
  -3.000   0.1203   0.01074   0.00233  -0.0869   0.7200   0.0276  19.8684  95.3149
  -2.000   0.2338   0.00957   0.00126  -0.0864   0.6719   0.0353  22.9231  96.6018
  -1.000   0.3478   0.00892   0.00087  -0.0862   0.6246   0.1080  25.9397 102.9372
   0.000   0.4610   0.00790   0.00087  -0.0867   0.5797   0.4780  28.8064 125.9775
   1.000   0.5651   0.00701   0.00096  -0.0840   0.5393   1.0000  31.3924 160.0000
   2.000   0.6783   0.00752   0.00106  -0.0838   0.5014   1.0000  33.8336 160.0000
   3.000   0.7906   0.00808   0.00124  -0.0836   0.4653   1.0000  36.1587 160.0000
   4.000   0.9020   0.00867   0.00147  -0.0833   0.4293   1.0000  38.4880 160.0000
   5.000   1.0117   0.00937   0.00173  -0.0828   0.3922   1.0000  40.9005 160.0000
   6.000   1.1198   0.01015   0.00203  -0.0822   0.3491   1.0000  43.7326 160.0000
   7.000   1.2246   0.01119   0.00245  -0.0813   0.2969   1.0000  47.2161 160.0000
   8.000   1.3225   0.01286   0.00317  -0.0798   0.2225   1.0000  52.2959 160.0000
   9.000   1.4107   0.01527   0.00442  -0.0771   0.1480   1.0000  57.5629 160.0000
  10.000   1.4889   0.01804   0.00599  -0.0733   0.1011   1.0000  61.0934 160.0000
  11.000   1.5495   0.02117   0.00782  -0.0671   0.0778   1.0000  63.0102 160.0000
  12.000   1.5779   0.02518   0.01027  -0.0577   0.0666   1.0000  64.0202 160.0000
  13.000   1.6036   0.03081   0.01403  -0.0520   0.0578   1.0000  64.8690 160.0000
  14.000   1.6229   0.03847   0.01948  -0.0491   0.0512   1.0000  65.5655 160.0000
  15.000   1.6186   0.05019   0.02831  -0.0489   0.0460   1.0000  66.1478 160.0000
