  
       XFOIL         Version 6.99
  
 Calculated polar for: S4310                                           
  
 1 1 Reynolds number fixed          Mach number fixed         
  
 xtrf =   1.000 (top)        1.000 (bottom)  
 Mach =   0.000     Re =     0.500 e 6     Ncrit =   9.000  9.000
  
   alpha    CL        CD       CDp       CM     Top_Xtr  Bot_Xtr  Top_Itr  Bot_Itr
  ------ -------- --------- --------- -------- -------- -------- -------- --------
  -6.000  -0.1836   0.03493   0.02647  -0.0878   0.8276   0.0234  13.6565  92.3035
  -5.000  -0.1095   0.01805   0.00880  -0.0856   0.7984   0.0197  15.6389  91.7049
  -4.000  -0.0056   0.01275   0.00384  -0.0838   0.7717   0.0233  17.4628  92.2907
  -3.000   0.1024   0.01065   0.00208  -0.0828   0.7456   0.0310  19.2449  93.3279
  -2.000   0.2130   0.00955   0.00117  -0.0821   0.7197   0.0454  21.0162  94.8764
  -1.000   0.3209   0.00794   0.00091  -0.0820   0.6928   0.4133  22.8525 120.0286
   0.000   0.4352   0.00655   0.00098  -0.0814   0.6646   0.9834  24.7868 158.2598
   1.000   0.5561   0.00677   0.00090  -0.0834   0.6342   1.0000  26.8744 160.0000
   2.000   0.6618   0.00710   0.00093  -0.0821   0.6024   1.0000  29.0594 160.0000
   3.000   0.7689   0.00747   0.00100  -0.0812   0.5644   1.0000  31.6790 160.0000
   4.000   0.8752   0.00798   0.00109  -0.0803   0.5201   1.0000  34.7336 160.0000
   5.000   0.9792   0.00868   0.00125  -0.0791   0.4650   1.0000  38.5397 160.0000
   6.000   1.0784   0.00971   0.00155  -0.0774   0.3958   1.0000  43.3252 160.0000
   7.000   1.1714   0.01112   0.00204  -0.0749   0.3198   1.0000  48.5972 160.0000
   8.000   1.2579   0.01280   0.00269  -0.0716   0.2534   1.0000  53.2364 160.0000
   9.000   1.3348   0.01476   0.00346  -0.0669   0.1929   1.0000  57.5366 160.0000
  10.000   1.3897   0.01710   0.00433  -0.0589   0.1412   1.0000  61.3270 160.0000
  11.000   1.4326   0.02015   0.00566  -0.0505   0.1022   1.0000  64.3307 160.0000
  12.000   1.4664   0.02445   0.00786  -0.0433   0.0687   1.0000  67.1122 160.0000
  13.000   1.4846   0.03078   0.01150  -0.0371   0.0344   1.0000  70.5467 160.0000
  14.000   1.4666   0.04178   0.01897  -0.0323   0.0092   1.0000  75.2529 160.0000
  15.000   1.4554   0.05423   0.02827  -0.0315   0.0072   1.0000  76.0491 160.0000
