  
       XFOIL         Version 6.99
  
 Calculated polar for: S5010                                           
  
 1 1 Reynolds number fixed          Mach number fixed         
  
 xtrf =   1.000 (top)        1.000 (bottom)  
 Mach =   0.000     Re =     0.500 e 6     Ncrit =   9.000  9.000
  
   alpha    CL        CD       CDp       CM     Top_Xtr  Bot_Xtr  Top_Itr  Bot_Itr
  ------ -------- --------- --------- -------- -------- -------- -------- --------
  -5.000  -0.4413   0.02027   0.01012  -0.0044   0.7537   0.0189  18.9718  90.4676
  -4.000  -0.3358   0.01538   0.00508  -0.0018   0.7200   0.0221  21.3054  90.9937
  -3.000  -0.2313   0.01174   0.00251   0.0001   0.6875   0.0287  23.5463  91.8488
  -2.000  -0.1232   0.01009   0.00126   0.0016   0.6553   0.0372  25.7580  92.7363
  -1.000  -0.0219   0.00755   0.00067   0.0032   0.6233   0.5220  27.9624 126.5984
   0.000   0.1262   0.00643   0.00083  -0.0027   0.5864   0.9840  30.5146 158.3295
   1.000   0.2691   0.00656   0.00067  -0.0092   0.5473   1.0000  33.2230 160.0000
   2.000   0.3727   0.00678   0.00064  -0.0074   0.5077   1.0000  35.9759 160.0000
   3.000   0.4777   0.00712   0.00069  -0.0059   0.4642   1.0000  39.0121 160.0000
   4.000   0.5833   0.00758   0.00081  -0.0047   0.4135   1.0000  42.5511 160.0000
   5.000   0.6887   0.00825   0.00101  -0.0036   0.3556   1.0000  46.6067 160.0000
   6.000   0.7928   0.00920   0.00136  -0.0026   0.2906   1.0000  51.1821 160.0000
   7.000   0.8950   0.01046   0.00189  -0.0017   0.2246   1.0000  55.8697 160.0000
   8.000   0.9948   0.01200   0.00262  -0.0007   0.1653   1.0000  60.1467 160.0000
   9.000   1.0903   0.01394   0.00359   0.0006   0.1124   1.0000  64.0987 160.0000
  10.000   1.1792   0.01630   0.00481   0.0023   0.0683   1.0000  67.6305 160.0000
  11.000   1.2572   0.01918   0.00638   0.0049   0.0401   1.0000  70.2187 160.0000
  12.000   1.3005   0.02353   0.00866   0.0104   0.0159   1.0000  73.4435 160.0000
  13.000   1.2912   0.03222   0.01425   0.0147   0.0088   1.0000  75.2308 160.0000
  14.000   1.2788   0.04429   0.02349   0.0130   0.0072   1.0000  75.7976 160.0000
  15.000   1.2316   0.06303   0.03939   0.0063   0.0066   1.0000  76.0159 160.0000
