  
       XFOIL         Version 6.99
  
 Calculated polar for: S6062 8%                                        
  
 1 1 Reynolds number fixed          Mach number fixed         
  
 xtrf =   1.000 (top)        1.000 (bottom)  
 Mach =   0.000     Re =     0.500 e 6     Ncrit =   9.000  9.000
  
   alpha    CL        CD       CDp       CM     Top_Xtr  Bot_Xtr  Top_Itr  Bot_Itr
  ------ -------- --------- --------- -------- -------- -------- -------- --------
  -4.000  -0.2491   0.01127   0.00229  -0.0419   0.9723   0.0127   3.6696  87.2047
  -3.000  -0.1322   0.00916   0.00102  -0.0424   0.9406   0.0189   5.9884  88.2029
  -2.000  -0.0377   0.00667   0.00062  -0.0393   0.8991   0.4512   8.9758 120.2858
  -1.000   0.0534   0.00536   0.00073  -0.0338   0.8557   0.8607  12.0819 149.3455
   0.000   0.1647   0.00529   0.00064  -0.0322   0.8078   0.9685  15.4900 157.0764
   1.000   0.3119   0.00540   0.00043  -0.0397   0.7480   1.0000  19.7747 160.0000
   2.000   0.4083   0.00572   0.00038  -0.0365   0.6752   1.0000  24.9976 160.0000
   3.000   0.5079   0.00644   0.00038  -0.0341   0.5417   1.0000  34.5751 160.0000
   4.000   0.6065   0.00798   0.00063  -0.0322   0.3211   1.0000  50.4498 160.0000
   5.000   0.6983   0.01111   0.00164  -0.0301   0.0262   1.0000  72.9577 160.0000
   6.000   0.7975   0.01327   0.00276  -0.0280   0.0173   1.0000  74.1686 160.0000
   7.000   0.8879   0.01665   0.00489  -0.0247   0.0158   1.0000  74.4075 160.0000
   8.000   0.9734   0.02255   0.00890  -0.0207   0.0155   1.0000  74.4549 160.0000
