  
       XFOIL         Version 6.99
  
 Calculated polar for: S7055 (10.5%) Flat-Bottomed                     
  
 1 1 Reynolds number fixed          Mach number fixed         
  
 xtrf =   1.000 (top)        1.000 (bottom)  
 Mach =   0.000     Re =     1.000 e 6     Ncrit =   9.000  9.000
  
   alpha    CL        CD       CDp       CM     Top_Xtr  Bot_Xtr  Top_Itr  Bot_Itr
  ------ -------- --------- --------- -------- -------- -------- -------- --------
  -6.000  -0.2857   0.01243   0.00425  -0.0728   0.8365   0.0125  13.2306  88.8428
  -5.000  -0.1856   0.00985   0.00203  -0.0706   0.8100   0.0146  15.1045  89.2951
  -4.000  -0.0791   0.00866   0.00112  -0.0693   0.7824   0.0200  17.0570  90.2181
  -3.000   0.0303   0.00812   0.00083  -0.0687   0.7510   0.0358  19.3016  92.0363
  -2.000   0.1390   0.00756   0.00041  -0.0679   0.7168   0.0553  21.7322  93.6276
  -1.000   0.2442   0.00658   0.00018  -0.0670   0.6826   0.2891  24.1656 110.1325
   0.000   0.3403   0.00525   0.00021  -0.0641   0.6451   0.7682  26.8322 143.3220
   1.000   0.5027   0.00521   0.00032  -0.0746   0.6028   0.9924  29.8348 159.1079
   2.000   0.6346   0.00552   0.00032  -0.0795   0.5561   1.0000  33.1502 160.0000
   3.000   0.7312   0.00592   0.00042  -0.0766   0.5096   1.0000  36.4452 160.0000
   4.000   0.8277   0.00647   0.00056  -0.0738   0.4585   1.0000  40.0784 160.0000
   5.000   0.9237   0.00715   0.00076  -0.0710   0.4040   1.0000  43.9378 160.0000
   6.000   1.0176   0.00802   0.00101  -0.0680   0.3401   1.0000  48.4887 160.0000
   7.000   1.1033   0.00943   0.00145  -0.0638   0.2448   1.0000  55.3283 160.0000
   8.000   1.1800   0.01138   0.00216  -0.0585   0.1432   1.0000  62.8038 160.0000
   9.000   1.2408   0.01401   0.00322  -0.0508   0.0501   1.0000  70.2698 160.0000
  10.000   1.2700   0.01729   0.00441  -0.0378   0.0049   1.0000  77.0950 160.0000
  11.000   1.3151   0.02019   0.00564  -0.0294   0.0038   1.0000  77.6631 160.0000
  12.000   1.3369   0.02537   0.00843  -0.0207   0.0032   1.0000  78.0110 160.0000
  13.000   1.3580   0.03167   0.01245  -0.0151   0.0029   1.0000  78.1961 160.0000
  14.000   1.3585   0.04109   0.01917  -0.0115   0.0027   1.0000  78.3795 160.0000
  15.000   1.3428   0.05399   0.02920  -0.0111   0.0025   1.0000  78.4844 160.0000
