  
       XFOIL         Version 6.99
  
 Calculated polar for: S8037 (16%)                                     
  
 1 1 Reynolds number fixed          Mach number fixed         
  
 xtrf =   1.000 (top)        1.000 (bottom)  
 Mach =   0.000     Re =     0.500 e 6     Ncrit =   9.000  9.000
  
   alpha    CL        CD       CDp       CM     Top_Xtr  Bot_Xtr  Top_Itr  Bot_Itr
  ------ -------- --------- --------- -------- -------- -------- -------- --------
  -6.000  -0.3067   0.01294   0.00220  -0.0609   0.7565   0.0336  17.0900  97.3015
  -5.000  -0.2279   0.01144   0.00159  -0.0546   0.7342   0.0885  18.4102 103.3389
  -4.000  -0.1506   0.00984   0.00115  -0.0484   0.7139   0.2797  19.6163 115.6001
  -3.000  -0.0785   0.00846   0.00109  -0.0405   0.6946   0.5616  20.7653 132.6029
  -2.000   0.0171   0.00827   0.00117  -0.0367   0.6754   0.6567  21.9133 138.2210
  -1.000   0.1164   0.00819   0.00122  -0.0336   0.6561   0.7226  23.0796 142.0725
   0.000   0.2169   0.00807   0.00127  -0.0308   0.6360   0.7809  24.2973 145.4567
   1.000   0.3206   0.00798   0.00123  -0.0288   0.6139   0.8353  25.6579 148.6111
   2.000   0.4448   0.00805   0.00125  -0.0313   0.5897   0.8978  27.1568 152.2625
   3.000   0.6109   0.00851   0.00139  -0.0433   0.5603   0.9328  28.9849 154.4198
   4.000   0.7486   0.00918   0.00159  -0.0490   0.5265   0.9587  31.0899 156.2023
   5.000   0.8850   0.00991   0.00175  -0.0549   0.4849   0.9812  33.7021 158.0231
   6.000   1.0316   0.01060   0.00183  -0.0637   0.4288   0.9955  37.2328 159.4615
   7.000   1.1104   0.01150   0.00204  -0.0587   0.3647   1.0000  41.2974 160.0000
   8.000   1.1476   0.01282   0.00238  -0.0451   0.3067   1.0000  44.9929 160.0000
   9.000   1.1635   0.01432   0.00261  -0.0278   0.2579   1.0000  48.1346 160.0000
  10.000   1.1876   0.01659   0.00320  -0.0142   0.2140   1.0000  51.0120 160.0000
  11.000   1.2195   0.01964   0.00433  -0.0045   0.1778   1.0000  53.4522 160.0000
  12.000   1.2498   0.02375   0.00618   0.0030   0.1476   1.0000  55.5676 160.0000
  13.000   1.2767   0.02885   0.00881   0.0088   0.1229   1.0000  57.3758 160.0000
  14.000   1.2934   0.03534   0.01252   0.0136   0.1020   1.0000  59.0060 160.0000
  15.000   1.3123   0.04238   0.01683   0.0168   0.0859   1.0000  60.3638 160.0000
