  
       XFOIL         Version 6.99
  
 Calculated polar for: S8055 (12%)                                     
  
 1 1 Reynolds number fixed          Mach number fixed         
  
 xtrf =   1.000 (top)        1.000 (bottom)  
 Mach =   0.000     Re =     1.000 e 6     Ncrit =   9.000  9.000
  
   alpha    CL        CD       CDp       CM     Top_Xtr  Bot_Xtr  Top_Itr  Bot_Itr
  ------ -------- --------- --------- -------- -------- -------- -------- --------
  -6.000  -0.4096   0.01165   0.00292  -0.0480   0.8374   0.0099  12.6859  89.8801
  -5.000  -0.3074   0.01005   0.00189  -0.0464   0.8256   0.0117  13.4398  90.5301
  -4.000  -0.2018   0.00881   0.00125  -0.0451   0.8129   0.0334  14.2480  95.3698
  -3.000  -0.0971   0.00754   0.00082  -0.0442   0.7998   0.1793  15.0837 106.8026
  -2.000   0.0045   0.00597   0.00052  -0.0429   0.7834   0.4953  16.1291 126.8924
  -1.000   0.1098   0.00514   0.00050  -0.0414   0.7625   0.7281  17.4663 141.6650
   0.000   0.2217   0.00503   0.00049  -0.0409   0.7346   0.7898  19.2785 145.5380
   1.000   0.3333   0.00507   0.00043  -0.0405   0.6882   0.8275  22.3610 147.9076
   2.000   0.4411   0.00536   0.00044  -0.0395   0.6174   0.8599  27.0199 149.9583
   3.000   0.5438   0.00590   0.00058  -0.0376   0.5227   0.8951  33.1716 152.1962
   4.000   0.6386   0.00681   0.00081  -0.0344   0.3938   0.9386  41.5239 154.9995
   5.000   0.7543   0.00806   0.00120  -0.0363   0.2730   0.9817  49.3929 158.0314
   6.000   0.8910   0.00938   0.00173  -0.0433   0.1868   1.0000  55.1349 159.9984
   7.000   0.9689   0.01039   0.00207  -0.0374   0.1448   1.0000  58.0436 160.0000
   8.000   1.0536   0.01149   0.00246  -0.0331   0.1117   1.0000  60.4584 160.0000
   9.000   1.1332   0.01292   0.00297  -0.0282   0.0792   1.0000  63.0600 160.0000
  10.000   1.1992   0.01453   0.00353  -0.0210   0.0570   1.0000  65.0822 160.0000
  11.000   1.2603   0.01640   0.00423  -0.0139   0.0439   1.0000  66.5213 160.0000
  12.000   1.3184   0.01872   0.00524  -0.0075   0.0367   1.0000  67.4494 160.0000
  13.000   1.3714   0.02157   0.00662  -0.0016   0.0311   1.0000  68.2613 160.0000
  14.000   1.4162   0.02523   0.00855   0.0040   0.0264   1.0000  69.0545 160.0000
  15.000   1.4579   0.02946   0.01092   0.0084   0.0222   1.0000  69.8764 160.0000
