  
       XFOIL         Version 6.99
  
 Calculated polar for: S8052 (11.88%)                                  
  
 1 1 Reynolds number fixed          Mach number fixed         
  
 xtrf =   1.000 (top)        1.000 (bottom)  
 Mach =   0.000     Re =     0.500 e 6     Ncrit =   9.000  9.000
  
   alpha    CL        CD       CDp       CM     Top_Xtr  Bot_Xtr  Top_Itr  Bot_Itr
  ------ -------- --------- --------- -------- -------- -------- -------- --------
  -6.000  -0.4497   0.01457   0.00410  -0.0393   0.8576   0.0172  11.3936  90.9701
  -5.000  -0.3553   0.01220   0.00258  -0.0363   0.8331   0.0208  13.0142  91.7239
  -4.000  -0.2565   0.01007   0.00159  -0.0341   0.8115   0.1023  14.4369  99.5643
  -3.000  -0.1589   0.00802   0.00111  -0.0325   0.7915   0.4204  15.7538 120.8787
  -2.000  -0.0564   0.00719   0.00125  -0.0303   0.7725   0.6788  16.9980 137.9697
  -1.000   0.0545   0.00714   0.00136  -0.0295   0.7509   0.7415  18.4189 142.0570
   0.000   0.1652   0.00712   0.00135  -0.0285   0.7252   0.7849  20.1076 144.8963
   1.000   0.2755   0.00704   0.00129  -0.0275   0.6945   0.8217  22.1330 147.3092
   2.000   0.3842   0.00697   0.00119  -0.0263   0.6545   0.8613  24.7893 149.9176
   3.000   0.4898   0.00697   0.00106  -0.0244   0.5949   0.9030  28.8188 152.6814
   4.000   0.5996   0.00755   0.00104  -0.0239   0.4856   0.9577  36.1766 156.3384
   6.000   0.8251   0.01058   0.00198  -0.0277   0.2223   1.0000  53.8768 160.0000
   7.000   0.9147   0.01200   0.00258  -0.0244   0.1640   1.0000  57.9047 160.0000
   8.000   1.0044   0.01348   0.00324  -0.0214   0.1228   1.0000  60.8596 160.0000
   9.000   1.0886   0.01522   0.00402  -0.0178   0.0864   1.0000  63.6405 160.0000
  10.000   1.1598   0.01748   0.00515  -0.0123   0.0624   1.0000  65.6674 160.0000
  11.000   1.2048   0.02034   0.00653  -0.0034   0.0486   1.0000  66.9628 160.0000
  12.000   1.2543   0.02340   0.00821   0.0028   0.0413   1.0000  67.7525 160.0000
  13.000   1.2916   0.02785   0.01094   0.0084   0.0360   1.0000  68.3786 160.0000
  14.000   1.3122   0.03431   0.01521   0.0126   0.0310   1.0000  69.0116 160.0000
  15.000   1.3450   0.04051   0.01959   0.0143   0.0274   1.0000  69.5461 160.0000
