  
       XFOIL         Version 6.99
  
 Calculated polar for: S8055 (12%)                                     
  
 1 1 Reynolds number fixed          Mach number fixed         
  
 xtrf =   1.000 (top)        1.000 (bottom)  
 Mach =   0.000     Re =     0.500 e 6     Ncrit =   9.000  9.000
  
   alpha    CL        CD       CDp       CM     Top_Xtr  Bot_Xtr  Top_Itr  Bot_Itr
  ------ -------- --------- --------- -------- -------- -------- -------- --------
  -6.000  -0.3810   0.01468   0.00437  -0.0551   0.8818   0.0154   9.8499  91.6980
  -5.000  -0.2861   0.01251   0.00301  -0.0521   0.8672   0.0192  10.7848  92.7202
  -4.000  -0.1892   0.01051   0.00209  -0.0494   0.8525   0.0811  11.7245 100.0686
  -3.000  -0.0938   0.00861   0.00168  -0.0471   0.8367   0.3686  12.7303 118.9027
  -2.000   0.0006   0.00722   0.00171  -0.0436   0.8204   0.7070  13.7745 140.3264
  -1.000   0.1076   0.00711   0.00176  -0.0415   0.8014   0.8000  14.9822 146.1740
   0.000   0.2151   0.00696   0.00170  -0.0396   0.7758   0.8486  16.6161 149.2416
   1.000   0.3217   0.00680   0.00151  -0.0376   0.7445   0.8876  18.6308 151.7188
   2.000   0.4262   0.00669   0.00127  -0.0351   0.6985   0.9250  21.6748 154.1154
   3.000   0.5401   0.00696   0.00110  -0.0350   0.6268   0.9585  26.4066 156.3178
   4.000   0.6702   0.00785   0.00114  -0.0395   0.5111   0.9799  33.9222 157.8843
   5.000   0.8062   0.00943   0.00153  -0.0466   0.3454   0.9978  44.6616 159.7183
   6.000   0.8724   0.01081   0.00197  -0.0392   0.2471   1.0000  51.1016 160.0000
   7.000   0.9477   0.01220   0.00245  -0.0332   0.1840   1.0000  55.3248 160.0000
   8.000   1.0264   0.01365   0.00298  -0.0281   0.1421   1.0000  58.2387 160.0000
   9.000   1.0961   0.01531   0.00355  -0.0217   0.1057   1.0000  60.9092 160.0000
  10.000   1.1545   0.01741   0.00435  -0.0140   0.0780   1.0000  63.1661 160.0000
  11.000   1.2069   0.02021   0.00567  -0.0069   0.0601   1.0000  64.7879 160.0000
  12.000   1.2523   0.02375   0.00756  -0.0002   0.0492   1.0000  65.9028 160.0000
  13.000   1.2978   0.02762   0.00982   0.0051   0.0424   1.0000  66.7013 160.0000
  14.000   1.3301   0.03287   0.01317   0.0098   0.0370   1.0000  67.4066 160.0000
  15.000   1.3449   0.04031   0.01828   0.0134   0.0325   1.0000  68.0367 160.0000
