  
       XFOIL         Version 6.99
  
 Calculated polar for: S8065 (11% version of S8064)                    
  
 1 1 Reynolds number fixed          Mach number fixed         
  
 xtrf =   1.000 (top)        1.000 (bottom)  
 Mach =   0.000     Re =     1.000 e 6     Ncrit =   9.000  9.000
  
   alpha    CL        CD       CDp       CM     Top_Xtr  Bot_Xtr  Top_Itr  Bot_Itr
  ------ -------- --------- --------- -------- -------- -------- -------- --------
  -6.000  -0.4854   0.01106   0.00233  -0.0385   0.8904   0.0075   9.5766  86.8974
  -5.000  -0.3851   0.00956   0.00161  -0.0367   0.8809   0.0149  10.2426  88.9608
  -4.000  -0.2840   0.00821   0.00114  -0.0354   0.8705   0.1145  10.9714  97.9884
  -3.000  -0.1860   0.00643   0.00072  -0.0339   0.8588   0.3940  11.7850 117.4641
  -2.000  -0.0828   0.00540   0.00059  -0.0327   0.8460   0.6148  12.6698 132.6682
  -1.000   0.0257   0.00501   0.00062  -0.0320   0.8314   0.7341  13.6810 140.9243
   0.000   0.1368   0.00486   0.00057  -0.0318   0.8124   0.7867  15.0074 144.5152
   1.000   0.2482   0.00474   0.00047  -0.0316   0.7804   0.8218  17.2703 146.9211
   2.000   0.3572   0.00480   0.00033  -0.0310   0.7170   0.8492  21.7892 148.8032
   3.000   0.4607   0.00529   0.00033  -0.0294   0.6111   0.8776  29.1841 150.7568
   4.000   0.5516   0.00651   0.00057  -0.0258   0.4035   0.9163  43.6218 153.4258
   5.000   0.6516   0.00865   0.00121  -0.0252   0.1474   0.9722  61.5897 157.3234
   7.000   0.8760   0.01158   0.00244  -0.0289   0.0283   1.0000  71.1097 160.0000
   8.000   0.9499   0.01330   0.00308  -0.0225   0.0112   1.0000  73.9790 160.0000
   9.000   1.0250   0.01516   0.00397  -0.0166   0.0093   1.0000  74.5614 160.0000
  10.000   1.0749   0.01824   0.00555  -0.0069   0.0078   1.0000  75.0420 160.0000
  11.000   1.1231   0.02144   0.00741   0.0019   0.0071   1.0000  75.2800 160.0000
  12.000   1.1603   0.02585   0.01031   0.0103   0.0066   1.0000  75.4948 160.0000
  13.000   1.1833   0.03148   0.01435   0.0180   0.0061   1.0000  75.6874 160.0000
  14.000   1.1726   0.04073   0.02157   0.0244   0.0056   1.0000  75.9010 160.0000
