  
       XFOIL         Version 6.99
  
 Calculated polar for: S9000 (9%)                                      
  
 1 1 Reynolds number fixed          Mach number fixed         
  
 xtrf =   1.000 (top)        1.000 (bottom)  
 Mach =   0.000     Re =     0.500 e 6     Ncrit =   9.000  9.000
  
   alpha    CL        CD       CDp       CM     Top_Xtr  Bot_Xtr  Top_Itr  Bot_Itr
  ------ -------- --------- --------- -------- -------- -------- -------- --------
  -4.000  -0.1487   0.01071   0.00193  -0.0663   0.9683   0.0123   3.9575  88.2744
  -3.000  -0.0125   0.00819   0.00104  -0.0717   0.9480   0.1738   5.4595 101.7028
  -2.000   0.1159   0.00628   0.00068  -0.0755   0.9144   0.5382   7.8713 126.9979
  -1.000   0.2251   0.00563   0.00073  -0.0737   0.8549   0.7916  12.0676 144.5627
   0.000   0.3255   0.00572   0.00075  -0.0698   0.7833   0.8830  17.0816 150.9409
   1.000   0.4231   0.00586   0.00063  -0.0654   0.7064   0.9641  22.4710 156.7285
   2.000   0.5452   0.00636   0.00057  -0.0678   0.6105   1.0000  29.1927 160.0000
   3.000   0.6494   0.00711   0.00069  -0.0665   0.5141   1.0000  35.9395 160.0000
   4.000   0.7526   0.00810   0.00091  -0.0651   0.4048   1.0000  43.6079 160.0000
   5.000   0.8541   0.00934   0.00127  -0.0636   0.2967   1.0000  51.2256 160.0000
   6.000   0.9539   0.01080   0.00180  -0.0619   0.2029   1.0000  57.9082 160.0000
   7.000   1.0509   0.01249   0.00253  -0.0599   0.1263   1.0000  63.5141 160.0000
   8.000   1.1426   0.01464   0.00355  -0.0573   0.0662   1.0000  68.2100 160.0000
   9.000   1.2295   0.01705   0.00482  -0.0539   0.0373   1.0000  70.7946 160.0000
  10.000   1.3024   0.02048   0.00665  -0.0486   0.0182   1.0000  73.0573 160.0000
  11.000   1.3673   0.02373   0.00856  -0.0426   0.0109   1.0000  74.4950 160.0000
  12.000   1.3900   0.02862   0.01163  -0.0315   0.0074   1.0000  75.4840 160.0000
  13.000   1.3804   0.03700   0.01758  -0.0227   0.0052   1.0000  76.3049 160.0000
  14.000   1.3612   0.04966   0.02778  -0.0219   0.0042   1.0000  76.7813 160.0000
  15.000   1.3033   0.07278   0.04830  -0.0313   0.0039   1.0000  76.9364 160.0000
