  
       XFOIL         Version 6.99
  
 Calculated polar for: S9026 (9.5%)                                    
  
 1 1 Reynolds number fixed          Mach number fixed         
  
 xtrf =   1.000 (top)        1.000 (bottom)  
 Mach =   0.000     Re =     0.500 e 6     Ncrit =   9.000  9.000
  
   alpha    CL        CD       CDp       CM     Top_Xtr  Bot_Xtr  Top_Itr  Bot_Itr
  ------ -------- --------- --------- -------- -------- -------- -------- --------
  -6.000  -0.6783   0.01114   0.00216   0.0006   1.0000   0.0750   1.0000  95.5575
  -5.000  -0.5866   0.00982   0.00147   0.0044   1.0000   0.1246   1.0000  99.2472
  -4.000  -0.4981   0.00865   0.00101   0.0087   1.0000   0.2163   1.0000 105.7262
  -3.000  -0.3714   0.00766   0.00080   0.0048   0.9902   0.3506   2.1119 114.9835
  -2.000  -0.2214   0.00657   0.00073  -0.0034   0.9658   0.5289   4.0387 127.1769
  -1.000  -0.1006   0.00582   0.00067  -0.0041   0.9011   0.6809   8.4899 137.5384
   0.000   0.0000   0.00565   0.00065  -0.0000   0.8005   0.8005  15.3291 145.6709
   1.000   0.1006   0.00582   0.00067   0.0041   0.6809   0.9011  23.4615 152.5105
   2.000   0.2214   0.00657   0.00073   0.0034   0.5289   0.9658  33.8233 156.9608
   3.000   0.3714   0.00766   0.00080  -0.0048   0.3505   0.9903  46.0168 158.8888
   4.000   0.4980   0.00864   0.00101  -0.0087   0.2163   1.0000  55.2731 160.0000
   5.000   0.5866   0.00982   0.00147  -0.0044   0.1246   1.0000  61.7524 160.0000
   6.000   0.6783   0.01114   0.00216  -0.0006   0.0750   1.0000  65.4423 160.0000
   7.000   0.7684   0.01300   0.00326   0.0034   0.0444   1.0000  68.0139 160.0000
   8.000   0.8582   0.01524   0.00478   0.0073   0.0327   1.0000  69.2339 160.0000
   9.000   0.9412   0.01853   0.00705   0.0115   0.0262   1.0000  70.0357 160.0000
  10.000   1.0268   0.02110   0.00906   0.0150   0.0221   1.0000  70.6556 160.0000
  11.000   1.0906   0.02599   0.01281   0.0203   0.0186   1.0000  71.2574 160.0000
  12.000   1.1421   0.02989   0.01568   0.0262   0.0155   1.0000  71.8685 160.0000
  13.000   1.0462   0.03427   0.01996   0.0330   0.0145   1.0000  72.0750 160.0000
  14.000   0.9816   0.05890   0.03623   0.0218   0.0142   1.0000  72.1600 160.0000
  15.000   0.8563   0.10416   0.07163  -0.0027   0.0148   1.0000  72.0013 160.0000
