  
       XFOIL         Version 6.99
  
 Calculated polar for: S9033 (7.5%)                                    
  
 1 1 Reynolds number fixed          Mach number fixed         
  
 xtrf =   1.000 (top)        1.000 (bottom)  
 Mach =   0.000     Re =     0.500 e 6     Ncrit =   9.000  9.000
  
   alpha    CL        CD       CDp       CM     Top_Xtr  Bot_Xtr  Top_Itr  Bot_Itr
  ------ -------- --------- --------- -------- -------- -------- -------- --------
   0.000  -0.0000   0.00477   0.00052   0.0000   0.8871   0.8871   9.5300 151.4717
   1.000   0.1443   0.00566   0.00041  -0.0050   0.6319   0.9918  27.4121 159.0497
   2.000   0.2584   0.00665   0.00038  -0.0055   0.4020   1.0000  43.5432 160.0000
   3.000   0.3567   0.00766   0.00058  -0.0027   0.2456   1.0000  54.5686 160.0000
   4.000   0.4567   0.00878   0.00096  -0.0002   0.1382   1.0000  62.2314 160.0000
   5.000   0.5580   0.01008   0.00157   0.0020   0.0744   1.0000  66.9546 160.0000
   6.000   0.6599   0.01160   0.00248   0.0041   0.0418   1.0000  69.6130 160.0000
   7.000   0.7569   0.01440   0.00438   0.0068   0.0282   1.0000  70.9516 160.0000
   8.000   0.8522   0.01765   0.00705   0.0096   0.0248   1.0000  71.3740 160.0000
   9.000   0.9400   0.02213   0.01059   0.0124   0.0207   1.0000  71.9001 160.0000
  10.000   1.0185   0.02723   0.01531   0.0156   0.0170   1.0000  72.4945 160.0000
  11.000   1.0660   0.03469   0.02163   0.0194   0.0137   1.0000  73.0794 160.0000
  12.000   1.0937   0.04009   0.02651   0.0244   0.0113   1.0000  73.6191 160.0000
  13.000   0.8959   0.09193   0.07767  -0.0107   0.0145   1.0000  72.9261 160.0000
