  
       XFOIL         Version 6.99
  
 Calculated polar for: S9037 (9%)                                      
  
 1 1 Reynolds number fixed          Mach number fixed         
  
 xtrf =   1.000 (top)        1.000 (bottom)  
 Mach =   0.000     Re =     0.500 e 6     Ncrit =   9.000  9.000
  
   alpha    CL        CD       CDp       CM     Top_Xtr  Bot_Xtr  Top_Itr  Bot_Itr
  ------ -------- --------- --------- -------- -------- -------- -------- --------
  -6.000  -0.1879   0.02859   0.02700  -0.0863   0.9546   0.0210   4.9245  90.1424
  -5.000  -0.1216   0.01755   0.01719  -0.0866   0.9179   0.0254   7.5235  90.6976
  -4.000  -0.0275   0.01387   0.00475  -0.0869   0.8997   0.0128   8.8057  88.6743
  -3.000   0.0753   0.01011   0.00169  -0.0839   0.8664   0.0129  11.1481  88.7190
  -2.000   0.1813   0.00806   0.00075  -0.0822   0.8285   0.1494  13.8374 100.2096
  -1.000   0.2839   0.00634   0.00068  -0.0807   0.7871   0.6515  16.7645 135.0383
   0.000   0.4093   0.00569   0.00056  -0.0822   0.7393   1.0000  20.1491 160.0000
   1.000   0.5128   0.00603   0.00053  -0.0802   0.6862   1.0000  23.9039 160.0000
   2.000   0.6175   0.00648   0.00057  -0.0785   0.6226   1.0000  28.3942 160.0000
   3.000   0.7220   0.00709   0.00068  -0.0770   0.5523   1.0000  33.3661 160.0000
   4.000   0.8249   0.00790   0.00087  -0.0754   0.4735   1.0000  38.9285 160.0000
   5.000   0.9261   0.00889   0.00117  -0.0738   0.3918   1.0000  44.6944 160.0000
   6.000   1.0247   0.01011   0.00157  -0.0718   0.3089   1.0000  50.5751 160.0000
   7.000   1.1189   0.01168   0.00214  -0.0694   0.2229   1.0000  56.7417 160.0000
   8.000   1.2080   0.01358   0.00293  -0.0664   0.1484   1.0000  62.2039 160.0000
   9.000   1.2893   0.01591   0.00395  -0.0624   0.0835   1.0000  67.2038 160.0000
  10.000   1.3597   0.01864   0.00525  -0.0570   0.0424   1.0000  70.7651 160.0000
  11.000   1.4074   0.02184   0.00675  -0.0482   0.0182   1.0000  73.6043 160.0000
  12.000   1.4154   0.02789   0.01000  -0.0366   0.0072   1.0000  76.0033 160.0000
  13.000   1.4237   0.03521   0.01487  -0.0296   0.0060   1.0000  76.4843 160.0000
  14.000   1.4091   0.04688   0.02377  -0.0269   0.0053   1.0000  76.7820 160.0000
  15.000   1.3658   0.06556   0.03943  -0.0307   0.0049   1.0000  76.9331 160.0000
