  
       XFOIL         Version 6.99
  
 Calculated polar for: S9104                                           
  
 1 1 Reynolds number fixed          Mach number fixed         
  
 xtrf =   1.000 (top)        1.000 (bottom)  
 Mach =   0.000     Re =     0.500 e 6     Ncrit =   9.000  9.000
  
   alpha    CL        CD       CDp       CM     Top_Xtr  Bot_Xtr  Top_Itr  Bot_Itr
  ------ -------- --------- --------- -------- -------- -------- -------- --------
  -6.000   0.5272   0.08899   0.06856  -0.1513   0.6613   0.0168  24.3132  91.7944
  -5.000   0.5213   0.08612   0.06366  -0.1400   0.5943   0.0171  27.1368  91.8730
  -4.000   0.5235   0.08265   0.05828  -0.1314   0.5587   0.0173  28.6210  91.9301
  -3.000   0.5135   0.08003   0.05383  -0.1205   0.5344   0.0174  29.6463  91.9609
  -2.000   0.5236   0.07594   0.04869  -0.1155   0.5153   0.0174  30.4577  91.9855
  -1.000   0.5528   0.06966   0.04357  -0.1134   0.4986   0.0176  31.1736  92.0487
   0.000   0.6023   0.06370   0.03921  -0.1152   0.4847   0.0187  31.7826  92.3647
   1.000   0.7561   0.05452   0.03216  -0.1436   0.4729   0.0209  32.3043  93.0194
   2.000   0.8906   0.04742   0.02815  -0.1608   0.4613   0.0221  32.8239  93.3583
   3.000   1.3984   0.03523   0.01845  -0.2601   0.4484   0.0282  33.4149  95.0432
   4.000   2.0516   0.03415   0.00305  -0.3768   0.4340   0.0448  34.0815  98.8319
   5.000   2.1580   0.03611   0.00251  -0.3764   0.4278   0.2319  34.3753 114.8704
   6.000   2.2369   0.03802   0.00254  -0.3708   0.4208   0.3226  34.7080 119.2154
   7.000   2.3245   0.03971   0.00209  -0.3671   0.4131   0.4233  35.0755 123.9272
   8.000   2.3899   0.04249   0.00273  -0.3597   0.4059   0.6571  35.4264 135.0869
   9.000   2.4502   0.04491   0.00305  -0.3516   0.3973   1.0000  35.8490 160.0000
  10.000   2.5032   0.04817   0.00380  -0.3429   0.3892   1.0000  36.2542 160.0000
  11.000   2.5426   0.05241   0.00511  -0.3328   0.3792   1.0000  36.7579 160.0000
  12.000   2.5730   0.05764   0.00709  -0.3223   0.3674   1.0000  37.3689 160.0000
  13.000   2.6017   0.06316   0.00903  -0.3126   0.3554   1.0000  38.0036 160.0000
  14.000   2.6133   0.07100   0.01309  -0.3025   0.3431   1.0000  38.6807 160.0000
  15.000   2.6138   0.08032   0.01839  -0.2930   0.3267   1.0000  39.6032 160.0000
