  
       XFOIL         Version 6.99
  
 Calculated polar for: SA7025                                          
  
 1 1 Reynolds number fixed          Mach number fixed         
  
 xtrf =   1.000 (top)        1.000 (bottom)  
 Mach =   0.000     Re =     1.000 e 6     Ncrit =   9.000  9.000
  
   alpha    CL        CD       CDp       CM     Top_Xtr  Bot_Xtr  Top_Itr  Bot_Itr
  ------ -------- --------- --------- -------- -------- -------- -------- --------
  -3.000   0.1029   0.00952   0.00234  -0.0950   0.8752   0.0125  10.7346  87.1417
  -2.000   0.2125   0.00727   0.00055  -0.0938   0.8467   0.0124  12.8352  87.1324
  -1.000   0.3238   0.00664   0.00003  -0.0932   0.8087   0.0162  15.6355  87.6965
   0.000   0.4278   0.00208  -0.00075  -0.0916   0.7415   0.4133  20.5813 117.1141
   1.000   0.5317   0.00168  -0.00061  -0.0900   0.6682   1.0000  25.9504 160.0000
   2.000   0.6380   0.00190  -0.00065  -0.0891   0.5845   1.0000  32.0563 160.0000
   3.000   0.7434   0.00216  -0.00066  -0.0882   0.4989   1.0000  38.2814 160.0000
   4.000   0.8463   0.00253  -0.00065  -0.0871   0.3971   1.0000  45.6975 160.0000
   5.000   0.9428   0.00321  -0.00053  -0.0852   0.2466   1.0000  56.7038 160.0000
   6.000   1.0264   0.00478   0.00007  -0.0817   0.0404   1.0000  72.6921 160.0000
   7.000   1.1156   0.00620   0.00034  -0.0784   0.0039   1.0000  77.9405 160.0000
   8.000   1.1947   0.00845   0.00093  -0.0735   0.0037   1.0000  78.0209 160.0000
   9.000   1.2529   0.01209   0.00235  -0.0658   0.0039   1.0000  77.9371 160.0000
  10.000   1.2916   0.01607   0.00400  -0.0554   0.0045   1.0000  77.7215 160.0000
