  
       XFOIL         Version 6.99
  
 Calculated polar for: SA7026                                          
  
 1 1 Reynolds number fixed          Mach number fixed         
  
 xtrf =   1.000 (top)        1.000 (bottom)  
 Mach =   0.000     Re =     0.500 e 6     Ncrit =   9.000  9.000
  
   alpha    CL        CD       CDp       CM     Top_Xtr  Bot_Xtr  Top_Itr  Bot_Itr
  ------ -------- --------- --------- -------- -------- -------- -------- --------
  -3.000   0.1364   0.01087   0.00267  -0.1044   0.8748   0.0170  10.7715  88.3537
  -2.000   0.2436   0.00920   0.00134  -0.1029   0.8525   0.0196  12.4140  88.7150
  -1.000   0.3502   0.00740   0.00090  -0.1022   0.8291   0.3871  14.1246 115.6908
   0.000   0.4684   0.00579   0.00086  -0.1030   0.8001   1.0000  16.2471 160.0000
   1.000   0.5750   0.00593   0.00073  -0.1018   0.7652   1.0000  18.8120 160.0000
   2.000   0.6813   0.00620   0.00064  -0.1005   0.7194   1.0000  22.1556 160.0000
   3.000   0.7862   0.00662   0.00063  -0.0991   0.6621   1.0000  26.3336 160.0000
   4.000   0.8869   0.00734   0.00070  -0.0970   0.5806   1.0000  32.2516 160.0000
   5.000   0.9809   0.00852   0.00092  -0.0940   0.4694   1.0000  40.2972 160.0000
   6.000   1.0638   0.01051   0.00142  -0.0895   0.3057   1.0000  52.1591 160.0000
   7.000   1.1323   0.01371   0.00241  -0.0832   0.1027   1.0000  67.2870 160.0000
   8.000   1.1920   0.01737   0.00367  -0.0752   0.0085   1.0000  76.5103 160.0000
   9.000   1.2378   0.02091   0.00501  -0.0647   0.0070   1.0000  76.9199 160.0000
  10.000   1.2597   0.02640   0.00785  -0.0529   0.0068   1.0000  76.9570 160.0000
  11.000   1.2901   0.03281   0.01161  -0.0444   0.0071   1.0000  76.8959 160.0000
  12.000   1.3186   0.04131   0.01715  -0.0377   0.0071   1.0000  76.8752 160.0000
  13.000   1.3134   0.05446   0.02726  -0.0316   0.0078   1.0000  76.6883 160.0000
  14.000   1.2253   0.07986   0.05035  -0.0334   0.0095   1.0000  76.2691 160.0000
  15.000   1.1443   0.11066   0.08289  -0.0494   0.0099   1.0000  76.1600 160.0000
