  
       XFOIL         Version 6.99
  
 Calculated polar for: SA7035                                          
  
 1 1 Reynolds number fixed          Mach number fixed         
  
 xtrf =   1.000 (top)        1.000 (bottom)  
 Mach =   0.000     Re =     1.000 e 6     Ncrit =   9.000  9.000
  
   alpha    CL        CD       CDp       CM     Top_Xtr  Bot_Xtr  Top_Itr  Bot_Itr
  ------ -------- --------- --------- -------- -------- -------- -------- --------
  -5.000  -0.2267   0.01182   0.00355  -0.0682   0.9278   0.0058   6.8745  86.2932
  -4.000  -0.1246   0.00928   0.00164  -0.0658   0.8987   0.0075   8.9352  86.8444
  -3.000  -0.0174   0.00770   0.00060  -0.0644   0.8635   0.0103  11.4414  87.6152
  -2.000   0.0899   0.00616   0.00010  -0.0636   0.8160   0.2297  14.8280 105.2956
  -1.000   0.1967   0.00509   0.00003  -0.0630   0.7535   0.5852  19.2806 130.1843
   0.000   0.3027   0.00476   0.00012  -0.0615   0.6817   0.8060  24.3792 145.6199
   1.000   0.4083   0.00479   0.00019  -0.0594   0.6069   0.9783  29.6787 157.8168
   2.000   0.5305   0.00531   0.00025  -0.0619   0.5233   1.0000  35.6023 160.0000
   3.000   0.6361   0.00594   0.00040  -0.0609   0.4441   1.0000  41.2180 160.0000
   4.000   0.7420   0.00673   0.00061  -0.0601   0.3615   1.0000  47.0804 160.0000
   5.000   0.8471   0.00764   0.00089  -0.0593   0.2824   1.0000  52.7368 160.0000
   6.000   0.9496   0.00881   0.00130  -0.0582   0.1992   1.0000  58.7498 160.0000
   7.000   1.0487   0.01028   0.00188  -0.0567   0.1217   1.0000  64.5132 160.0000
   8.000   1.1430   0.01213   0.00272  -0.0545   0.0570   1.0000  69.6996 160.0000
   9.000   1.2326   0.01422   0.00379  -0.0517   0.0216   1.0000  73.2547 160.0000
  10.000   1.3153   0.01664   0.00508  -0.0480   0.0089   1.0000  75.5589 160.0000
  11.000   1.3822   0.01984   0.00681  -0.0421   0.0045   1.0000  77.0308 160.0000
  12.000   1.4161   0.02371   0.00892  -0.0316   0.0027   1.0000  78.0281 160.0000
  13.000   1.4371   0.02863   0.01200  -0.0224   0.0022   1.0000  78.4545 160.0000
  14.000   1.4350   0.03693   0.01802  -0.0164   0.0019   1.0000  78.6766 160.0000
  15.000   1.4070   0.05132   0.02968  -0.0173   0.0017   1.0000  78.8097 160.0000
