  
       XFOIL         Version 6.99
  
 Calculated polar for: SA7036                                          
  
 1 1 Reynolds number fixed          Mach number fixed         
  
 xtrf =   1.000 (top)        1.000 (bottom)  
 Mach =   0.000     Re =     1.000 e 6     Ncrit =   9.000  9.000
  
   alpha    CL        CD       CDp       CM     Top_Xtr  Bot_Xtr  Top_Itr  Bot_Itr
  ------ -------- --------- --------- -------- -------- -------- -------- --------
  -6.000  -0.2969   0.01514   0.00693  -0.0772   0.9470   0.0065   5.4634  86.6009
  -5.000  -0.2011   0.01099   0.00324  -0.0740   0.9225   0.0083   7.2144  87.1480
  -4.000  -0.0961   0.00949   0.00198  -0.0723   0.8943   0.0116   9.2226  87.9938
  -3.000   0.0107   0.00768   0.00071  -0.0710   0.8599   0.0172  11.6764  89.0143
   0.000   0.3320   0.00479   0.00014  -0.0683   0.6816   0.8028  24.3974 145.4242
   1.000   0.4446   0.00481   0.00018  -0.0677   0.6070   0.9918  29.7023 158.9891
   2.000   0.5567   0.00535   0.00027  -0.0680   0.5256   1.0000  35.4771 160.0000
   3.000   0.6633   0.00600   0.00042  -0.0671   0.4483   1.0000  40.9662 160.0000
   4.000   0.7694   0.00680   0.00063  -0.0663   0.3646   1.0000  46.9157 160.0000
   5.000   0.8746   0.00769   0.00092  -0.0654   0.2894   1.0000  52.2898 160.0000
   6.000   0.9769   0.00885   0.00132  -0.0643   0.2098   1.0000  58.0370 160.0000
   7.000   1.0762   0.01024   0.00188  -0.0627   0.1363   1.0000  63.4623 160.0000
   8.000   1.1701   0.01206   0.00268  -0.0605   0.0691   1.0000  68.7080 160.0000
   9.000   1.2580   0.01422   0.00377  -0.0575   0.0256   1.0000  72.7744 160.0000
  10.000   1.3363   0.01691   0.00508  -0.0530   0.0046   1.0000  76.9915 160.0000
  11.000   1.4026   0.01996   0.00654  -0.0468   0.0026   1.0000  78.1657 160.0000
  12.000   1.4379   0.02354   0.00845  -0.0363   0.0020   1.0000  78.6099 160.0000
  13.000   1.4448   0.02953   0.01227  -0.0259   0.0018   1.0000  78.8128 160.0000
  14.000   1.4229   0.04013   0.02010  -0.0200   0.0017   1.0000  78.8910 160.0000
  15.000   1.3828   0.05726   0.03430  -0.0228   0.0017   1.0000  78.9137 160.0000
