  
       XFOIL         Version 6.99
  
 Calculated polar for: SA7038                                          
  
 1 1 Reynolds number fixed          Mach number fixed         
  
 xtrf =   1.000 (top)        1.000 (bottom)  
 Mach =   0.000     Re =     1.000 e 6     Ncrit =   9.000  9.000
  
   alpha    CL        CD       CDp       CM     Top_Xtr  Bot_Xtr  Top_Itr  Bot_Itr
  ------ -------- --------- --------- -------- -------- -------- -------- --------
  -4.000  -0.0452   0.00426   0.00194  -0.0829   0.8772   0.0125  10.4295  88.5762
  -3.000   0.0628   0.00309   0.00021  -0.0820   0.8453   0.0130  12.6968  88.6887
  -2.000   0.1730   0.00272  -0.00046  -0.0814   0.8009   0.0156  15.8523  89.2064
  -1.000   0.2826   0.00226  -0.00070  -0.0814   0.7449   0.2616  19.8287 107.9720
   0.000   0.3911   0.00495   0.00016  -0.0819   0.6834   0.7615  24.1763 142.6195
   1.000   0.5029   0.00487   0.00021  -0.0811   0.6102   1.0000  29.3392 160.0000
   2.000   0.6103   0.00544   0.00031  -0.0803   0.5321   1.0000  34.8387 160.0000
   3.000   0.7177   0.00610   0.00048  -0.0795   0.4566   1.0000  40.1558 160.0000
   4.000   0.8237   0.00691   0.00071  -0.0787   0.3751   1.0000  45.9038 160.0000
   5.000   0.9285   0.00783   0.00101  -0.0777   0.3014   1.0000  51.1265 160.0000
   6.000   1.0306   0.00895   0.00142  -0.0765   0.2259   1.0000  56.5301 160.0000
   7.000   1.1285   0.01040   0.00199  -0.0746   0.1490   1.0000  62.1522 160.0000
   8.000   1.2220   0.01211   0.00274  -0.0723   0.0857   1.0000  67.0163 160.0000
   9.000   1.3090   0.01418   0.00375  -0.0690   0.0372   1.0000  71.2546 160.0000
  10.000   1.3810   0.01720   0.00522  -0.0635   0.0052   1.0000  76.7603 160.0000
  11.000   1.4458   0.01986   0.00650  -0.0568   0.0037   1.0000  77.5098 160.0000
  12.000   1.4798   0.02348   0.00846  -0.0461   0.0032   1.0000  77.8192 160.0000
  13.000   1.4816   0.03004   0.01266  -0.0353   0.0029   1.0000  78.0065 160.0000
  14.000   1.4834   0.03840   0.01878  -0.0296   0.0028   1.0000  78.0989 160.0000
  15.000   1.4621   0.05206   0.02970  -0.0295   0.0026   1.0000  78.1969 160.0000
