  
       XFOIL         Version 6.99
  
 Calculated polar for: SIKORSKY SC1095R8 AIRFOIL                       
  
 1 1 Reynolds number fixed          Mach number fixed         
  
 xtrf =   1.000 (top)        1.000 (bottom)  
 Mach =   0.000     Re =     0.500 e 6     Ncrit =   9.000  9.000
  
   alpha    CL        CD       CDp       CM     Top_Xtr  Bot_Xtr  Top_Itr  Bot_Itr
  ------ -------- --------- --------- -------- -------- -------- -------- --------
  -5.000  -0.4466   0.04347   0.03653  -0.0327   1.0000   0.0313   1.0000  97.5801
  -4.000  -0.3754   0.03140   0.02412  -0.0305   0.9954   0.0362   1.5673  98.4786
  -3.000  -0.2297   0.01568   0.00714  -0.0353   0.9790   0.0280   3.2005  96.9015
  -2.000  -0.1159   0.01187   0.00386  -0.0332   0.9444   0.0295   6.0595  97.2145
  -1.000  -0.0208   0.01020   0.00240  -0.0269   0.8794   0.0343  10.1507  98.1508
   0.000   0.0844   0.00920   0.00148  -0.0229   0.7920   0.0454  15.3249  99.8839
   1.000   0.1851   0.00660   0.00093  -0.0198   0.6323   0.7623  24.8326 143.9564
   2.000   0.2879   0.00728   0.00112  -0.0144   0.4199   0.9898  37.4911 158.8052
   3.000   0.4114   0.00825   0.00125  -0.0157   0.2835   1.0000  45.6671 160.0000
   4.000   0.5149   0.00929   0.00155  -0.0130   0.1860   1.0000  51.7637 160.0000
   5.000   0.6235   0.01031   0.00208  -0.0110   0.1467   1.0000  54.3384 160.0000
   6.000   0.7320   0.01144   0.00273  -0.0091   0.1244   1.0000  55.8905 160.0000
   7.000   0.8397   0.01263   0.00351  -0.0071   0.1120   1.0000  56.8166 160.0000
   8.000   0.9454   0.01400   0.00449  -0.0048   0.1036   1.0000  57.4782 160.0000
   9.000   1.0464   0.01598   0.00581  -0.0021   0.0964   1.0000  58.0567 160.0000
  10.000   1.1476   0.01767   0.00715   0.0006   0.0920   1.0000  58.4428 160.0000
  11.000   1.2436   0.01987   0.00863   0.0036   0.0873   1.0000  58.8495 160.0000
  12.000   1.3334   0.02309   0.01109   0.0072   0.0841   1.0000  59.1391 160.0000
  13.000   1.4186   0.02604   0.01348   0.0111   0.0811   1.0000  59.4255 160.0000
  14.000   1.4969   0.02843   0.01486   0.0155   0.0769   1.0000  59.8271 160.0000
  15.000   1.5500   0.03301   0.01815   0.0216   0.0737   1.0000  60.1536 160.0000
