  
       XFOIL         Version 6.99
  
 Calculated polar for: SIKORSKY SC1094 R8 AIRFOIL                      
  
 1 1 Reynolds number fixed          Mach number fixed         
  
 xtrf =   1.000 (top)        1.000 (bottom)  
 Mach =   0.000     Re =     1.000 e 6     Ncrit =   9.000  9.000
  
   alpha    CL        CD       CDp       CM     Top_Xtr  Bot_Xtr  Top_Itr  Bot_Itr
  ------ -------- --------- --------- -------- -------- -------- -------- --------
  -6.000  -0.4641   0.02307   0.01592  -0.0293   0.9950   0.0199   1.6126  94.8908
  -5.000  -0.3507   0.01341   0.00625  -0.0306   0.9634   0.0186   4.5634  94.5267
  -4.000  -0.2504   0.01101   0.00385  -0.0269   0.9249   0.0197   7.3630  94.8546
  -3.000  -0.1457   0.00924   0.00233  -0.0243   0.8719   0.0217  10.5914  95.3861
  -2.000  -0.0359   0.00836   0.00140  -0.0228   0.7835   0.0252  15.8226  96.2635
  -1.000   0.0770   0.00816   0.00088  -0.0221   0.6380   0.0328  24.4818  97.8840
   0.000   0.1899   0.00826   0.00069  -0.0222   0.4291   0.1381  36.9280 107.2089
   1.000   0.2936   0.00656   0.00086  -0.0209   0.3074   0.8916  44.2029 151.5415
   2.000   0.4075   0.00712   0.00102  -0.0200   0.2091   0.9972  50.2669 159.6537
   4.000   0.6323   0.00859   0.00163  -0.0201   0.1234   1.0000  55.9431 160.0000
   5.000   0.7452   0.00933   0.00205  -0.0202   0.1076   1.0000  57.1356 160.0000
   6.000   0.8567   0.01024   0.00260  -0.0202   0.0963   1.0000  58.0428 160.0000
   7.000   0.9675   0.01108   0.00313  -0.0201   0.0898   1.0000  58.6126 160.0000
   8.000   1.0750   0.01228   0.00394  -0.0196   0.0841   1.0000  59.1218 160.0000
   9.000   1.1814   0.01340   0.00470  -0.0191   0.0802   1.0000  59.4900 160.0000
  10.000   1.2803   0.01532   0.00597  -0.0177   0.0751   1.0000  59.9864 160.0000
  11.000   1.3803   0.01673   0.00699  -0.0165   0.0734   1.0000  60.1667 160.0000
  12.000   1.4765   0.01824   0.00797  -0.0149   0.0704   1.0000  60.4883 160.0000
  13.000   1.5620   0.02047   0.00928  -0.0122   0.0663   1.0000  60.9266 160.0000
  14.000   1.6438   0.02248   0.01054  -0.0092   0.0641   1.0000  61.1815 160.0000
  15.000   1.7171   0.02423   0.01134  -0.0051   0.0607   1.0000  61.5842 160.0000
