  
       XFOIL         Version 6.99
  
 Calculated polar for: SIKORSKY SC1094 R8 AIRFOIL                      
  
 1 1 Reynolds number fixed          Mach number fixed         
  
 xtrf =   1.000 (top)        1.000 (bottom)  
 Mach =   0.000     Re =     0.500 e 6     Ncrit =   9.000  9.000
  
   alpha    CL        CD       CDp       CM     Top_Xtr  Bot_Xtr  Top_Itr  Bot_Itr
  ------ -------- --------- --------- -------- -------- -------- -------- --------
  -6.000  -0.4500   0.04373   0.03678  -0.0280   1.0000   0.0311   1.0000  97.5407
  -5.000  -0.3775   0.03147   0.02417  -0.0268   0.9952   0.0361   1.5832  98.4552
  -4.000  -0.2315   0.01865   0.01068  -0.0344   0.9783   0.0355   3.2614  98.3545
  -3.000  -0.1172   0.01192   0.00385  -0.0322   0.9438   0.0294   6.0992  97.1892
  -2.000  -0.0212   0.01026   0.00241  -0.0269   0.8787   0.0341  10.1881  98.1216
  -1.000   0.0847   0.00924   0.00148  -0.0242   0.7912   0.0452  15.3645  99.8657
   0.000   0.1863   0.00665   0.00093  -0.0223   0.6308   0.7573  24.9137 143.6736
   1.000   0.2885   0.00731   0.00112  -0.0178   0.4195   0.9888  37.4983 158.7091
   2.000   0.4140   0.00829   0.00126  -0.0209   0.2829   1.0000  45.6804 160.0000
   3.000   0.5182   0.00933   0.00156  -0.0196   0.1858   1.0000  51.7559 160.0000
   4.000   0.6275   0.01035   0.00209  -0.0191   0.1466   1.0000  54.3270 160.0000
   5.000   0.7369   0.01148   0.00273  -0.0187   0.1244   1.0000  55.8722 160.0000
   6.000   0.8453   0.01267   0.00351  -0.0181   0.1119   1.0000  56.8015 160.0000
   7.000   0.9517   0.01406   0.00450  -0.0174   0.1035   1.0000  57.4648 160.0000
   8.000   1.0534   0.01605   0.00582  -0.0163   0.0962   1.0000  58.0508 160.0000
   9.000   1.1554   0.01773   0.00716  -0.0151   0.0918   1.0000  58.4332 160.0000
  10.000   1.2522   0.01990   0.00863  -0.0135   0.0872   1.0000  58.8360 160.0000
  11.000   1.3425   0.02317   0.01111  -0.0114   0.0840   1.0000  59.1312 160.0000
  12.000   1.4284   0.02613   0.01351  -0.0089   0.0811   1.0000  59.4129 160.0000
  13.000   1.5074   0.02848   0.01486  -0.0058   0.0769   1.0000  59.8156 160.0000
  14.000   1.5613   0.03310   0.01816  -0.0006   0.0736   1.0000  60.1442 160.0000
  15.000   1.5880   0.03758   0.02137   0.0063   0.0707   1.0000  60.4509 160.0000
