  
       XFOIL         Version 6.99
  
 Calculated polar for: SIKORSKY SC1095R8 AIRFOIL                       
  
 1 1 Reynolds number fixed          Mach number fixed         
  
 xtrf =   1.000 (top)        1.000 (bottom)  
 Mach =   0.000     Re =     1.000 e 6     Ncrit =   9.000  9.000
  
   alpha    CL        CD       CDp       CM     Top_Xtr  Bot_Xtr  Top_Itr  Bot_Itr
  ------ -------- --------- --------- -------- -------- -------- -------- --------
  -5.000  -0.4611   0.02290   0.01574  -0.0337   0.9951   0.0199   1.6043  94.9012
  -4.000  -0.3479   0.01339   0.00627  -0.0339   0.9638   0.0187   4.5305  94.5492
  -3.000  -0.2484   0.01098   0.00385  -0.0293   0.9254   0.0198   7.3358  94.8742
  -2.000  -0.1444   0.00920   0.00233  -0.0256   0.8726   0.0218  10.5529  95.4078
  -1.000  -0.0354   0.00832   0.00140  -0.0229   0.7844   0.0253  15.7790  96.2819
   0.000   0.0766   0.00811   0.00087  -0.0209   0.6402   0.0329  24.3632  97.8965
   1.000   0.1888   0.00820   0.00068  -0.0197   0.4305   0.1401  36.8623 107.3152
   2.000   0.2915   0.00652   0.00086  -0.0171   0.3081   0.8935  44.1798 151.6501
   4.000   0.5166   0.00784   0.00128  -0.0135   0.1517   1.0000  54.0048 160.0000
   5.000   0.6282   0.00855   0.00162  -0.0120   0.1233   1.0000  55.9681 160.0000
   6.000   0.7404   0.00928   0.00204  -0.0105   0.1077   1.0000  57.1461 160.0000
   7.000   0.8511   0.01019   0.00259  -0.0089   0.0965   1.0000  58.0500 160.0000
   8.000   0.9611   0.01103   0.00312  -0.0072   0.0899   1.0000  58.6287 160.0000
   9.000   1.0678   0.01222   0.00393  -0.0051   0.0842   1.0000  59.1307 160.0000
  10.000   1.1735   0.01334   0.00469  -0.0030   0.0803   1.0000  59.5017 160.0000
  11.000   1.2713   0.01530   0.00599  -0.0000   0.0751   1.0000  60.0015 160.0000
  12.000   1.3709   0.01666   0.00697   0.0028   0.0735   1.0000  60.1765 160.0000
  13.000   1.4664   0.01817   0.00794   0.0059   0.0704   1.0000  60.4995 160.0000
  14.000   1.5501   0.02050   0.00933   0.0101   0.0663   1.0000  60.9470 160.0000
  15.000   1.6322   0.02240   0.01051   0.0144   0.0641   1.0000  61.1924 160.0000
