  
       XFOIL         Version 6.99
  
 Calculated polar for: SIKORSKY SC1012R8 AIRFOIL                       
  
 1 1 Reynolds number fixed          Mach number fixed         
  
 xtrf =   1.000 (top)        1.000 (bottom)  
 Mach =   0.000     Re =     0.500 e 6     Ncrit =   9.000  9.000
  
   alpha    CL        CD       CDp       CM     Top_Xtr  Bot_Xtr  Top_Itr  Bot_Itr
  ------ -------- --------- --------- -------- -------- -------- -------- --------
  -5.000  -0.2849   0.01826   0.00959  -0.0405   0.9327   0.0282   7.0103  99.5503
  -4.000  -0.1857   0.01442   0.00555  -0.0361   0.8938   0.0297   9.3571  99.9208
  -3.000  -0.0817   0.01232   0.00376  -0.0329   0.8448   0.0334  12.0252 100.7916
  -2.000   0.0259   0.01088   0.00243  -0.0305   0.7672   0.0384  16.1370 101.8685
  -1.000   0.1364   0.01019   0.00162  -0.0290   0.6455   0.0493  22.6383 103.8555
   0.000   0.2451   0.00941   0.00121  -0.0285   0.4692   0.3199  32.0855 121.4433
   1.000   0.3338   0.00845   0.00165  -0.0224   0.3574   0.9153  38.0894 152.8298
   2.000   0.4607   0.00925   0.00192  -0.0237   0.2735   0.9910  42.7067 158.9530
   3.000   0.5955   0.01023   0.00220  -0.0288   0.1943   1.0000  47.4207 160.0000
   4.000   0.6868   0.01110   0.00257  -0.0249   0.1623   1.0000  49.4890 160.0000
   5.000   0.7901   0.01223   0.00318  -0.0234   0.1416   1.0000  50.9191 160.0000
   6.000   0.8960   0.01349   0.00392  -0.0225   0.1271   1.0000  52.0160 160.0000
   7.000   1.0019   0.01466   0.00467  -0.0217   0.1180   1.0000  52.7624 160.0000
   8.000   1.1034   0.01622   0.00570  -0.0204   0.1107   1.0000  53.3874 160.0000
   9.000   1.1985   0.01826   0.00692  -0.0185   0.1042   1.0000  53.9686 160.0000
  10.000   1.2925   0.02007   0.00820  -0.0164   0.1005   1.0000  54.3272 160.0000
  11.000   1.3790   0.02220   0.00956  -0.0136   0.0968   1.0000  54.6857 160.0000
  12.000   1.4524   0.02551   0.01155  -0.0096   0.0933   1.0000  55.0413 160.0000
  13.000   1.5119   0.02849   0.01357  -0.0039   0.0913   1.0000  55.2550 160.0000
  14.000   1.5615   0.03252   0.01624   0.0011   0.0891   1.0000  55.4845 160.0000
  15.000   1.6014   0.03764   0.01956   0.0051   0.0873   1.0000  55.6807 160.0000
