  
       XFOIL         Version 6.99
  
 Calculated polar for: NASA SC(2)-0012 AIRFOIL                         
  
 1 1 Reynolds number fixed          Mach number fixed         
  
 xtrf =   1.000 (top)        1.000 (bottom)  
 Mach =   0.000     Re =     1.000 e 6     Ncrit =   9.000  9.000
  
   alpha    CL        CD       CDp       CM     Top_Xtr  Bot_Xtr  Top_Itr  Bot_Itr
  ------ -------- --------- --------- -------- -------- -------- -------- --------
  -6.000  -0.6621   0.01063   0.00274  -0.0007   0.8930   0.0523   8.2236  99.6618
  -5.000  -0.5557   0.00998   0.00220   0.0003   0.8389   0.0627  11.1197 100.9385
  -4.000  -0.4459   0.00916   0.00171   0.0005   0.8108   0.0902  12.6104 103.5344
  -3.000  -0.3362   0.00809   0.00129   0.0005   0.7913   0.2039  13.6488 111.5196
  -2.000  -0.2308   0.00611   0.00079   0.0007   0.7742   0.5533  14.5583 133.2053
  -1.000  -0.1167   0.00579   0.00087   0.0006   0.7507   0.6881  15.8142 141.7897
   0.000   0.0000   0.00581   0.00091  -0.0000   0.7271   0.7271  17.0763 143.9237
   1.000   0.1167   0.00579   0.00087  -0.0006   0.6881   0.7507  19.2103 145.1858
   2.000   0.2308   0.00611   0.00079  -0.0007   0.5533   0.7742  27.7952 146.4416
   3.000   0.3363   0.00809   0.00129  -0.0005   0.2039   0.7913  49.4816 147.3511
   4.000   0.4459   0.00916   0.00171  -0.0005   0.0902   0.8108  57.4664 148.3895
   5.000   0.5558   0.00998   0.00220  -0.0004   0.0627   0.8389  60.0618 149.8800
   6.000   0.6622   0.01063   0.00274   0.0006   0.0523   0.8930  61.3386 152.7752
   7.000   0.7662   0.01139   0.00329   0.0023   0.0440   0.9765  62.5417 157.7725
   8.000   0.8871   0.01258   0.00395  -0.0006   0.0353   1.0000  64.0342 160.0000
   9.000   0.9876   0.01376   0.00460   0.0009   0.0279   1.0000  65.6133 160.0000
  10.000   1.0831   0.01552   0.00568   0.0029   0.0226   1.0000  66.9258 160.0000
  11.000   1.1747   0.01745   0.00697   0.0054   0.0203   1.0000  67.5881 160.0000
  12.000   1.2521   0.02030   0.00889   0.0095   0.0187   1.0000  68.0686 160.0000
  13.000   1.3177   0.02316   0.01086   0.0152   0.0178   1.0000  68.3492 160.0000
  14.000   1.3603   0.02705   0.01351   0.0224   0.0171   1.0000  68.5787 160.0000
  15.000   1.3883   0.03293   0.01769   0.0275   0.0165   1.0000  68.7579 160.0000
