  
       XFOIL         Version 6.99
  
 Calculated polar for: NASA SC(2)-0412 AIRFOIL                         
  
 1 1 Reynolds number fixed          Mach number fixed         
  
 xtrf =   1.000 (top)        1.000 (bottom)  
 Mach =   0.000     Re =     1.000 e 6     Ncrit =   9.000  9.000
  
   alpha    CL        CD       CDp       CM     Top_Xtr  Bot_Xtr  Top_Itr  Bot_Itr
  ------ -------- --------- --------- -------- -------- -------- -------- --------
  -6.000  -0.4992   0.01014   0.00263  -0.0558   0.9908   0.0578   2.0378  98.6347
  -5.000  -0.3590   0.00905   0.00204  -0.0628   0.9840   0.0812   2.6338 100.9943
  -4.000  -0.2156   0.00766   0.00147  -0.0708   0.9768   0.1863   3.2371 108.0294
  -3.000  -0.0720   0.00533   0.00087  -0.0798   0.9569   0.5595   4.7287 131.0544
  -2.000   0.0454   0.00528   0.00096  -0.0801   0.9187   0.6279   7.2221 135.2637
  -1.000   0.1595   0.00555   0.00101  -0.0794   0.8544   0.6555  11.0459 136.9104
   0.000   0.2744   0.00599   0.00112  -0.0791   0.7690   0.6756  16.0107 138.0773
   1.000   0.3856   0.00704   0.00128  -0.0785   0.5505   0.6886  28.9473 138.8149
   2.000   0.4934   0.00913   0.00174  -0.0783   0.1948   0.6951  49.7516 139.1779
   3.000   0.6061   0.01017   0.00213  -0.0785   0.0974   0.7015  56.1103 139.5309
   4.000   0.7192   0.01107   0.00254  -0.0786   0.0664   0.7084  58.8323 139.9079
   5.000   0.8315   0.01188   0.00304  -0.0785   0.0541   0.7157  60.2557 140.3099
   6.000   0.9419   0.01284   0.00358  -0.0781   0.0443   0.7228  61.6252 140.7007
   7.000   1.0497   0.01406   0.00429  -0.0773   0.0358   0.7302  63.0413 141.1062
   8.000   1.1552   0.01532   0.00510  -0.0761   0.0301   0.7384  64.1904 141.5643
   9.000   1.2563   0.01701   0.00618  -0.0743   0.0260   0.7464  65.1239 142.0156
  10.000   1.3531   0.01885   0.00747  -0.0718   0.0232   0.7559  65.8248 142.5749
  11.000   1.4425   0.02122   0.00917  -0.0683   0.0212   0.7650  66.3531 143.1144
  12.000   1.5235   0.02383   0.01102  -0.0637   0.0197   0.7754  66.7657 143.7396
  13.000   1.5779   0.02792   0.01398  -0.0556   0.0187   0.7865  67.0775 144.4094
  14.000   1.6099   0.03202   0.01698  -0.0448   0.0180   0.7997  67.2762 145.2100
  15.000   1.6257   0.03835   0.02173  -0.0361   0.0174   0.8139  67.4631 146.0753
