  
       XFOIL         Version 6.99
  
 Calculated polar for: NASA SC(2)-0606 AIRFOIL                         
  
 1 1 Reynolds number fixed          Mach number fixed         
  
 xtrf =   1.000 (top)        1.000 (bottom)  
 Mach =   0.000     Re =     0.500 e 6     Ncrit =   9.000  9.000
  
   alpha    CL        CD       CDp       CM     Top_Xtr  Bot_Xtr  Top_Itr  Bot_Itr
  ------ -------- --------- --------- -------- -------- -------- -------- --------
  -6.000  -0.4096   0.01593   0.00634  -0.0560   1.0000   0.0173   1.0000  87.0536
  -5.000  -0.2921   0.01122   0.00284  -0.0585   1.0000   0.0220   1.0000  87.5679
  -4.000  -0.1685   0.00892   0.00129  -0.0620   1.0000   0.0688   1.0000  91.3944
  -3.000  -0.0307   0.00646   0.00112  -0.0701   1.0000   0.6270   1.0000 132.0651
  -2.000   0.0807   0.00650   0.00147  -0.0699   1.0000   0.7272   1.0000 139.2386
  -1.000   0.1895   0.00674   0.00185  -0.0693   1.0000   0.7776   1.0000 142.8581
   0.000   0.3359   0.00641   0.00170  -0.0767   0.9817   0.8119   2.8801 145.3612
   1.000   0.4624   0.00909   0.00143  -0.0791   0.2311   0.8366  57.5972 147.1706
   2.000   0.5651   0.01167   0.00258  -0.0773   0.0240   0.8629  73.1396 149.1168
   3.000   0.6669   0.01429   0.00454  -0.0745   0.0183   0.8902  73.7858 151.1255
   4.000   0.7626   0.02160   0.01038  -0.0698   0.0170   0.9199  73.9308 153.3214
   5.000   0.7921   0.03447   0.02608  -0.0546   0.0250   0.9409  73.0287 154.8935
