  
       XFOIL         Version 6.99
  
 Calculated polar for: NASA SC(2)-0406 AIRFOIL                         
  
 1 1 Reynolds number fixed          Mach number fixed         
  
 xtrf =   1.000 (top)        1.000 (bottom)  
 Mach =   0.000     Re =     1.000 e 6     Ncrit =   9.000  9.000
  
   alpha    CL        CD       CDp       CM     Top_Xtr  Bot_Xtr  Top_Itr  Bot_Itr
  ------ -------- --------- --------- -------- -------- -------- -------- --------
  -6.000  -0.5304   0.01405   0.00565  -0.0328   1.0000   0.0105   1.0000  85.8200
  -5.000  -0.4164   0.00957   0.00205  -0.0340   1.0000   0.0105   1.0000  85.8085
  -4.000  -0.2997   0.00767   0.00082  -0.0355   1.0000   0.0217   1.0000  87.3972
  -3.000  -0.1860   0.00676   0.00050  -0.0364   1.0000   0.0910   1.0000  92.9607
  -2.000  -0.0706   0.00460   0.00023  -0.0391   1.0000   0.5839   1.0000 129.0648
  -1.000   0.0460   0.00425   0.00036  -0.0404   0.9963   0.7131   1.4817 138.3604
   0.000   0.1761   0.00424   0.00041  -0.0438   0.9082   0.7726   8.2608 142.6132
   1.000   0.2761   0.00652   0.00057  -0.0413   0.3207   0.8237  50.8219 146.3318
   2.000   0.3861   0.00795   0.00093  -0.0416   0.0535   0.8616  70.4391 149.1010
   3.000   0.4952   0.00891   0.00142  -0.0408   0.0132   0.9017  74.2850 152.0971
   4.000   0.5932   0.01005   0.00229  -0.0373   0.0112   0.9815  74.6418 158.0719
