  
       XFOIL         Version 6.99
  
 Calculated polar for: NASA SC(2)-0610 AIRFOIL                         
  
 1 1 Reynolds number fixed          Mach number fixed         
  
 xtrf =   1.000 (top)        1.000 (bottom)  
 Mach =   0.000     Re =     0.500 e 6     Ncrit =   9.000  9.000
  
   alpha    CL        CD       CDp       CM     Top_Xtr  Bot_Xtr  Top_Itr  Bot_Itr
  ------ -------- --------- --------- -------- -------- -------- -------- --------
  -6.000  -0.4587   0.01298   0.00410  -0.0565   1.0000   0.0504   1.0000  95.9983
  -5.000  -0.3179   0.01161   0.00343  -0.0645   0.9968   0.0793   1.4039  98.4929
  -4.000  -0.1635   0.00944   0.00286  -0.0765   0.9955   0.3529   1.5578 116.2503
  -3.000  -0.0150   0.00875   0.00341  -0.0854   0.9928   0.6510   1.8967 135.6918
  -2.000   0.1275   0.00899   0.00380  -0.0914   0.9822   0.6940   2.9056 138.4382
  -1.000   0.2890   0.00838   0.00330  -0.1003   0.9620   0.7203   4.4841 140.0480
   0.000   0.4207   0.00776   0.00271  -0.1025   0.9152   0.7323   7.7163 140.7601
   1.000   0.5228   0.00855   0.00229  -0.0984   0.6424   0.7411  25.6101 141.2908
   2.000   0.6132   0.01219   0.00312  -0.0952   0.1158   0.7504  58.7173 141.8459
   3.000   0.7214   0.01347   0.00379  -0.0944   0.0639   0.7578  62.4986 142.3075
   4.000   0.8289   0.01492   0.00460  -0.0936   0.0450   0.7675  64.3628 142.9095
   5.000   0.9312   0.01688   0.00578  -0.0916   0.0330   0.7749  65.9508 143.3816
   6.000   1.0321   0.01946   0.00744  -0.0896   0.0271   0.7848  66.9716 144.0100
   7.000   1.1285   0.02260   0.01005  -0.0866   0.0244   0.7932  67.5188 144.5608
   8.000   1.2185   0.02742   0.01368  -0.0833   0.0222   0.8027  67.9612 145.1870
   9.000   1.2876   0.03490   0.02077  -0.0768   0.0210   0.8125  68.2592 145.8349
  10.000   1.2664   0.05233   0.03784  -0.0613   0.0208   0.8212  68.3040 146.4043
  11.000   1.1325   0.07538   0.06021  -0.0502   0.0214   0.8309  68.1462 147.0391
