  
       XFOIL         Version 6.99
  
 Calculated polar for: NASA SC(2)-0612 AIRFOIL                         
  
 1 1 Reynolds number fixed          Mach number fixed         
  
 xtrf =   1.000 (top)        1.000 (bottom)  
 Mach =   0.000     Re =     1.000 e 6     Ncrit =   9.000  9.000
  
   alpha    CL        CD       CDp       CM     Top_Xtr  Bot_Xtr  Top_Itr  Bot_Itr
  ------ -------- --------- --------- -------- -------- -------- -------- --------
  -6.000  -0.2965   0.00951   0.00238  -0.0929   0.9805   0.0720   2.9406 100.4023
  -5.000  -0.1607   0.00845   0.00190  -0.0991   0.9739   0.1190   3.4534 104.1155
  -4.000  -0.0099   0.00636   0.00124  -0.1098   0.9688   0.3970   3.8485 120.9377
  -3.000   0.1218   0.00547   0.00113  -0.1143   0.9531   0.5968   4.9819 133.5276
  -2.000   0.2348   0.00542   0.00105  -0.1133   0.9143   0.6320   7.5753 135.7575
  -1.000   0.3487   0.00562   0.00107  -0.1126   0.8527   0.6568  11.5314 137.2850
   0.000   0.4608   0.00621   0.00110  -0.1117   0.7321   0.6717  18.9421 138.1724
   1.000   0.5585   0.00890   0.00167  -0.1091   0.2770   0.6799  45.7017 138.6336
   2.000   0.6667   0.01046   0.00213  -0.1085   0.0995   0.6878  56.7299 139.0761
   3.000   0.7781   0.01131   0.00257  -0.1082   0.0687   0.6957  59.3176 139.5071
   4.000   0.8890   0.01219   0.00301  -0.1077   0.0564   0.7029  60.6543 139.8959
   5.000   0.9978   0.01316   0.00356  -0.1069   0.0454   0.7107  62.1000 140.3175
   6.000   1.1049   0.01419   0.00408  -0.1057   0.0355   0.7192  63.7404 140.7685
   7.000   1.2072   0.01570   0.00496  -0.1037   0.0291   0.7272  65.0056 141.1966
   8.000   1.3070   0.01723   0.00594  -0.1013   0.0256   0.7360  65.8063 141.6677
   9.000   1.4005   0.01924   0.00730  -0.0978   0.0233   0.7447  66.3965 142.1407
  10.000   1.4842   0.02184   0.00904  -0.0930   0.0212   0.7538  66.9205 142.6431
  11.000   1.5598   0.02467   0.01105  -0.0869   0.0201   0.7631  67.2365 143.1672
  12.000   1.6199   0.02761   0.01309  -0.0786   0.0190   0.7731  67.5597 143.7456
  13.000   1.6535   0.03160   0.01581  -0.0671   0.0181   0.7832  67.8040 144.3396
  14.000   1.6502   0.03949   0.02165  -0.0547   0.0174   0.7932  68.0174 144.9363
  15.000   1.6541   0.04796   0.02830  -0.0476   0.0171   0.8039  68.1187 145.5800
