  
       XFOIL         Version 6.99
  
 Calculated polar for: NASA SC(2)-0606 AIRFOIL                         
  
 1 1 Reynolds number fixed          Mach number fixed         
  
 xtrf =   1.000 (top)        1.000 (bottom)  
 Mach =   0.000     Re =     1.000 e 6     Ncrit =   9.000  9.000
  
   alpha    CL        CD       CDp       CM     Top_Xtr  Bot_Xtr  Top_Itr  Bot_Itr
  ------ -------- --------- --------- -------- -------- -------- -------- --------
  -6.000  -0.3965   0.01067   0.00329  -0.0593   1.0000   0.0120   1.0000  86.2656
  -5.000  -0.2806   0.00875   0.00182  -0.0611   1.0000   0.0146   1.0000  86.6630
  -4.000  -0.1627   0.00757   0.00112  -0.0632   1.0000   0.0473   1.0000  89.7821
  -3.000  -0.0223   0.00549   0.00082  -0.0716   1.0000   0.5016   1.0000 122.9890
  -2.000   0.0962   0.00521   0.00105  -0.0735   1.0000   0.6571   1.0000 134.2524
  -1.000   0.2374   0.00488   0.00093  -0.0801   0.9923   0.7174   1.9987 138.5456
   0.000   0.3799   0.00489   0.00042  -0.0857   0.7831   0.7586  17.6892 141.4781
   1.000   0.4765   0.00849   0.00107  -0.0837   0.0634   0.7876  69.9397 143.5913
   2.000   0.5862   0.00976   0.00176  -0.0830   0.0152   0.8123  74.1736 145.3937
   3.000   0.6935   0.01151   0.00309  -0.0817   0.0125   0.8366  74.6030 147.1729
