  
       XFOIL         Version 6.99
  
 Calculated polar for: NASA SC(2)-1010 AIRFOIL                         
  
 1 1 Reynolds number fixed          Mach number fixed         
  
 xtrf =   1.000 (top)        1.000 (bottom)  
 Mach =   0.000     Re =     1.000 e 6     Ncrit =   9.000  9.000
  
   alpha    CL        CD       CDp       CM     Top_Xtr  Bot_Xtr  Top_Itr  Bot_Itr
  ------ -------- --------- --------- -------- -------- -------- -------- --------
  -6.000   0.1566   0.00642   0.00113  -0.1495   0.9522   0.2919   5.1503 113.7245
  -5.000   0.2799   0.00578   0.00105  -0.1524   0.9390   0.4572   6.0533 124.2138
  -4.000   0.3972   0.00554   0.00100  -0.1532   0.9180   0.5376   7.4540 129.1155
  -3.000   0.5111   0.00545   0.00083  -0.1528   0.8772   0.5931  10.1770 132.4068
  -2.000   0.6244   0.00560   0.00072  -0.1522   0.8080   0.6365  14.8510 134.9690
  -1.000   0.7228   0.00764   0.00110  -0.1490   0.4662   0.6764  37.0905 137.3696
   0.000   0.8191   0.01045   0.00200  -0.1464   0.1023   0.7077  60.4225 139.2499
   1.000   0.9255   0.01173   0.00261  -0.1450   0.0446   0.7352  65.2437 140.9321
   2.000   1.0313   0.01287   0.00327  -0.1433   0.0331   0.7580  66.7950 142.3292
   3.000   1.1336   0.01432   0.00413  -0.1410   0.0259   0.7795  68.0359 143.6899
   4.000   1.2328   0.01597   0.00512  -0.1381   0.0214   0.7989  68.9737 144.9417
   5.000   1.3293   0.01764   0.00626  -0.1346   0.0191   0.8189  69.5554 146.2651
   6.000   1.4160   0.02030   0.00800  -0.1296   0.0170   0.8365  70.0831 147.4388
   7.000   1.5004   0.02278   0.00979  -0.1243   0.0157   0.8544  70.4615 148.6464
   9.000   1.6174   0.03102   0.01576  -0.1061   0.0137   0.8961  71.0533 151.5298
  10.000   1.6427   0.03533   0.01921  -0.0924   0.0132   1.0001  71.2271 160.0000
  11.000   1.6531   0.04240   0.02477  -0.0805   0.0127   1.0001  71.4067 160.0000
  12.000   1.6386   0.05270   0.03324  -0.0707   0.0123   1.0001  71.5483 160.0000
  13.000   1.5927   0.06924   0.04768  -0.0674   0.0120   1.0001  71.6349 160.0000
  14.000   1.4725   0.10833   0.08621  -0.0871   0.0121   1.0001  71.6159 160.0000
