  
       XFOIL         Version 6.99
  
 Calculated polar for: SIKORSKY SC2110 AIRFOIL                         
  
 1 1 Reynolds number fixed          Mach number fixed         
  
 xtrf =   1.000 (top)        1.000 (bottom)  
 Mach =   0.000     Re =     0.500 e 6     Ncrit =   9.000  9.000
  
   alpha    CL        CD       CDp       CM     Top_Xtr  Bot_Xtr  Top_Itr  Bot_Itr
  ------ -------- --------- --------- -------- -------- -------- -------- --------
  -6.000  -0.4358   0.02954   0.02760  -0.0301   0.9262   0.0223   7.6234  94.1761
  -5.000  -0.3633   0.01847   0.01735  -0.0266   0.9125   0.0271   8.5501  95.1282
  -3.000  -0.1790   0.00627   0.00386  -0.0168   0.8777   0.0209  10.8064  93.8787
  -2.000  -0.0805   0.01161   0.00325  -0.0137   0.8602   0.0254  11.9077  94.8240
  -1.000   0.0288   0.00972   0.00187  -0.0124   0.8312   0.0373  13.7484  96.6852
   0.000   0.1301   0.00627   0.00139  -0.0102   0.7941   0.8557  16.1142 149.4865
   1.000   0.2136   0.00630   0.00131  -0.0011   0.7129   0.9519  21.3606 155.6394
   2.000   0.3279   0.00807   0.00126  -0.0024   0.3455   0.9828  44.7852 158.0627
   3.000   0.4736   0.00911   0.00159  -0.0107   0.2466   0.9960  50.9993 159.4769
   4.000   0.5843   0.00986   0.00185  -0.0118   0.2016   1.0000  53.9081 160.0000
   5.000   0.6926   0.01079   0.00227  -0.0122   0.1703   1.0000  55.9893 160.0000
   6.000   0.8046   0.01174   0.00279  -0.0132   0.1475   1.0000  57.5616 160.0000
   7.000   0.9141   0.01302   0.00347  -0.0140   0.1288   1.0000  58.8899 160.0000
   8.000   1.0203   0.01454   0.00434  -0.0143   0.1136   1.0000  60.0096 160.0000
   9.000   1.1237   0.01616   0.00529  -0.0142   0.1011   1.0000  60.9802 160.0000
  10.000   1.2248   0.01772   0.00625  -0.0139   0.0912   1.0000  61.7945 160.0000
  11.000   1.3203   0.01956   0.00730  -0.0130   0.0808   1.0000  62.6899 160.0000
  12.000   1.4086   0.02168   0.00849  -0.0114   0.0713   1.0000  63.5755 160.0000
  13.000   1.4873   0.02401   0.00971  -0.0089   0.0618   1.0000  64.5223 160.0000
  14.000   1.5458   0.02711   0.01146  -0.0045   0.0536   1.0000  65.4248 160.0000
  15.000   1.5947   0.03125   0.01391  -0.0007   0.0441   1.0000  66.5783 160.0000
