  
       XFOIL         Version 6.99
  
 Calculated polar for: SD5060 (9.5%)                                   
  
 1 1 Reynolds number fixed          Mach number fixed         
  
 xtrf =   1.000 (top)        1.000 (bottom)  
 Mach =   0.000     Re =     1.000 e 6     Ncrit =   9.000  9.000
  
   alpha    CL        CD       CDp       CM     Top_Xtr  Bot_Xtr  Top_Itr  Bot_Itr
  ------ -------- --------- --------- -------- -------- -------- -------- --------
  -6.000  -0.4167   0.01109   0.00321  -0.0532   0.8999   0.0166   8.6855  89.9660
  -5.000  -0.3111   0.00915   0.00171  -0.0518   0.8647   0.0197  11.0982  90.5292
  -4.000  -0.2004   0.00815   0.00094  -0.0510   0.8299   0.0262  13.4653  91.5435
  -3.000  -0.0897   0.00703   0.00045  -0.0507   0.7946   0.1359  15.8678 100.5814
  -2.000   0.0230   0.00651   0.00027  -0.0505   0.7564   0.2253  18.4818 106.7755
  -1.000   0.1354   0.00599   0.00017  -0.0504   0.7123   0.3700  21.5001 116.6024
   1.000   0.3550   0.00505   0.00025  -0.0488   0.6001   0.8243  29.2067 147.2843
   2.000   0.4727   0.00514   0.00028  -0.0493   0.5220   1.0000  34.5801 160.0000
   3.000   0.5825   0.00584   0.00042  -0.0488   0.4260   1.0000  41.1879 160.0000
   4.000   0.6906   0.00686   0.00072  -0.0483   0.3084   1.0000  49.3121 160.0000
   5.000   0.7973   0.00803   0.00116  -0.0476   0.2100   1.0000  56.1753 160.0000
   6.000   0.9035   0.00914   0.00165  -0.0469   0.1482   1.0000  60.5690 160.0000
   7.000   1.0084   0.01028   0.00220  -0.0460   0.1086   1.0000  63.4782 160.0000
   8.000   1.1107   0.01158   0.00285  -0.0448   0.0766   1.0000  65.9682 160.0000
   9.000   1.2090   0.01315   0.00366  -0.0432   0.0468   1.0000  68.5949 160.0000
  10.000   1.3008   0.01517   0.00482  -0.0408   0.0255   1.0000  71.0020 160.0000
  11.000   1.3811   0.01793   0.00644  -0.0371   0.0088   1.0000  74.5523 160.0000
  12.000   1.4454   0.02135   0.00846  -0.0313   0.0054   1.0000  75.9146 160.0000
  13.000   1.4766   0.02516   0.01077  -0.0216   0.0048   1.0000  76.2578 160.0000
  14.000   1.4898   0.03112   0.01486  -0.0142   0.0043   1.0000  76.5123 160.0000
  15.000   1.4821   0.04109   0.02244  -0.0114   0.0040   1.0000  76.6926 160.0000
