  
       XFOIL         Version 6.99
  
 Calculated polar for: SD7080 (9.2%)                                   
  
 1 1 Reynolds number fixed          Mach number fixed         
  
 xtrf =   1.000 (top)        1.000 (bottom)  
 Mach =   0.000     Re =     1.000 e 6     Ncrit =   9.000  9.000
  
   alpha    CL        CD       CDp       CM     Top_Xtr  Bot_Xtr  Top_Itr  Bot_Itr
  ------ -------- --------- --------- -------- -------- -------- -------- --------
  -6.000  -0.3131   0.01521   0.00711  -0.0755   0.9615   0.0139   4.4447  89.1160
  -5.000  -0.2176   0.01138   0.00380  -0.0721   0.9408   0.0141   5.9261  89.1386
  -4.000  -0.1171   0.00901   0.00196  -0.0695   0.9175   0.0149   7.5541  89.3018
  -3.000  -0.0108   0.00769   0.00092  -0.0678   0.8897   0.0175   9.4997  89.7712
  -2.000   0.0982   0.00685   0.00036  -0.0666   0.8513   0.0537  12.1906  93.6757
  -1.000   0.2041   0.00547   0.00009  -0.0658   0.7893   0.4164  16.5620 119.0870
   0.000   0.3061   0.00473   0.00017  -0.0636   0.6987   0.7905  22.9012 144.7439
   1.000   0.4056   0.00484   0.00026  -0.0601   0.6044   0.9556  29.4668 156.1894
   2.000   0.5320   0.00543   0.00031  -0.0634   0.5047   1.0000  36.4033 160.0000
   3.000   0.6367   0.00615   0.00048  -0.0621   0.4140   1.0000  42.7168 160.0000
   4.000   0.7421   0.00696   0.00071  -0.0610   0.3311   1.0000  48.5158 160.0000
   5.000   0.8467   0.00789   0.00103  -0.0600   0.2559   1.0000  53.8065 160.0000
   6.000   0.9479   0.00915   0.00149  -0.0585   0.1695   1.0000  60.0076 160.0000
   7.000   1.0477   0.01048   0.00206  -0.0569   0.1074   1.0000  64.6385 160.0000
   8.000   1.1410   0.01238   0.00296  -0.0545   0.0442   1.0000  69.9056 160.0000
   9.000   1.2256   0.01501   0.00429  -0.0506   0.0079   1.0000  75.5030 160.0000
  10.000   1.3060   0.01761   0.00570  -0.0461   0.0060   1.0000  76.1700 160.0000
  11.000   1.3716   0.02073   0.00757  -0.0398   0.0052   1.0000  76.4805 160.0000
  12.000   1.4011   0.02460   0.00997  -0.0285   0.0048   1.0000  76.6562 160.0000
  13.000   1.4058   0.03076   0.01424  -0.0182   0.0045   1.0000  76.7835 160.0000
  14.000   1.3827   0.04173   0.02267  -0.0130   0.0043   1.0000  76.8752 160.0000
  15.000   1.3384   0.05989   0.03795  -0.0170   0.0042   1.0000  76.9305 160.0000
