  
       XFOIL         Version 6.99
  
 Calculated polar for: SD7032-099-88                                   
  
 1 1 Reynolds number fixed          Mach number fixed         
  
 xtrf =   1.000 (top)        1.000 (bottom)  
 Mach =   0.000     Re =     0.500 e 6     Ncrit =   9.000  9.000
  
   alpha    CL        CD       CDp       CM     Top_Xtr  Bot_Xtr  Top_Itr  Bot_Itr
  ------ -------- --------- --------- -------- -------- -------- -------- --------
  -5.000  -0.0808   0.01527   0.00646  -0.1011   0.9205   0.0166   7.3312  90.7199
  -4.000   0.0216   0.01175   0.00342  -0.0987   0.8936   0.0225   9.1665  91.7857
  -3.000   0.1277   0.00947   0.00170  -0.0970   0.8617   0.0349  11.3551  93.3961
  -2.000   0.2368   0.00791   0.00087  -0.0962   0.8240   0.1959  13.9436 105.1063
  -1.000   0.3440   0.00654   0.00079  -0.0955   0.7770   0.6183  17.1864 133.2979
   1.000   0.5579   0.00625   0.00071  -0.0915   0.6582   1.0000  25.3387 160.0000
   2.000   0.6664   0.00684   0.00077  -0.0908   0.5891   1.0000  30.0678 160.0000
   3.000   0.7735   0.00755   0.00093  -0.0900   0.5183   1.0000  34.9044 160.0000
   4.000   0.8792   0.00837   0.00116  -0.0890   0.4501   1.0000  39.5661 160.0000
   5.000   0.9826   0.00935   0.00148  -0.0878   0.3848   1.0000  44.0458 160.0000
   6.000   1.0838   0.01046   0.00188  -0.0864   0.3202   1.0000  48.4965 160.0000
   7.000   1.1808   0.01184   0.00239  -0.0844   0.2551   1.0000  53.0329 160.0000
   8.000   1.2738   0.01341   0.00303  -0.0819   0.1968   1.0000  57.1728 160.0000
   9.000   1.3593   0.01536   0.00388  -0.0784   0.1402   1.0000  61.3127 160.0000
  10.000   1.4296   0.01806   0.00514  -0.0729   0.0814   1.0000  65.9160 160.0000
  11.000   1.4760   0.02125   0.00678  -0.0638   0.0487   1.0000  68.8204 160.0000
  12.000   1.5153   0.02498   0.00892  -0.0554   0.0328   1.0000  70.5184 160.0000
  13.000   1.5385   0.03053   0.01241  -0.0478   0.0217   1.0000  72.0125 160.0000
  14.000   1.5427   0.03902   0.01821  -0.0425   0.0118   1.0000  74.0450 160.0000
  15.000   1.5208   0.05268   0.02865  -0.0415   0.0078   1.0000  75.3473 160.0000
