  
       XFOIL         Version 6.99
  
 Calculated polar for: SD7090 (10%)                                    
  
 1 1 Reynolds number fixed          Mach number fixed         
  
 xtrf =   1.000 (top)        1.000 (bottom)  
 Mach =   0.000     Re =     1.000 e 6     Ncrit =   9.000  9.000
  
   alpha    CL        CD       CDp       CM     Top_Xtr  Bot_Xtr  Top_Itr  Bot_Itr
  ------ -------- --------- --------- -------- -------- -------- -------- --------
  -6.000  -0.4616   0.01049   0.00272  -0.0438   0.9824   0.0199   2.8515  91.6077
  -5.000  -0.3281   0.00895   0.00165  -0.0483   0.9707   0.0249   3.7848  92.5344
  -4.000  -0.2013   0.00767   0.00098  -0.0512   0.9460   0.0606   5.6008  96.4736
  -3.000  -0.0772   0.00686   0.00050  -0.0534   0.8812   0.1242  10.0337 101.1470
  -2.000   0.0249   0.00616   0.00025  -0.0512   0.7955   0.2996  15.7351 112.9397
  -1.000   0.1263   0.00549   0.00016  -0.0489   0.7205   0.5438  20.7169 129.0541
   0.000   0.2271   0.00514   0.00023  -0.0461   0.6441   0.7635  25.7945 143.5064
   1.000   0.3275   0.00519   0.00033  -0.0428   0.5621   0.8939  31.2610 152.0983
   2.000   0.4480   0.00569   0.00043  -0.0441   0.4728   0.9792  37.2277 157.9089
   3.000   0.5981   0.00641   0.00054  -0.0526   0.3758   0.9982  43.7354 159.7777
   5.000   0.7888   0.00798   0.00106  -0.0460   0.2280   1.0000  53.7716 160.0000
   6.000   0.8820   0.00899   0.00146  -0.0424   0.1658   1.0000  58.1115 160.0000
   7.000   0.9769   0.01010   0.00195  -0.0393   0.1173   1.0000  61.6250 160.0000
   8.000   1.0706   0.01141   0.00259  -0.0363   0.0782   1.0000  64.6577 160.0000
   9.000   1.1615   0.01293   0.00339  -0.0329   0.0503   1.0000  67.1198 160.0000
  10.000   1.2474   0.01471   0.00439  -0.0290   0.0327   1.0000  69.0837 160.0000
  11.000   1.3285   0.01657   0.00546  -0.0245   0.0240   1.0000  70.3504 160.0000
  12.000   1.3983   0.01875   0.00672  -0.0185   0.0184   1.0000  71.3935 160.0000
  13.000   1.4452   0.02123   0.00804  -0.0091   0.0141   1.0000  72.4061 160.0000
  14.000   1.4781   0.02474   0.01007   0.0000   0.0104   1.0000  73.5266 160.0000
  15.000   1.4896   0.03059   0.01384   0.0075   0.0079   1.0000  74.4503 160.0000
