  
       XFOIL         Version 6.99
  
 Calculated polar for: SD8000-089-88                                   
  
 1 1 Reynolds number fixed          Mach number fixed         
  
 xtrf =   1.000 (top)        1.000 (bottom)  
 Mach =   0.000     Re =     0.500 e 6     Ncrit =   9.000  9.000
  
   alpha    CL        CD       CDp       CM     Top_Xtr  Bot_Xtr  Top_Itr  Bot_Itr
  ------ -------- --------- --------- -------- -------- -------- -------- --------
  -6.000  -0.4963   0.01275   0.00347  -0.0420   0.9913   0.0270   2.0708  91.9889
  -5.000  -0.3578   0.01086   0.00241  -0.0484   0.9816   0.0509   2.9397  94.5312
  -4.000  -0.2165   0.00955   0.00170  -0.0548   0.9703   0.0942   3.8194  97.9323
  -3.000  -0.0848   0.00822   0.00124  -0.0590   0.9543   0.2136   4.9754 106.2347
  -2.000   0.0199   0.00694   0.00101  -0.0571   0.9249   0.4480   7.0055 122.0395
  -1.000   0.1199   0.00599   0.00093  -0.0536   0.8864   0.6878   9.6131 138.0793
   1.000   0.3460   0.00541   0.00061  -0.0507   0.7594   0.9888  18.2727 158.7141
   2.000   0.4547   0.00595   0.00051  -0.0498   0.6429   1.0000  26.2010 160.0000
   3.000   0.5538   0.00691   0.00063  -0.0471   0.4972   1.0000  36.1017 160.0000
   4.000   0.6543   0.00817   0.00094  -0.0451   0.3455   1.0000  46.4262 160.0000
   5.000   0.7549   0.00960   0.00143  -0.0434   0.2208   1.0000  55.0060 160.0000
   6.000   0.8553   0.01111   0.00207  -0.0417   0.1367   1.0000  60.9456 160.0000
   7.000   0.9541   0.01273   0.00286  -0.0398   0.0821   1.0000  65.0354 160.0000
   8.000   1.0499   0.01460   0.00385  -0.0376   0.0463   1.0000  68.1093 160.0000
   9.000   1.1367   0.01738   0.00547  -0.0340   0.0255   1.0000  70.5443 160.0000
  10.000   1.2119   0.02092   0.00778  -0.0290   0.0200   1.0000  71.4330 160.0000
  11.000   1.2638   0.02616   0.01126  -0.0216   0.0169   1.0000  72.0189 160.0000
  12.000   1.3003   0.03060   0.01456  -0.0125   0.0152   1.0000  72.4022 160.0000
  13.000   1.3142   0.03681   0.01928  -0.0050   0.0136   1.0000  72.7864 160.0000
  14.000   1.2785   0.05082   0.03079  -0.0024   0.0126   1.0000  73.0311 160.0000
  15.000   1.2377   0.07005   0.04835  -0.0107   0.0122   1.0000  73.1393 160.0000
