  
       XFOIL         Version 6.99
  
 Calculated polar for: SD8020-010-88                                   
  
 1 1 Reynolds number fixed          Mach number fixed         
  
 xtrf =   1.000 (top)        1.000 (bottom)  
 Mach =   0.000     Re =     0.500 e 6     Ncrit =   9.000  9.000
  
   alpha    CL        CD       CDp       CM     Top_Xtr  Bot_Xtr  Top_Itr  Bot_Itr
  ------ -------- --------- --------- -------- -------- -------- -------- --------
  -6.000  -0.7210   0.01139   0.00208   0.0110   1.0000   0.0800   1.0000  95.1749
  -5.000  -0.6391   0.01016   0.00148   0.0164   1.0000   0.1379   1.0000  99.4808
  -4.000  -0.5294   0.00903   0.00113   0.0157   0.9944   0.2546   1.6778 107.7407
  -3.000  -0.3796   0.00790   0.00098   0.0069   0.9797   0.4143   3.0268 118.8283
  -2.000  -0.2401   0.00674   0.00086   0.0010   0.9565   0.5838   4.7408 130.5316
  -1.000  -0.1103   0.00587   0.00074  -0.0019   0.9139   0.7242   7.7439 140.2036
   0.000  -0.0000   0.00560   0.00069   0.0000   0.8309   0.8310  13.4579 147.5458
   1.000   0.1104   0.00587   0.00074   0.0019   0.7245   0.9140  20.7771 153.2592
   2.000   0.2402   0.00674   0.00086  -0.0010   0.5836   0.9565  30.4870 156.2599
   3.000   0.3796   0.00789   0.00098  -0.0069   0.4145   0.9798  42.1598 157.9760
   4.000   0.5296   0.00903   0.00113  -0.0157   0.2542   0.9944  53.2830 159.3279
   5.000   0.6391   0.01016   0.00148  -0.0164   0.1381   1.0000  61.5039 160.0000
   6.000   0.7210   0.01140   0.00208  -0.0110   0.0798   1.0000  65.8346 160.0000
   7.000   0.8010   0.01313   0.00303  -0.0051   0.0383   1.0000  69.3761 160.0000
   8.000   0.8763   0.01541   0.00443   0.0016   0.0253   1.0000  70.8247 160.0000
   9.000   0.9477   0.01798   0.00615   0.0085   0.0193   1.0000  71.7325 160.0000
  10.000   1.0068   0.02165   0.00866   0.0167   0.0149   1.0000  72.5616 160.0000
  11.000   1.0464   0.02677   0.01226   0.0263   0.0123   1.0000  73.1558 160.0000
  12.000   1.0574   0.03214   0.01627   0.0383   0.0109   1.0000  73.5118 160.0000
  13.000   1.0430   0.04079   0.02318   0.0441   0.0101   1.0000  73.7173 160.0000
  14.000   1.0002   0.05808   0.03844   0.0369   0.0098   1.0000  73.7981 160.0000
  15.000   0.8743   0.09880   0.07936   0.0111   0.0106   1.0000  73.5953 160.0000
