  
       XFOIL         Version 6.99
  
 Calculated polar for: SG6041                                          
  
 1 1 Reynolds number fixed          Mach number fixed         
  
 xtrf =   1.000 (top)        1.000 (bottom)  
 Mach =   0.000     Re =     1.000 e 6     Ncrit =   9.000  9.000
  
   alpha    CL        CD       CDp       CM     Top_Xtr  Bot_Xtr  Top_Itr  Bot_Itr
  ------ -------- --------- --------- -------- -------- -------- -------- --------
  -6.000  -0.3347   0.01129   0.00318  -0.0708   0.9480   0.0082   5.4803  88.3770
  -5.000  -0.2316   0.00962   0.00194  -0.0692   0.9286   0.0097   6.8167  88.9674
  -4.000  -0.1293   0.00817   0.00108  -0.0672   0.9079   0.0197   8.2252  91.5871
  -3.000  -0.0240   0.00731   0.00072  -0.0658   0.8860   0.0749   9.6971  97.3603
  -2.000   0.0748   0.00562   0.00036  -0.0640   0.8614   0.4313  11.3423 121.2358
  -1.000   0.1770   0.00475   0.00034  -0.0619   0.8327   0.7137  13.2744 140.0195
   0.000   0.2847   0.00468   0.00034  -0.0605   0.7938   0.7827  15.8926 144.5563
   1.000   0.3895   0.00477   0.00034  -0.0585   0.7313   0.8377  20.1614 148.1990
   2.000   0.4896   0.00521   0.00037  -0.0557   0.6241   0.8743  27.4132 150.6351
   3.000   0.5810   0.00607   0.00054  -0.0515   0.4679   0.9264  37.9097 154.1301
   4.000   0.7008   0.00735   0.00088  -0.0541   0.3001   0.9885  49.2056 158.6396
   5.000   0.8048   0.00858   0.00129  -0.0536   0.1903   1.0000  56.7201 160.0000
   6.000   0.8952   0.00972   0.00170  -0.0499   0.1241   1.0000  61.4090 160.0000
   7.000   0.9875   0.01091   0.00219  -0.0468   0.0828   1.0000  64.5343 160.0000
   8.000   1.0787   0.01216   0.00275  -0.0435   0.0592   1.0000  66.5201 160.0000
   9.000   1.1661   0.01358   0.00342  -0.0398   0.0427   1.0000  68.1056 160.0000
  10.000   1.2463   0.01531   0.00422  -0.0351   0.0289   1.0000  69.7947 160.0000
  11.000   1.3113   0.01735   0.00521  -0.0277   0.0222   1.0000  70.8415 160.0000
  12.000   1.3692   0.01962   0.00639  -0.0200   0.0187   1.0000  71.5211 160.0000
  13.000   1.4140   0.02276   0.00817  -0.0116   0.0155   1.0000  72.2140 160.0000
  14.000   1.4513   0.02662   0.01049  -0.0041   0.0128   1.0000  72.8830 160.0000
  15.000   1.4821   0.03142   0.01359   0.0020   0.0111   1.0000  73.3977 160.0000
