  
       XFOIL         Version 6.99
  
 Calculated polar for: SG6051                                          
  
 1 1 Reynolds number fixed          Mach number fixed         
  
 xtrf =   1.000 (top)        1.000 (bottom)  
 Mach =   0.000     Re =     0.500 e 6     Ncrit =   9.000  9.000
  
   alpha    CL        CD       CDp       CM     Top_Xtr  Bot_Xtr  Top_Itr  Bot_Itr
  ------ -------- --------- --------- -------- -------- -------- -------- --------
  -6.000  -0.3109   0.01356   0.00444  -0.0762   0.8739   0.0309  10.4548  93.6677
  -5.000  -0.1996   0.01252   0.00379  -0.0769   0.8558   0.0451  11.6652  95.2435
  -4.000  -0.0870   0.01129   0.00288  -0.0777   0.8386   0.0599  12.8152  96.5186
  -3.000   0.0275   0.01017   0.00212  -0.0788   0.8218   0.1056  13.9446  99.8651
  -2.000   0.1410   0.00857   0.00190  -0.0806   0.8044   0.4594  15.1086 123.5502
  -1.000   0.2547   0.00772   0.00189  -0.0816   0.7854   0.6863  16.3936 138.3762
   0.000   0.3770   0.00698   0.00186  -0.0829   0.7666   1.0000  17.6784 160.0000
   1.000   0.4873   0.00711   0.00172  -0.0831   0.7460   1.0000  19.0813 160.0000
   2.000   0.6010   0.00727   0.00165  -0.0840   0.7205   1.0000  20.8280 160.0000
   3.000   0.7149   0.00750   0.00156  -0.0849   0.6895   1.0000  22.9349 160.0000
   4.000   0.8280   0.00779   0.00149  -0.0857   0.6483   1.0000  25.7636 160.0000
   5.000   0.9382   0.00832   0.00144  -0.0860   0.5854   1.0000  30.0614 160.0000
   6.000   1.0376   0.00974   0.00167  -0.0846   0.4429   1.0000  39.8035 160.0000
   7.000   1.1158   0.01288   0.00281  -0.0803   0.2248   1.0000  54.7575 160.0000
   8.000   1.1823   0.01632   0.00429  -0.0743   0.0774   1.0000  65.5257 160.0000
   9.000   1.2374   0.01947   0.00583  -0.0659   0.0391   1.0000  68.9742 160.0000
  10.000   1.2906   0.02278   0.00764  -0.0583   0.0270   1.0000  70.4841 160.0000
  11.000   1.3270   0.02791   0.01062  -0.0504   0.0186   1.0000  71.8662 160.0000
  12.000   1.3607   0.03378   0.01432  -0.0440   0.0148   1.0000  72.7176 160.0000
  13.000   1.3743   0.04202   0.01986  -0.0373   0.0129   1.0000  73.2048 160.0000
  14.000   1.3937   0.05027   0.02582  -0.0333   0.0112   1.0000  73.7009 160.0000
  15.000   1.3854   0.06245   0.03504  -0.0297   0.0101   1.0000  74.0370 160.0000
