  
       XFOIL         Version 6.99
  
 Calculated polar for: SG6043                                          
  
 1 1 Reynolds number fixed          Mach number fixed         
  
 xtrf =   1.000 (top)        1.000 (bottom)  
 Mach =   0.000     Re =     0.500 e 6     Ncrit =   9.000  9.000
  
   alpha    CL        CD       CDp       CM     Top_Xtr  Bot_Xtr  Top_Itr  Bot_Itr
  ------ -------- --------- --------- -------- -------- -------- -------- --------
  -6.000   0.1046   0.03647   0.03509  -0.1401   0.9220   0.0286   7.8960  96.6277
  -4.000   0.3190   0.01270   0.00481  -0.1792   0.8896   0.0239  10.0838  95.6245
  -3.000   0.4329   0.01019   0.00239  -0.1796   0.8690   0.0259  11.4258  96.0931
  -2.000   0.5492   0.00904   0.00152  -0.1804   0.8484   0.0408  12.7519  98.6231
  -1.000   0.6643   0.00812   0.00128  -0.1815   0.8268   0.2603  14.1275 113.3517
   0.000   0.7713   0.00719   0.00149  -0.1806   0.8013   0.7369  15.7465 141.7752
   1.000   0.8669   0.00688   0.00135  -0.1760   0.7721   1.0000  17.5976 160.0000
   2.000   0.9736   0.00717   0.00121  -0.1747   0.7367   1.0000  19.8477 160.0000
   3.000   1.0740   0.00756   0.00112  -0.1720   0.6898   1.0000  22.8511 160.0000
   4.000   1.1662   0.00824   0.00109  -0.1678   0.6231   1.0000  27.1107 160.0000
   5.000   1.2481   0.00933   0.00124  -0.1616   0.5359   1.0000  32.6458 160.0000
   6.000   1.3123   0.01097   0.00161  -0.1524   0.4263   1.0000  39.5822 160.0000
   7.000   1.3661   0.01330   0.00238  -0.1419   0.3036   1.0000  47.3976 160.0000
   8.000   1.4225   0.01589   0.00342  -0.1328   0.2083   1.0000  53.6241 160.0000
   9.000   1.4770   0.01877   0.00474  -0.1242   0.1428   1.0000  58.1287 160.0000
  10.000   1.5290   0.02199   0.00637  -0.1160   0.1027   1.0000  61.1058 160.0000
  11.000   1.5770   0.02575   0.00841  -0.1083   0.0769   1.0000  63.2415 160.0000
  12.000   1.6161   0.03053   0.01120  -0.1007   0.0591   1.0000  64.9338 160.0000
  13.000   1.6504   0.03619   0.01473  -0.0941   0.0483   1.0000  66.1489 160.0000
  14.000   1.6751   0.04337   0.01950  -0.0883   0.0400   1.0000  67.2192 160.0000
  15.000   1.6867   0.05285   0.02621  -0.0839   0.0336   1.0000  68.1685 160.0000
