  
       XFOIL         Version 6.99
  
 Calculated polar for: SG6051                                          
  
 1 1 Reynolds number fixed          Mach number fixed         
  
 xtrf =   1.000 (top)        1.000 (bottom)  
 Mach =   0.000     Re =     1.000 e 6     Ncrit =   9.000  9.000
  
   alpha    CL        CD       CDp       CM     Top_Xtr  Bot_Xtr  Top_Itr  Bot_Itr
  ------ -------- --------- --------- -------- -------- -------- -------- --------
  -6.000  -0.3280   0.01034   0.00246  -0.0716   0.8321   0.0231  13.2542  92.4790
  -5.000  -0.2120   0.00992   0.00230  -0.0731   0.8156   0.0334  14.3593  94.0065
  -4.000  -0.0959   0.00910   0.00178  -0.0746   0.7992   0.0464  15.4611  95.3656
  -3.000   0.0212   0.00843   0.00134  -0.0763   0.7825   0.0710  16.5905  97.3808
  -2.000   0.1372   0.00702   0.00102  -0.0784   0.7649   0.3607  17.7944 117.0347
  -1.000   0.2547   0.00666   0.00097  -0.0803   0.7462   0.4757  19.0722 124.6225
   0.000   0.3680   0.00560   0.00107  -0.0812   0.7266   0.8323  20.4065 147.9245
   1.000   0.4842   0.00532   0.00094  -0.0819   0.7034   1.0000  21.9898 160.0000
   2.000   0.5993   0.00551   0.00090  -0.0832   0.6748   1.0000  23.9420 160.0000
   3.000   0.7151   0.00579   0.00089  -0.0846   0.6389   1.0000  26.4087 160.0000
   4.000   0.8292   0.00626   0.00093  -0.0858   0.5859   1.0000  30.0286 160.0000
   5.000   0.9377   0.00732   0.00114  -0.0863   0.4685   1.0000  38.0517 160.0000
   6.000   1.0343   0.00951   0.00189  -0.0850   0.2759   1.0000  51.2225 160.0000
   7.000   1.1222   0.01206   0.00291  -0.0824   0.1163   1.0000  62.5238 160.0000
   8.000   1.2071   0.01432   0.00392  -0.0791   0.0441   1.0000  68.4672 160.0000
   9.000   1.2884   0.01628   0.00483  -0.0750   0.0265   1.0000  70.5570 160.0000
  10.000   1.3510   0.01862   0.00595  -0.0678   0.0172   1.0000  72.1619 160.0000
  11.000   1.4060   0.02174   0.00753  -0.0607   0.0113   1.0000  73.6613 160.0000
  12.000   1.4524   0.02597   0.00992  -0.0540   0.0091   1.0000  74.4242 160.0000
  13.000   1.4791   0.03219   0.01380  -0.0469   0.0075   1.0000  75.0047 160.0000
  14.000   1.5083   0.03870   0.01814  -0.0417   0.0069   1.0000  75.3006 160.0000
  15.000   1.5254   0.04693   0.02396  -0.0377   0.0061   1.0000  75.6677 160.0000
