  
       XFOIL         Version 6.99
  
 Calculated polar for: SM701                                           
  
 1 1 Reynolds number fixed          Mach number fixed         
  
 xtrf =   1.000 (top)        1.000 (bottom)  
 Mach =   0.000     Re =     1.000 e 6     Ncrit =   9.000  9.000
  
   alpha    CL        CD       CDp       CM     Top_Xtr  Bot_Xtr  Top_Itr  Bot_Itr
  ------ -------- --------- --------- -------- -------- -------- -------- --------
  -6.000  -0.1103   0.01055   0.00216  -0.1211   0.8114   0.0216  14.3443  94.1788
  -5.000  -0.0050   0.00958   0.00152  -0.1207   0.7891   0.0246  15.7031  94.8733
  -4.000   0.1041   0.00873   0.00103  -0.1209   0.7673   0.0495  17.0312  98.8759
  -3.000   0.2145   0.00640   0.00043  -0.1232   0.7440   0.4603  18.4443 125.4760
  -2.000   0.3303   0.00630   0.00053  -0.1241   0.7241   0.5555  19.6560 131.3104
  -1.000   0.4451   0.00652   0.00069  -0.1246   0.7035   0.6002  20.9125 133.9648
   0.000   0.5587   0.00659   0.00068  -0.1250   0.6797   0.6149  22.3669 134.8308
   1.000   0.6696   0.00671   0.00063  -0.1248   0.6483   0.6259  24.2973 135.4746
   2.000   0.7739   0.00704   0.00058  -0.1235   0.5898   0.6378  27.9399 136.1694
   3.000   0.8622   0.00806   0.00074  -0.1191   0.4750   0.6506  35.0740 136.9203
   4.000   0.9504   0.00911   0.00103  -0.1150   0.3851   0.6660  40.5697 137.8222
   5.000   1.0333   0.01006   0.00127  -0.1099   0.3229   0.6831  44.3899 138.8229
   7.000   1.1963   0.01216   0.00192  -0.1000   0.2400   0.7280  49.5880 141.4728
   8.000   1.2748   0.01337   0.00235  -0.0949   0.2111   0.7580  51.4629 143.2625
   9.000   1.3484   0.01481   0.00292  -0.0894   0.1869   0.7963  53.0672 145.5741
  10.000   1.4189   0.01637   0.00357  -0.0839   0.1677   0.8506  54.3732 148.9144
  11.000   1.4739   0.01815   0.00426  -0.0761   0.1495   1.0000  55.6461 160.0000
  12.000   1.5350   0.02086   0.00537  -0.0709   0.1299   1.0000  57.0729 160.0000
  13.000   1.5916   0.02404   0.00678  -0.0661   0.1128   1.0000  58.3869 160.0000
  14.000   1.6383   0.02821   0.00880  -0.0612   0.0958   1.0000  59.7649 160.0000
  15.000   1.6770   0.03339   0.01154  -0.0567   0.0789   1.0000  61.2544 160.0000
