  
       XFOIL         Version 6.99
  
 Calculated polar for: SP4621HP                                        
  
 1 1 Reynolds number fixed          Mach number fixed         
  
 xtrf =   1.000 (top)        1.000 (bottom)  
 Mach =   0.000     Re =     1.000 e 6     Ncrit =   9.000  9.000
  
   alpha    CL        CD       CDp       CM     Top_Xtr  Bot_Xtr  Top_Itr  Bot_Itr
  ------ -------- --------- --------- -------- -------- -------- -------- --------
  -6.000  -0.0451   0.01144   0.00258  -0.1440   0.6528   0.1261  22.1119 106.0612
  -5.000   0.1348   0.00814   0.00127  -0.1650   0.6391   0.4572  22.8760 126.1263
  -4.000   0.2578   0.00862   0.00180  -0.1673   0.6265   0.4803  23.5864 127.5470
  -3.000   0.3804   0.00896   0.00208  -0.1696   0.6137   0.4910  24.3147 128.1807
  -2.000   0.4996   0.00944   0.00247  -0.1711   0.6007   0.5001  25.0561 128.7058
  -1.000   0.6216   0.00957   0.00242  -0.1736   0.5881   0.5036  25.7843 128.9093
   0.000   0.7440   0.00952   0.00223  -0.1764   0.5756   0.5040  26.5068 128.9337
   1.000   0.8646   0.00960   0.00210  -0.1788   0.5623   0.5047  27.2806 128.9745
   2.000   0.9839   0.00973   0.00198  -0.1809   0.5486   0.5055  28.0860 129.0213
   3.000   1.1019   0.00977   0.00185  -0.1829   0.5304   0.5078  29.1571 129.1527
   4.000   1.2170   0.00999   0.00177  -0.1842   0.5087   0.5100  30.4398 129.2774
   5.000   1.3284   0.01040   0.00174  -0.1849   0.4858   0.5124  31.8037 129.4075
   6.000   1.4361   0.01092   0.00175  -0.1848   0.4574   0.5150  33.5007 129.5553
   7.000   1.5333   0.01184   0.00185  -0.1828   0.4144   0.5179  36.0818 129.7184
   8.000   1.5894   0.01403   0.00243  -0.1733   0.3155   0.5205  42.1424 129.8691
   9.000   1.5699   0.02001   0.00527  -0.1530   0.1634   0.5223  51.6739 129.9704
  10.000   1.5982   0.02505   0.00802  -0.1437   0.1229   0.5268  54.4017 130.2194
  11.000   1.6279   0.03143   0.01177  -0.1375   0.1043   0.5317  55.7741 130.4891
  12.000   1.6566   0.03872   0.01619  -0.1330   0.0945   0.5362  56.5496 130.7392
  13.000   1.6758   0.04717   0.02148  -0.1286   0.0864   0.5403  57.2320 130.9640
  14.000   1.6869   0.05683   0.02777  -0.1247   0.0791   0.5475  57.8820 131.3579
  15.000   1.7067   0.06596   0.03369  -0.1221   0.0743   0.5554  58.3431 131.7897
