  
       XFOIL         Version 6.99
  
 Calculated polar for: SP4721BS                                        
  
 1 1 Reynolds number fixed          Mach number fixed         
  
 xtrf =   1.000 (top)        1.000 (bottom)  
 Mach =   0.000     Re =     1.000 e 6     Ncrit =   9.000  9.000
  
   alpha    CL        CD       CDp       CM     Top_Xtr  Bot_Xtr  Top_Itr  Bot_Itr
  ------ -------- --------- --------- -------- -------- -------- -------- --------
  -6.000  -0.0063   0.01182   0.00286  -0.1505   0.7778   0.0573  17.0831  96.9463
  -4.000   0.2825   0.00765   0.00075  -0.1737   0.6834   0.4391  23.1314 122.1948
  -3.000   0.3991   0.00807   0.00101  -0.1752   0.6312   0.4735  26.4608 124.5127
  -2.000   0.5137   0.00854   0.00120  -0.1763   0.5881   0.4864  29.2050 125.3774
  -1.000   0.6279   0.00905   0.00138  -0.1774   0.5570   0.4971  31.1721 126.0904
   0.000   0.7422   0.00934   0.00142  -0.1786   0.5330   0.5019  32.6875 126.4020
   1.000   0.8545   0.00973   0.00146  -0.1794   0.5141   0.5072  33.8806 126.7540
   2.000   0.9659   0.01010   0.00146  -0.1801   0.4988   0.5121  34.8484 127.0765
   3.000   1.0752   0.01048   0.00153  -0.1803   0.4855   0.5180  35.6963 127.4667
   5.000   1.2707   0.01151   0.00145  -0.1762   0.4466   0.5299  38.1774 128.2402
   6.000   1.3653   0.01233   0.00149  -0.1738   0.4131   0.5363  40.3263 128.6574
   7.000   1.4532   0.01350   0.00160  -0.1704   0.3721   0.5416  42.9912 128.9949
   8.000   1.4871   0.01737   0.00307  -0.1584   0.2267   0.5478  52.7154 129.3921
   9.000   1.5304   0.02100   0.00464  -0.1490   0.1607   0.5537  57.1708 129.7708
  10.000   1.5667   0.02542   0.00676  -0.1400   0.1119   0.5592  60.6626 130.1171
  11.000   1.5979   0.03086   0.00968  -0.1321   0.0798   0.5650  63.1586 130.4874
  12.000   1.6194   0.03801   0.01389  -0.1252   0.0551   0.5706  65.3286 130.8445
  13.000   1.6297   0.04715   0.01974  -0.1195   0.0361   0.5762  67.3275 131.1981
  14.000   1.5927   0.06233   0.03071  -0.1137   0.0050   0.5806  74.0661 131.4811
  15.000   1.6005   0.07346   0.03857  -0.1116   0.0038   0.5863  74.8262 131.8482
