  
       XFOIL         Version 6.99
  
 Calculated polar for: SPICA  11.73% smoothed                          
  
 1 1 Reynolds number fixed          Mach number fixed         
  
 xtrf =   1.000 (top)        1.000 (bottom)  
 Mach =   0.000     Re =     0.500 e 6     Ncrit =   9.000  9.000
  
   alpha    CL        CD       CDp       CM     Top_Xtr  Bot_Xtr  Top_Itr  Bot_Itr
  ------ -------- --------- --------- -------- -------- -------- -------- --------
  -6.000  -0.0750   0.04289   0.03627  -0.0986   0.7407   0.0350  18.5890  98.2789
  -5.000  -0.0153   0.03180   0.02439  -0.0966   0.7025   0.0405  20.9356  99.1634
  -4.000   0.0654   0.02477   0.01665  -0.0931   0.6738   0.0474  22.7006 100.1393
  -2.000   0.2610   0.01304   0.00409  -0.0864   0.6309   0.0365  25.3590  98.5325
  -1.000   0.3657   0.01138   0.00238  -0.0844   0.6109   0.0384  26.5978  98.8429
   0.000   0.4696   0.01052   0.00162  -0.0825   0.5909   0.0442  27.8313  99.6987
   1.000   0.5630   0.00873   0.00128  -0.0792   0.5689   0.5656  29.1961 132.6220
   2.000   0.7457   0.00809   0.00134  -0.0941   0.5438   1.0000  30.7592 160.0000
   3.000   0.8406   0.00841   0.00137  -0.0906   0.5198   1.0000  32.2704 160.0000
   4.000   0.9353   0.00879   0.00140  -0.0870   0.4915   1.0000  34.0806 160.0000
   5.000   1.0290   0.00926   0.00148  -0.0835   0.4560   1.0000  36.3892 160.0000
   6.000   1.1183   0.01000   0.00163  -0.0793   0.4128   1.0000  39.1997 160.0000
   7.000   1.2031   0.01099   0.00191  -0.0745   0.3626   1.0000  42.4588 160.0000
   8.000   1.2794   0.01235   0.00233  -0.0686   0.3103   1.0000  45.8898 160.0000
   9.000   1.3445   0.01396   0.00283  -0.0609   0.2616   1.0000  49.1103 160.0000
  10.000   1.3984   0.01566   0.00330  -0.0517   0.2267   1.0000  51.4491 160.0000
  11.000   1.4447   0.01803   0.00409  -0.0428   0.1913   1.0000  53.8636 160.0000
  12.000   1.4776   0.02181   0.00569  -0.0346   0.1451   1.0000  57.1967 160.0000
  13.000   1.4571   0.03102   0.01106  -0.0263   0.0635   1.0000  64.0630 160.0000
  14.000   1.4204   0.04404   0.02017  -0.0221   0.0229   1.0000  69.8418 160.0000
  15.000   1.4071   0.05637   0.02939  -0.0212   0.0190   1.0000  70.7753 160.0000
