  
       XFOIL         Version 6.99
  
 Calculated polar for: SPICA  11.73% smoothed                          
  
 1 1 Reynolds number fixed          Mach number fixed         
  
 xtrf =   1.000 (top)        1.000 (bottom)  
 Mach =   0.000     Re =     1.000 e 6     Ncrit =   9.000  9.000
  
   alpha    CL        CD       CDp       CM     Top_Xtr  Bot_Xtr  Top_Itr  Bot_Itr
  ------ -------- --------- --------- -------- -------- -------- -------- --------
  -6.000  -0.0883   0.02831   0.02935  -0.0924   0.6653   0.0249  23.2233  96.3323
  -5.000  -0.0316   0.01493   0.01592  -0.0906   0.6417   0.0288  24.6843  97.1582
  -4.000   0.0647   0.02113   0.01222  -0.0914   0.6254   0.0333  25.6994  97.9926
  -3.000   0.1526   0.01192   0.00404  -0.0869   0.6069   0.0268  26.8446  96.7462
  -2.000   0.2572   0.01009   0.00214  -0.0850   0.5886   0.0275  27.9741  96.8898
  -1.000   0.3618   0.00902   0.00119  -0.0832   0.5712   0.0288  29.0572  97.1477
   0.000   0.4691   0.00852   0.00073  -0.0820   0.5513   0.0326  30.2909  97.8629
   1.000   0.5768   0.00823   0.00052  -0.0808   0.5312   0.0650  31.5507 102.0871
   2.000   0.7474   0.00634   0.00072  -0.0943   0.5072   0.9981  33.0755 159.7625
   3.000   0.8555   0.00661   0.00075  -0.0937   0.4796   1.0000  34.8537 160.0000
   4.000   0.9497   0.00703   0.00083  -0.0901   0.4454   1.0000  37.0809 160.0000
   5.000   1.0427   0.00761   0.00100  -0.0865   0.4043   1.0000  39.7515 160.0000
   6.000   1.1333   0.00840   0.00124  -0.0826   0.3566   1.0000  42.8465 160.0000
   7.000   1.2198   0.00940   0.00157  -0.0782   0.3045   1.0000  46.2706 160.0000
   8.000   1.2995   0.01068   0.00200  -0.0727   0.2509   1.0000  49.8261 160.0000
   9.000   1.3766   0.01191   0.00240  -0.0671   0.2146   1.0000  52.2670 160.0000
  10.000   1.4379   0.01333   0.00275  -0.0586   0.1795   1.0000  54.6941 160.0000
  11.000   1.4786   0.01572   0.00348  -0.0480   0.1268   1.0000  58.5928 160.0000
  12.000   1.4696   0.02199   0.00667  -0.0350   0.0420   1.0000  66.5611 160.0000
  13.000   1.4736   0.02990   0.01155  -0.0289   0.0158   1.0000  71.6665 160.0000
  14.000   1.4904   0.03781   0.01674  -0.0261   0.0131   1.0000  72.5309 160.0000
  15.000   1.4855   0.04868   0.02446  -0.0244   0.0115   1.0000  73.0595 160.0000
