  
       XFOIL         Version 6.99
  
 Calculated polar for: St. CYR 234 (Bartel 17-IC)                      
  
 1 1 Reynolds number fixed          Mach number fixed         
  
 xtrf =   1.000 (top)        1.000 (bottom)  
 Mach =   0.000     Re =     1.000 e 6     Ncrit =   9.000  9.000
  
   alpha    CL        CD       CDp       CM     Top_Xtr  Bot_Xtr  Top_Itr  Bot_Itr
  ------ -------- --------- --------- -------- -------- -------- -------- --------
  -6.000   0.3078   0.00873   0.00076  -0.1282   0.6666   0.0997  19.0396 108.4377
  -5.000   0.4118   0.00847   0.00053  -0.1254   0.6491   0.1178  19.8826 110.2790
  -4.000   0.5152   0.00824   0.00038  -0.1227   0.6322   0.1612  20.6865 113.6737
  -3.000   0.6131   0.00812   0.00020  -0.1192   0.6100   0.2047  21.7505 116.3516
  -2.000   0.7021   0.00809   0.00005  -0.1139   0.5829   0.2774  23.0694 120.2972
  -1.000   0.7480   0.00890  -0.00036  -0.1002   0.4630   0.3083  29.4184 121.7960
   1.000   0.8435   0.01190  -0.00040  -0.0767   0.2656   0.3687  39.3476 124.6600
   2.000   0.9031   0.01294  -0.00024  -0.0680   0.2316   0.5519  41.1658 134.4832
   3.000   0.9706   0.01430  -0.00009  -0.0613   0.2159   0.5878  42.0089 136.7331
   4.000   1.0435   0.01550  -0.00003  -0.0560   0.2053   0.6080  42.5967 138.0245
   5.000   1.1113   0.01690   0.00010  -0.0504   0.1949   0.6284  43.1900 139.3147
   6.000   1.1749   0.01861   0.00034  -0.0449   0.1820   0.6535  43.9658 140.8579
   9.000   1.4800   0.02810   0.00701  -0.0606   0.1035   1.0000  50.2184 160.0000
  10.000   1.5282   0.03237   0.00912  -0.0571   0.0934   1.0000  51.2522 160.0000
  11.000   1.5718   0.03727   0.01164  -0.0542   0.0850   1.0000  52.1859 160.0000
  12.000   1.6070   0.04317   0.01486  -0.0517   0.0778   1.0000  53.0555 160.0000
  13.000   1.6396   0.04961   0.01850  -0.0500   0.0725   1.0000  53.7620 160.0000
  14.000   1.6619   0.05733   0.02319  -0.0487   0.0686   1.0000  54.2985 160.0000
  15.000   1.6706   0.06691   0.02948  -0.0481   0.0651   1.0000  54.7943 160.0000
