  
       XFOIL         Version 6.99
  
 Calculated polar for: St. CYR 234 (Bartel 17-IC)                      
  
 1 1 Reynolds number fixed          Mach number fixed         
  
 xtrf =   1.000 (top)        1.000 (bottom)  
 Mach =   0.000     Re =     0.500 e 6     Ncrit =   9.000  9.000
  
   alpha    CL        CD       CDp       CM     Top_Xtr  Bot_Xtr  Top_Itr  Bot_Itr
  ------ -------- --------- --------- -------- -------- -------- -------- --------
  -6.000   0.3174   0.01050   0.00158  -0.1307   0.7211   0.1235  16.3659 110.8006
  -5.000   0.4217   0.01015   0.00133  -0.1281   0.7015   0.1585  17.3411 113.4896
  -4.000   0.5249   0.00991   0.00116  -0.1255   0.6818   0.2072  18.3041 116.4943
  -3.000   0.6255   0.00985   0.00114  -0.1225   0.6601   0.2789  19.3553 120.3698
  -2.000   0.7222   0.00993   0.00104  -0.1187   0.6358   0.3254  20.5150 122.6065
  -1.000   0.8088   0.01006   0.00076  -0.1131   0.6042   0.3623  22.0308 124.3536
   0.000   0.8598   0.01020   0.00014  -0.1005   0.5433   0.4080  25.0938 126.5905
   2.000   0.8931   0.01430   0.00019  -0.0667   0.3025   0.6198  37.3612 138.7748
   5.000   1.1654   0.02036   0.00379  -0.0661   0.2153   1.0000  42.0400 160.0000
   6.000   1.2349   0.02264   0.00469  -0.0624   0.2012   1.0000  42.8251 160.0000
   7.000   1.3022   0.02519   0.00572  -0.0592   0.1853   1.0000  43.7653 160.0000
   8.000   1.3643   0.02826   0.00700  -0.0561   0.1632   1.0000  45.2196 160.0000
   9.000   1.4136   0.03247   0.00897  -0.0526   0.1332   1.0000  47.5340 160.0000
  10.000   1.4487   0.03807   0.01208  -0.0488   0.1147   1.0000  49.1492 160.0000
  11.000   1.4800   0.04435   0.01581  -0.0458   0.1032   1.0000  50.2519 160.0000
  12.000   1.5025   0.05181   0.02051  -0.0434   0.0946   1.0000  51.1273 160.0000
  13.000   1.5220   0.05999   0.02589  -0.0419   0.0880   1.0000  51.8445 160.0000
  14.000   1.5369   0.06903   0.03214  -0.0413   0.0830   1.0000  52.4269 160.0000
  15.000   1.5388   0.07989   0.04005  -0.0416   0.0787   1.0000  52.9473 160.0000
