  
       XFOIL         Version 6.99
  
 Calculated polar for: EPPLER STE 87(-3)-914 AIRFOIL                   
  
 1 1 Reynolds number fixed          Mach number fixed         
  
 xtrf =   1.000 (top)        1.000 (bottom)  
 Mach =   0.000     Re =     1.000 e 6     Ncrit =   9.000  9.000
  
   alpha    CL        CD       CDp       CM     Top_Xtr  Bot_Xtr  Top_Itr  Bot_Itr
  ------ -------- --------- --------- -------- -------- -------- -------- --------
  -6.000  -0.0310   0.01334   0.00490  -0.1524   0.8944   0.0208   9.6628  91.9522
  -5.000   0.1005   0.01207   0.00412  -0.1575   0.8928   0.0340   9.7758  93.9179
  -4.000   0.2383   0.01033   0.00346  -0.1646   0.8914   0.2115   9.8776 107.2264
  -3.000   0.3506   0.00972   0.00311  -0.1654   0.8832   0.2629  10.4656 110.5522
  -2.000   0.5029   0.00789   0.00205  -0.1744   0.8781   0.4007  10.8277 119.3712
  -1.000   0.6274   0.00653   0.00153  -0.1780   0.8663   0.6642  11.6719 136.3237
   0.000   0.7401   0.00629   0.00130  -0.1782   0.8529   0.7401  12.6312 141.3755
   1.000   0.8373   0.00622   0.00095  -0.1752   0.8289   0.7643  14.3783 142.9695
   2.000   0.9195   0.00658   0.00041  -0.1688   0.7362   0.7795  20.9515 143.9698
   3.000   0.9610   0.00866   0.00080  -0.1551   0.5905   0.7935  30.6508 144.9044
   4.000   1.0131   0.01078   0.00145  -0.1440   0.4640   0.8178  38.9447 146.5275
   5.000   1.0871   0.01250   0.00179  -0.1381   0.3655   0.8245  45.4036 146.9753
   6.000   1.1649   0.01406   0.00215  -0.1333   0.2949   0.8292  50.0673 147.2914
   7.000   1.2446   0.01559   0.00248  -0.1289   0.2455   0.8341  53.3667 147.6256
   8.000   1.3218   0.01730   0.00283  -0.1244   0.1989   0.8387  56.5335 147.9366
   9.000   1.3944   0.01921   0.00331  -0.1193   0.1562   0.8440  59.5335 148.2914
  10.000   1.4217   0.02396   0.00539  -0.1078   0.0347   0.8498  69.7748 148.6909
  11.000   1.4612   0.02823   0.00743  -0.0988   0.0071   0.8560  75.6049 149.1103
  12.000   1.5047   0.03237   0.00955  -0.0913   0.0058   0.8643  76.1935 149.6780
  13.000   1.5385   0.03753   0.01262  -0.0838   0.0050   0.8739  76.6167 150.3347
  14.000   1.5455   0.04555   0.01802  -0.0753   0.0045   0.8876  76.9014 151.2913
  15.000   1.5281   0.05708   0.02666  -0.0682   0.0042   0.9218  77.0325 153.7157
