  
       XFOIL         Version 6.99
  
 Calculated polar for: EPPLER STF 863-615 AIRFOIL                      
  
 1 1 Reynolds number fixed          Mach number fixed         
  
 xtrf =   1.000 (top)        1.000 (bottom)  
 Mach =   0.000     Re =     1.000 e 6     Ncrit =   9.000  9.000
  
   alpha    CL        CD       CDp       CM     Top_Xtr  Bot_Xtr  Top_Itr  Bot_Itr
  ------ -------- --------- --------- -------- -------- -------- -------- --------
  -5.000   0.1794   0.01210   0.00395  -0.1663   0.8693   0.0202  11.6946  89.0174
  -4.000   0.2880   0.01035   0.00310  -0.1687   0.8666   0.0222  11.8849  89.3376
  -3.000   0.3964   0.00997   0.00286  -0.1700   0.8626   0.0250  12.1765  89.7993
  -2.000   0.5140   0.00792   0.00267  -0.1753   0.8577   0.6085  12.5267 131.5434
  -1.000   0.6323   0.00852   0.00320  -0.1774   0.8530   0.6569  12.8622 134.9675
   0.000   0.7398   0.00898   0.00358  -0.1776   0.8470   0.6726  13.2967 136.0729
   1.000   0.8648   0.00832   0.00281  -0.1816   0.8367   0.6748  14.0339 136.2309
   2.000   0.9684   0.00735   0.00161  -0.1806   0.8119   0.6770  15.8497 136.3829
   3.000   0.9627   0.00897   0.00091  -0.1562   0.5996   0.6796  31.1814 136.5649
   4.000   0.9332   0.01458   0.00279  -0.1315   0.2131   0.6818  58.0632 136.7216
   5.000   0.9783   0.01809   0.00392  -0.1217   0.0159   0.6839  73.8318 136.8735
   6.000   1.0532   0.02010   0.00460  -0.1170   0.0140   0.6854  74.1462 136.9779
   7.000   1.1201   0.02260   0.00573  -0.1113   0.0119   0.6876  74.5450 137.1310
   8.000   1.1613   0.02706   0.00791  -0.1017   0.0097   0.6897  74.9525 137.2803
   9.000   1.2239   0.03022   0.00963  -0.0960   0.0081   0.6921  75.3665 137.4489
  10.000   1.2805   0.03386   0.01167  -0.0902   0.0066   0.6949  75.7874 137.6508
