  
       XFOIL         Version 6.99
  
 Calculated polar for: HAWKER TEMPEST 96.77% SEMISPAN AIRFOIL          
  
 1 1 Reynolds number fixed          Mach number fixed         
  
 xtrf =   1.000 (top)        1.000 (bottom)  
 Mach =   0.000     Re =     1.000 e 6     Ncrit =   9.000  9.000
  
   alpha    CL        CD       CDp       CM     Top_Xtr  Bot_Xtr  Top_Itr  Bot_Itr
  ------ -------- --------- --------- -------- -------- -------- -------- --------
  -6.000  -0.5141   0.01202   0.00310  -0.0294   0.9725   0.0105   3.5154  86.9878
  -5.000  -0.3918   0.00952   0.00157  -0.0326   0.9624   0.0156   4.2547  87.9614
  -4.000  -0.2828   0.00778   0.00076  -0.0325   0.9413   0.0923   5.7715  94.7669
  -3.000  -0.1836   0.00645   0.00038  -0.0306   0.9116   0.2818   7.9053 108.3952
  -2.000  -0.0999   0.00486   0.00017  -0.0252   0.8745   0.6391  10.5638 133.7574
  -1.000  -0.0057   0.00435   0.00017  -0.0211   0.8354   0.8006  13.3698 145.2297
   0.000   0.0968   0.00431   0.00022  -0.0187   0.7889   0.8841  16.6922 151.1720
   1.000   0.2059   0.00460   0.00037  -0.0176   0.7344   0.9405  20.5858 155.2001
   2.000   0.3256   0.00512   0.00044  -0.0193   0.6587   0.9595  26.0016 156.5528
   3.000   0.4530   0.00579   0.00052  -0.0232   0.5628   0.9695  32.8476 157.2708
   4.000   0.5657   0.00751   0.00081  -0.0247   0.2989   0.9807  51.7287 158.1012
   5.000   0.6840   0.00990   0.00159  -0.0283   0.0462   0.9896  70.4914 158.8201
   6.000   0.8075   0.01167   0.00248  -0.0321   0.0132   0.9968  74.1156 159.6147
   7.000   0.8920   0.01417   0.00393  -0.0280   0.0091   1.0000  75.0051 160.0000
   8.000   0.9551   0.01573   0.00496  -0.0191   0.0074   1.0000  75.5136 160.0000
   9.000   1.0041   0.01856   0.00671  -0.0081   0.0063   1.0000  75.8563 160.0000
  10.000   1.0384   0.02417   0.01065   0.0043   0.0056   1.0000  76.1002 160.0000
  11.000   1.0552   0.02944   0.01467   0.0184   0.0050   1.0000  76.3597 160.0000
  12.000   1.0161   0.04010   0.02354   0.0326   0.0048   1.0000  76.4578 160.0000
  13.000   0.9195   0.06163   0.04334   0.0314   0.0050   1.0000  76.3769 160.0000
  14.000   0.8144   0.10328   0.08586   0.0050   0.0053   1.0000  76.2411 160.0000
