  
       XFOIL         Version 6.99
  
 Calculated polar for: HAWKER TEMPEST 37.5% SEMISPAN AIRFOIL           
  
 1 1 Reynolds number fixed          Mach number fixed         
  
 xtrf =   1.000 (top)        1.000 (bottom)  
 Mach =   0.000     Re =     0.500 e 6     Ncrit =   9.000  9.000
  
   alpha    CL        CD       CDp       CM     Top_Xtr  Bot_Xtr  Top_Itr  Bot_Itr
  ------ -------- --------- --------- -------- -------- -------- -------- --------
  -6.000  -0.4628   0.01177   0.00209  -0.0412   0.9412   0.1481   5.7364 104.1719
  -5.000  -0.3539   0.00988   0.00140  -0.0420   0.9235   0.2778   6.9023 112.6902
  -4.000  -0.2812   0.00820   0.00111  -0.0345   0.8952   0.5007   8.7547 127.0316
  -3.000  -0.1970   0.00743   0.00104  -0.0285   0.8667   0.6304  10.6135 135.3064
  -2.000  -0.1041   0.00703   0.00103  -0.0241   0.8371   0.7222  12.5292 141.1817
  -1.000  -0.0063   0.00688   0.00108  -0.0206   0.8051   0.7957  14.6050 145.8971
   0.000   0.0967   0.00700   0.00124  -0.0179   0.7700   0.8574  16.8763 149.8613
   1.000   0.2056   0.00730   0.00137  -0.0168   0.7281   0.8932  19.5854 152.1706
   2.000   0.3248   0.00779   0.00150  -0.0181   0.6838   0.9157  22.4584 153.6329
   4.000   0.5798   0.00914   0.00174  -0.0252   0.5742   0.9424  29.5455 155.3777
   5.000   0.6978   0.00998   0.00185  -0.0271   0.4983   0.9559  34.4519 156.2791
   6.000   0.8013   0.01159   0.00210  -0.0268   0.3414   0.9711  44.7017 157.3493
   7.000   0.9054   0.01373   0.00278  -0.0279   0.1867   0.9858  54.9711 158.5003
   8.000   1.0135   0.01569   0.00362  -0.0302   0.0934   0.9985  61.6325 159.8157
   9.000   1.0171   0.01727   0.00403  -0.0112   0.0513   1.0000  65.3037 160.0000
  10.000   1.0194   0.01946   0.00478   0.0071   0.0338   1.0000  67.4018 160.0000
  11.000   1.0357   0.02245   0.00612   0.0208   0.0261   1.0000  68.6266 160.0000
  12.000   1.0518   0.02670   0.00842   0.0318   0.0220   1.0000  69.4242 160.0000
  13.000   1.0619   0.03262   0.01204   0.0402   0.0191   1.0000  70.0493 160.0000
  14.000   1.0817   0.03895   0.01630   0.0452   0.0173   1.0000  70.5165 160.0000
  15.000   1.0890   0.04736   0.02225   0.0484   0.0158   1.0000  70.9017 160.0000
