  
       XFOIL         Version 6.99
  
 Calculated polar for: HAWKER TEMPEST 61% SEMISPAN AIRFOIL             
  
 1 1 Reynolds number fixed          Mach number fixed         
  
 xtrf =   1.000 (top)        1.000 (bottom)  
 Mach =   0.000     Re =     1.000 e 6     Ncrit =   9.000  9.000
  
   alpha    CL        CD       CDp       CM     Top_Xtr  Bot_Xtr  Top_Itr  Bot_Itr
  ------ -------- --------- --------- -------- -------- -------- -------- --------
  -6.000  -0.4847   0.00985   0.00154  -0.0358   0.9564   0.0299   4.7174  91.7692
  -5.000  -0.3754   0.00841   0.00093  -0.0362   0.9361   0.1065   6.1224  98.2793
  -4.000  -0.2777   0.00737   0.00058  -0.0338   0.9074   0.2079   8.0994 105.3768
  -3.000  -0.1970   0.00583   0.00029  -0.0280   0.8731   0.4827  10.4604 124.0985
  -2.000  -0.1069   0.00515   0.00020  -0.0234   0.8388   0.6427  12.8142 134.9352
  -1.000  -0.0135   0.00480   0.00020  -0.0193   0.8016   0.7536  15.3573 142.4682
   0.000   0.0834   0.00471   0.00025  -0.0157   0.7575   0.8393  18.3740 148.2927
   1.000   0.1843   0.00487   0.00033  -0.0130   0.7059   0.8962  21.9011 152.1746
   2.000   0.2897   0.00522   0.00040  -0.0116   0.6452   0.9274  26.0607 154.3110
   3.000   0.3974   0.00574   0.00050  -0.0108   0.5758   0.9499  30.7965 155.8487
   4.000   0.5193   0.00656   0.00067  -0.0136   0.4779   0.9617  37.4852 156.6731
   5.000   0.6326   0.00849   0.00114  -0.0155   0.2477   0.9712  53.3393 157.3507
   7.000   0.8610   0.01249   0.00276  -0.0203   0.0220   0.9907  71.0345 158.8939
   8.000   0.9806   0.01418   0.00373  -0.0239   0.0142   0.9972  72.5613 159.6558
   9.000   1.0514   0.01612   0.00485  -0.0176   0.0111   1.0000  73.3411 160.0000
  10.000   1.0676   0.01767   0.00548   0.0000   0.0097   1.0000  73.7648 160.0000
  11.000   1.0788   0.02081   0.00710   0.0163   0.0087   1.0000  74.1056 160.0000
  12.000   1.1134   0.02416   0.00910   0.0261   0.0078   1.0000  74.4295 160.0000
  13.000   1.1466   0.02828   0.01173   0.0333   0.0070   1.0000  74.7613 160.0000
  14.000   1.1294   0.03798   0.01877   0.0408   0.0063   1.0000  75.0117 160.0000
  15.000   1.1270   0.04799   0.02683   0.0422   0.0061   1.0000  75.1169 160.0000
