  
       XFOIL         Version 6.99
  
 Calculated polar for: HAWKER TEMPEST 61% SEMISPAN AIRFOIL             
  
 1 1 Reynolds number fixed          Mach number fixed         
  
 xtrf =   1.000 (top)        1.000 (bottom)  
 Mach =   0.000     Re =     0.500 e 6     Ncrit =   9.000  9.000
  
   alpha    CL        CD       CDp       CM     Top_Xtr  Bot_Xtr  Top_Itr  Bot_Itr
  ------ -------- --------- --------- -------- -------- -------- -------- --------
  -6.000  -0.5499   0.01327   0.00299  -0.0225   0.9638   0.0322   4.1993  92.0654
  -5.000  -0.4214   0.01099   0.00204  -0.0274   0.9536   0.1298   4.9182  99.9463
  -4.000  -0.3057   0.00885   0.00137  -0.0297   0.9384   0.3411   5.9684 114.4740
  -3.000  -0.2210   0.00712   0.00113  -0.0243   0.9119   0.6250   7.7943 133.7364
  -2.000  -0.1222   0.00647   0.00109  -0.0209   0.8840   0.7579   9.7105 142.7583
  -1.000  -0.0144   0.00629   0.00113  -0.0193   0.8530   0.8394  11.8377 148.3008
   0.000   0.0997   0.00652   0.00135  -0.0188   0.8162   0.9001  14.3597 152.4431
   1.000   0.2228   0.00694   0.00146  -0.0206   0.7692   0.9273  17.5688 154.3028
   2.000   0.3573   0.00745   0.00151  -0.0253   0.7161   0.9419  21.2049 155.2986
   3.000   0.4867   0.00803   0.00150  -0.0291   0.6414   0.9549  26.3189 156.1964
   4.000   0.6108   0.00877   0.00152  -0.0322   0.5469   0.9684  32.7657 157.1440
   5.000   0.7237   0.01055   0.00177  -0.0341   0.3098   0.9826  49.0471 158.2139
   6.000   0.8395   0.01297   0.00259  -0.0377   0.0948   0.9954  64.2551 159.4268
   7.000   0.9131   0.01533   0.00375  -0.0320   0.0282   1.0000  70.1735 160.0000
   8.000   0.9466   0.01740   0.00485  -0.0178   0.0208   1.0000  71.2438 160.0000
   9.000   0.9617   0.01958   0.00589  -0.0002   0.0175   1.0000  71.8313 160.0000
  10.000   0.9803   0.02286   0.00766   0.0151   0.0152   1.0000  72.3296 160.0000
  11.000   1.0157   0.02660   0.00989   0.0254   0.0132   1.0000  72.7826 160.0000
  12.000   1.0388   0.03400   0.01487   0.0346   0.0120   1.0000  73.0742 160.0000
  13.000   1.0328   0.04260   0.02173   0.0431   0.0115   1.0000  73.2461 160.0000
  14.000   0.9909   0.05611   0.03348   0.0460   0.0110   1.0000  73.3844 160.0000
  15.000   0.9140   0.07931   0.05551   0.0372   0.0110   1.0000  73.3694 160.0000
