  
       XFOIL         Version 6.99
  
 Calculated polar for: TH 25816 HALE AIRFOIL                           
  
 1 1 Reynolds number fixed          Mach number fixed         
  
 xtrf =   1.000 (top)        1.000 (bottom)  
 Mach =   0.000     Re =     0.500 e 6     Ncrit =   9.000  9.000
  
   alpha    CL        CD       CDp       CM     Top_Xtr  Bot_Xtr  Top_Itr  Bot_Itr
  ------ -------- --------- --------- -------- -------- -------- -------- --------
  -6.000  -0.0199   0.01400  -0.00027  -0.1393   0.7948   0.3835  16.7753 122.0350
  -5.000  -0.1418   0.01213  -0.00061  -0.0959   0.7767   0.5254  17.8773 130.0421
  -4.000  -0.1267   0.01177  -0.00061  -0.0783   0.7637   0.6443  18.6664 136.8827
  -3.000  -0.0319   0.01219  -0.00015  -0.0762   0.7547   0.7064  19.2026 140.4101
  -2.000   0.0612   0.01273   0.00003  -0.0740   0.7454   0.7354  19.7610 142.0669
  -1.000   0.1415   0.01326  -0.00018  -0.0697   0.7354   0.7475  20.3621 142.7637
   0.000   0.2570   0.01327  -0.00060  -0.0730   0.7279   0.7572  20.8080 143.3317
   1.000   0.3172   0.01399  -0.00103  -0.0652   0.7168   0.7699  21.4779 144.0707
   2.000   0.4469   0.01403  -0.00139  -0.0713   0.7104   0.7785  21.8568 144.5790
   3.000   0.4881   0.01521  -0.00171  -0.0599   0.6981   0.7912  22.6012 145.3247
   4.000   0.6360   0.01497  -0.00234  -0.0699   0.6926   0.8014  22.9284 145.9209
   8.000   0.9042   0.01823  -0.00541  -0.0462   0.6402   0.8473  26.1123 148.5603
   9.000   0.9234   0.02021  -0.00624  -0.0324   0.6187   0.8605  27.4227 149.3236
  10.000   0.9801   0.02145  -0.00753  -0.0259   0.5953   0.8728  28.8420 150.0527
  11.000   0.9945   0.02435  -0.00813  -0.0128   0.5619   0.8845  30.8608 150.7789
  12.000   1.0030   0.02817  -0.00815  -0.0003   0.5196   0.8956  33.4190 151.5001
  13.000   1.0167   0.03235  -0.00791   0.0101   0.4631   0.9058  36.8097 152.1834
  14.000   1.0132   0.03794  -0.00659   0.0214   0.3968   0.9157  40.7200 152.8730
  15.000   1.0059   0.04435  -0.00432   0.0316   0.3310   0.9246  44.5813 153.5223
