  
       XFOIL         Version 6.99
  
 Calculated polar for: TsAGI 12% AIRFOIL                               
  
 1 1 Reynolds number fixed          Mach number fixed         
  
 xtrf =   1.000 (top)        1.000 (bottom)  
 Mach =   0.000     Re =     1.000 e 6     Ncrit =   9.000  9.000
  
   alpha    CL        CD       CDp       CM     Top_Xtr  Bot_Xtr  Top_Itr  Bot_Itr
  ------ -------- --------- --------- -------- -------- -------- -------- --------
  -6.000  -0.4803   0.01019   0.00154  -0.0217   0.8372   0.0313  13.2773  92.6127
  -5.000  -0.3873   0.00948   0.00104  -0.0178   0.7790   0.0409  17.1655  93.6587
  -4.000  -0.2906   0.00890   0.00076  -0.0146   0.7309   0.0690  20.3405  96.1332
  -3.000  -0.1917   0.00847   0.00052  -0.0119   0.6895   0.0918  23.0979  97.7976
  -2.000  -0.0961   0.00773   0.00032  -0.0087   0.6545   0.2083  25.4252 105.7997
  -1.000  -0.0185   0.00621   0.00013  -0.0021   0.6235   0.5676  27.4834 129.5103
   0.000   0.0670   0.00524   0.00031   0.0042   0.5913   0.9048  29.6219 152.0870
   1.000   0.2103   0.00571   0.00053  -0.0027   0.5487   0.9380  32.4743 154.3204
   2.000   0.3685   0.00688   0.00107  -0.0124   0.4906   0.9545  36.4008 155.5071
   3.000   0.4933   0.00748   0.00126  -0.0156   0.4453   0.9635  39.4569 156.2097
   4.000   0.6153   0.00795   0.00137  -0.0185   0.4088   0.9695  41.9038 156.7095
   5.000   0.7358   0.00836   0.00148  -0.0211   0.3734   0.9757  44.2688 157.2656
   6.000   0.8449   0.00915   0.00162  -0.0216   0.2931   0.9836  49.7502 158.0231
   7.000   0.9476   0.01175   0.00273  -0.0226   0.0863   0.9892  64.5798 158.6254
   8.000   1.0476   0.01420   0.00402  -0.0228   0.0152   0.9960  71.7755 159.4438
   9.000   1.1405   0.01615   0.00517  -0.0214   0.0107   1.0000  72.7910 160.0000
  10.000   1.1702   0.01855   0.00651  -0.0076   0.0091   1.0000  73.2687 160.0000
  11.000   1.1653   0.02084   0.00757   0.0115   0.0082   1.0000  73.5919 160.0000
  12.000   1.1585   0.02587   0.01052   0.0246   0.0072   1.0000  73.9217 160.0000
  13.000   1.1600   0.03305   0.01540   0.0312   0.0067   1.0000  74.1599 160.0000
  14.000   1.1640   0.04165   0.02171   0.0342   0.0062   1.0000  74.3966 160.0000
  15.000   1.1600   0.05222   0.02993   0.0347   0.0058   1.0000  74.5939 160.0000
