  
       XFOIL         Version 6.99
  
 Calculated polar for: TsAGI R-3a (12%)                                
  
 1 1 Reynolds number fixed          Mach number fixed         
  
 xtrf =   1.000 (top)        1.000 (bottom)  
 Mach =   0.000     Re =     0.500 e 6     Ncrit =   9.000  9.000
  
   alpha    CL        CD       CDp       CM     Top_Xtr  Bot_Xtr  Top_Itr  Bot_Itr
  ------ -------- --------- --------- -------- -------- -------- -------- --------
  -6.000  -0.4017   0.01922   0.00906  -0.0304   0.6816   0.0213  20.3867  96.8702
  -5.000  -0.2987   0.01549   0.00495  -0.0283   0.5159   0.0222  29.5196  97.1322
  -4.000  -0.1892   0.01366   0.00332  -0.0271   0.4755   0.0245  31.7908  97.7839
  -3.000  -0.0781   0.01235   0.00229  -0.0260   0.4514   0.0295  33.1682  99.0882
  -2.000   0.0338   0.01125   0.00160  -0.0252   0.4334   0.0564  34.1995 103.9192
  -1.000   0.1458   0.01043   0.00140  -0.0247   0.4159   0.1933  35.1971 114.1862
   0.000   0.2420   0.00820   0.00148  -0.0210   0.3967   0.8642  36.3000 151.2334
   1.000   0.3974   0.00833   0.00150  -0.0284   0.3675   0.9955  38.0082 160.0000
   2.000   0.5030   0.00854   0.00139  -0.0266   0.3225   0.9955  40.7986 160.0000
   3.000   0.6091   0.00921   0.00156  -0.0252   0.2827   0.9955  43.3962 160.0000
   4.000   0.7161   0.01003   0.00198  -0.0240   0.2623   0.9955  44.7033 160.0000
   5.000   0.8239   0.01085   0.00248  -0.0231   0.2499   0.9955  45.4913 160.0000
   6.000   0.9309   0.01180   0.00305  -0.0223   0.2388   0.9955  46.1967 160.0000
   7.000   1.0367   0.01281   0.00361  -0.0215   0.2271   0.9955  46.9506 160.0000
   8.000   1.1426   0.01362   0.00412  -0.0207   0.2160   0.9955  47.6809 160.0000
   9.000   1.2457   0.01461   0.00463  -0.0198   0.2021   0.9955  48.6200 160.0000
  10.000   1.3459   0.01565   0.00501  -0.0187   0.1835   0.9955  49.9370 160.0000
  11.000   1.4433   0.01683   0.00551  -0.0174   0.1620   0.9955  51.5772 160.0000
  12.000   1.5293   0.01877   0.00645  -0.0150   0.1423   0.9955  53.1731 160.0000
  13.000   1.6028   0.02124   0.00779  -0.0114   0.1287   0.9955  54.3231 160.0000
  14.000   1.6501   0.02455   0.00958  -0.0054   0.1169   0.9955  55.3540 160.0000
  15.000   1.6748   0.03077   0.01343  -0.0026   0.1062   0.9955  56.3252 160.0000
