  
       XFOIL         Version 6.99
  
 Calculated polar for: TsAGI R-3a (12%)                                
  
 1 1 Reynolds number fixed          Mach number fixed         
  
 xtrf =   1.000 (top)        1.000 (bottom)  
 Mach =   0.000     Re =     1.000 e 6     Ncrit =   9.000  9.000
  
   alpha    CL        CD       CDp       CM     Top_Xtr  Bot_Xtr  Top_Itr  Bot_Itr
  ------ -------- --------- --------- -------- -------- -------- -------- --------
  -6.000  -0.4157   0.01417   0.00483  -0.0282   0.4854   0.0151  31.2320  94.8266
  -5.000  -0.3067   0.01217   0.00300  -0.0270   0.4434   0.0160  33.6250  95.1635
  -4.000  -0.1948   0.01096   0.00200  -0.0261   0.4248   0.0175  34.6863  95.6550
  -3.000  -0.0812   0.01009   0.00136  -0.0254   0.4112   0.0204  35.4649  96.5957
  -2.000   0.0334   0.00957   0.00110  -0.0250   0.3978   0.0376  36.2334 100.8467
  -1.000   0.1477   0.00903   0.00088  -0.0247   0.3827   0.1019  37.1111 108.4570
   0.000   0.2604   0.00799   0.00075  -0.0245   0.3645   0.3867  38.1897 124.9673
   1.000   0.3604   0.00654   0.00082  -0.0212   0.3309   0.9204  40.2631 154.3898
   2.000   0.5058   0.00717   0.00103  -0.0276   0.2649   0.9955  44.5394 160.0000
   3.000   0.6121   0.00770   0.00126  -0.0260   0.2463   0.9955  45.7226 160.0000
   4.000   0.7211   0.00819   0.00151  -0.0250   0.2346   0.9955  46.4681 160.0000
   5.000   0.8308   0.00879   0.00184  -0.0244   0.2248   0.9955  47.1033 160.0000
   6.000   0.9410   0.00934   0.00214  -0.0239   0.2166   0.9955  47.6437 160.0000
   7.000   1.0502   0.01000   0.00250  -0.0235   0.2080   0.9955  48.2209 160.0000
   8.000   1.1580   0.01075   0.00285  -0.0230   0.1963   0.9955  49.0205 160.0000
   9.000   1.2659   0.01137   0.00308  -0.0227   0.1814   0.9955  50.0918 160.0000
  10.000   1.3697   0.01236   0.00346  -0.0221   0.1551   0.9955  52.1248 160.0000
  11.000   1.4663   0.01391   0.00428  -0.0207   0.1309   0.9955  54.1323 160.0000
  12.000   1.5594   0.01551   0.00516  -0.0190   0.1169   0.9955  55.3522 160.0000
  13.000   1.6449   0.01744   0.00615  -0.0166   0.1019   0.9955  56.7348 160.0000
  14.000   1.7139   0.02012   0.00750  -0.0126   0.0804   0.9955  58.9619 160.0000
  15.000   1.6907   0.02882   0.01301  -0.0039   0.0395   0.9955  64.8766 160.0000
