  
       XFOIL         Version 6.99
  
 Calculated polar for: UNIVERSITY OF ALBERTA UA 79-SF-187 AIRFOIL      
  
 1 1 Reynolds number fixed          Mach number fixed         
  
 xtrf =   1.000 (top)        1.000 (bottom)  
 Mach =   0.000     Re =     1.000 e 6     Ncrit =   9.000  9.000
  
   alpha    CL        CD       CDp       CM     Top_Xtr  Bot_Xtr  Top_Itr  Bot_Itr
  ------ -------- --------- --------- -------- -------- -------- -------- --------
  -6.000  -0.0886   0.01392   0.00309  -0.1204   0.7615   0.0056  19.7000  85.3574
  -5.000  -0.0080   0.01270   0.00285  -0.1164   0.7595   0.0068  19.8580  85.5989
  -4.000   0.0858   0.01225   0.00305  -0.1147   0.7573   0.0085  20.0252  85.9460
  -3.000   0.1480   0.00939   0.00317  -0.1089   0.7544   0.6295  20.2582 131.9604
  -2.000   0.2603   0.01023   0.00418  -0.1099   0.7511   0.6734  20.5128 135.1220
  -1.000   0.3766   0.01040   0.00430  -0.1122   0.7483   0.6855  20.7365 135.9868
   0.000   0.4948   0.01030   0.00419  -0.1152   0.7457   0.6926  20.9373 136.5020
   1.000   0.6037   0.01030   0.00412  -0.1164   0.7401   0.6952  21.3901 136.6879
   2.000   0.7264   0.00974   0.00348  -0.1203   0.7351   0.6963  21.7987 136.7639
   3.000   0.8487   0.00802   0.00153  -0.1232   0.7148   0.6976  23.4104 136.8592
   4.000   0.9079   0.00794   0.00016  -0.1133   0.6200   0.6986  30.5461 136.9309
   5.000   0.8046   0.01288   0.00045  -0.0757   0.4774   0.6990  40.8697 136.9637
   6.000   0.7505   0.01880   0.00208  -0.0520   0.2812   0.6992  54.9523 136.9730
   7.000   0.7393   0.02438   0.00405  -0.0371   0.0064   0.6993  78.1974 136.9798
   8.000   0.8109   0.02655   0.00443  -0.0340   0.0049   0.6994  78.5140 136.9917
