  
       XFOIL         Version 6.99
  
 Calculated polar for: UNIVERSITY OF ALBERTA UA 79-SF-187 AIRFOIL MAIN 
  
 1 1 Reynolds number fixed          Mach number fixed         
  
 xtrf =   1.000 (top)        1.000 (bottom)  
 Mach =   0.000     Re =     1.000 e 6     Ncrit =   9.000  9.000
  
   alpha    CL        CD       CDp       CM     Top_Xtr  Bot_Xtr  Top_Itr  Bot_Itr
  ------ -------- --------- --------- -------- -------- -------- -------- --------
  -6.000  -0.0455   0.00760  -0.01247  -0.1003  -0.0005   4.4188   6.8443  95.5509
  -5.000   0.0231   0.00680  -0.01337  -0.0957   0.0002   4.4234   7.5683  96.1327
  -3.000   0.1675   0.00430  -0.01601  -0.0884   0.0051   2.3232   8.5994 156.0411
  -2.000   0.2805   0.00455  -0.01639  -0.0885   0.0064   2.2038   8.7698 157.6325
   1.000   0.5903   0.00421  -0.01935  -0.0869   0.0166   2.0863   9.8235 159.0193
   2.000   0.6892   0.00374  -0.02062  -0.0855   0.0249   2.0720  10.5560 159.1861
   3.000   0.7920   0.00313  -0.02250  -0.0852   0.0329   2.0533  11.2296 159.4023
   4.000   0.8047   0.00306  -0.02296  -0.0701   0.1089   2.0199  15.2166 159.7831
   5.000   0.7565   0.00432  -0.02156  -0.0478   0.5931   2.0005  26.7535 160.0000
   6.000   0.6775   0.00625  -0.01905  -0.0252   1.5052   2.0005  40.2111 160.0000
   7.000   0.6118   0.00875  -0.01531  -0.0071   4.2209   2.0005  85.3261 160.0000
   8.000   0.6350   0.00916  -0.01592   0.0010   4.2476   2.0005  86.3634 160.0000
   9.000   0.6530   0.00977  -0.01610   0.0091   4.2467   2.0005  86.3282 160.0000
  10.000   0.6621   0.01069  -0.01558   0.0173   4.2442   2.0005  86.2328 160.0000
  11.000   0.6628   0.01196  -0.01410   0.0252   4.2563   2.0005  86.7048 160.0000
  12.000   0.6555   0.01366  -0.01179   0.0325   4.2516   2.0005  86.5210 160.0000
  13.000   0.6498   0.01545  -0.01011   0.0389   4.1830   2.0005  83.8579 160.0000
