  
       XFOIL         Version 6.99
  
 Calculated polar for: UNIVERSITY OF ILLINOIS UI-1720 AIRFOIL          
  
 1 1 Reynolds number fixed          Mach number fixed         
  
 xtrf =   1.000 (top)        1.000 (bottom)  
 Mach =   0.000     Re =     0.500 e 6     Ncrit =   9.000  9.000
  
   alpha    CL        CD       CDp       CM     Top_Xtr  Bot_Xtr  Top_Itr  Bot_Itr
  ------ -------- --------- --------- -------- -------- -------- -------- --------
  -6.000  -0.1740   0.01709   0.00650  -0.0918   0.2771   0.0643  40.8286 106.2726
  -5.000  -0.0639   0.01623   0.00565  -0.0903   0.2722   0.0714  41.1168 107.2717
  -4.000   0.0477   0.01541   0.00476  -0.0888   0.2687   0.0776  41.3259 108.0681
  -3.000   0.1591   0.01464   0.00416  -0.0874   0.2650   0.0838  41.5457 108.7941
  -2.000   0.2708   0.01415   0.00377  -0.0860   0.2622   0.0906  41.7163 109.5227
  -1.000   0.3829   0.01419   0.00376  -0.0847   0.2597   0.1016  41.8668 110.5945
   0.000   0.4948   0.01485   0.00429  -0.0836   0.2574   0.1415  42.0024 113.6626
   1.000   0.6065   0.01492   0.00502  -0.0828   0.2567   0.3475  42.0445 124.6094
   3.000   0.8246   0.01569   0.00712  -0.0796   0.2553   0.9996  42.1337 160.0000
   4.000   0.9339   0.01711   0.00836  -0.0784   0.2542   0.9996  42.2061 160.0000
   5.000   1.0408   0.01887   0.00994  -0.0771   0.2532   0.9996  42.2700 160.0000
   6.000   1.1445   0.02101   0.01189  -0.0755   0.2522   0.9996  42.3357 160.0000
   7.000   1.2439   0.02358   0.01425  -0.0737   0.2510   0.9996  42.4074 160.0000
   8.000   1.3438   0.02552   0.01586  -0.0719   0.2483   0.9996  42.5804 160.0000
   9.000   1.4396   0.02791   0.01777  -0.0700   0.2463   0.9996  42.7081 160.0000
  10.000   1.5327   0.03044   0.01941  -0.0679   0.2441   0.9996  42.8503 160.0000
  11.000   1.5992   0.03606   0.02337  -0.0640   0.2408   0.9996  43.0693 160.0000
  12.000   1.6514   0.04047   0.02753  -0.0585   0.2360   0.9996  43.3940 160.0000
  13.000   1.7424   0.04070   0.02678  -0.0558   0.2320   0.9996  43.6718 160.0000
  14.000   1.4020   0.08963   0.06672  -0.0659   0.2137   0.9996  45.0027 160.0000
  15.000   1.5156   0.08408   0.05972  -0.0606   0.2135   0.9996  45.0136 160.0000
