  
       XFOIL         Version 6.99
  
 Calculated polar for: US1000ROOT                                      
  
 1 1 Reynolds number fixed          Mach number fixed         
  
 xtrf =   1.000 (top)        1.000 (bottom)  
 Mach =   0.000     Re =     1.000 e 6     Ncrit =   9.000  9.000
  
   alpha    CL        CD       CDp       CM     Top_Xtr  Bot_Xtr  Top_Itr  Bot_Itr
  ------ -------- --------- --------- -------- -------- -------- -------- --------
  -6.000  -0.5458   0.00891   0.00006  -0.0265   0.7973   0.2724  15.8355 109.4014
  -5.000  -0.4577   0.00856   0.00009  -0.0216   0.7476   0.2935  19.2183 110.8565
  -4.000  -0.3690   0.00832   0.00005  -0.0167   0.6814   0.3134  23.7274 112.2298
  -3.000  -0.2789   0.00820   0.00003  -0.0120   0.6086   0.3378  28.6790 113.9001
  -2.000  -0.1877   0.00816   0.00003  -0.0077   0.5380   0.3677  33.4838 115.9413
  -1.000  -0.0949   0.00814   0.00003  -0.0036   0.4821   0.4009  37.2779 118.2060
   0.000  -0.0006   0.00813   0.00004   0.0001   0.4387   0.4387  40.2199 120.7730
   1.000   0.0938   0.00814   0.00003   0.0039   0.4009   0.4820  42.7866 123.7135
   2.000   0.1865   0.00816   0.00002   0.0079   0.3677   0.5378  45.0535 127.5040
   3.000   0.2777   0.00820   0.00002   0.0123   0.3378   0.6085  47.0951 132.3106
   4.000   0.3645   0.00846  -0.00002   0.0175   0.2867   0.6811  50.6081 137.2471
   5.000   0.4429   0.00913  -0.00005   0.0242   0.2128   0.7472  55.7518 141.7511
   6.000   0.4724   0.01172   0.00055   0.0394   0.0043   0.7985  75.9737 145.2435
   7.000   0.5570   0.01255   0.00049   0.0442   0.0040   0.8404  76.1990 148.1056
   8.000   0.6733   0.01380   0.00089   0.0413   0.0040   0.8798  76.2193 150.8256
   9.000   0.8467   0.01622   0.00247   0.0249   0.0042   0.9348  76.0958 154.6014
  10.000   0.9539   0.02041   0.00472   0.0193   0.0044   1.0000  75.9367 160.0000
  11.000   0.9733   0.02488   0.00702   0.0277   0.0047   1.0000  75.7867 160.0000
  12.000   0.9626   0.03407   0.01298   0.0321   0.0053   1.0000  75.4236 160.0000
  13.000   0.9266   0.04838   0.02375   0.0315   0.0059   1.0000  75.1196 160.0000
