  
       XFOIL         Version 6.99
  
 Calculated polar for: US1000ROOT                                      
  
 1 1 Reynolds number fixed          Mach number fixed         
  
 xtrf =   1.000 (top)        1.000 (bottom)  
 Mach =   0.000     Re =     0.500 e 6     Ncrit =   9.000  9.000
  
   alpha    CL        CD       CDp       CM     Top_Xtr  Bot_Xtr  Top_Itr  Bot_Itr
  ------ -------- --------- --------- -------- -------- -------- -------- --------
  -6.000  -0.5128   0.01091   0.00079  -0.0335   0.8571   0.3071  11.7384 111.7961
  -5.000  -0.4262   0.01047   0.00079  -0.0284   0.8116   0.3266  14.8673 113.1297
  -4.000  -0.3433   0.01001   0.00073  -0.0222   0.7589   0.3494  18.4459 114.6917
  -3.000  -0.2588   0.00970   0.00063  -0.0163   0.6934   0.3775  22.9142 116.6107
  -2.000  -0.1734   0.00957   0.00055  -0.0106   0.6194   0.4104  27.9451 118.8539
  -1.000  -0.0878   0.00952   0.00051  -0.0051   0.5491   0.4484  32.7292 121.4313
   0.000  -0.0006   0.00951   0.00050   0.0001   0.4931   0.4930  36.5302 124.4597
   1.000   0.0866   0.00952   0.00051   0.0053   0.4484   0.5490  39.5607 128.2611
   2.000   0.1721   0.00957   0.00054   0.0109   0.4105   0.6194  42.1382 133.0458
   3.000   0.2574   0.00970   0.00061   0.0167   0.3775   0.6933  44.3819 138.0777
   4.000   0.3417   0.01000   0.00070   0.0226   0.3481   0.7589  46.3930 142.5530
   5.000   0.4208   0.01040   0.00054   0.0295   0.3031   0.8118  49.4755 146.1453
   6.000   0.5006   0.01090   0.00024   0.0358   0.2559   0.8581  52.7344 149.3277
   7.000   0.6145   0.01251   0.00044   0.0332   0.1400   0.9081  61.0522 152.7773
   8.000   0.7967   0.01675   0.00277   0.0137   0.0061   0.9463  74.9922 155.3998
   9.000   0.9096   0.01962   0.00409   0.0098   0.0060   1.0000  75.0774 160.0000
  10.000   0.9155   0.02300   0.00543   0.0238   0.0060   1.0000  75.0736 160.0000
  11.000   0.9133   0.02962   0.00934   0.0318   0.0060   1.0000  75.0477 160.0000
  12.000   0.8928   0.04104   0.01767   0.0334   0.0061   1.0000  75.0127 160.0000
  13.000   0.8729   0.05472   0.02863   0.0312   0.0062   1.0000  74.9703 160.0000
  14.000   0.8654   0.06788   0.03953   0.0282   0.0063   1.0000  74.9060 160.0000
  15.000   0.8710   0.07953   0.04895   0.0261   0.0067   1.0000  74.7443 160.0000
