  
       XFOIL         Version 6.99
  
 Calculated polar for: USA 27 AIRFOIL                                  
  
 1 1 Reynolds number fixed          Mach number fixed         
  
 xtrf =   1.000 (top)        1.000 (bottom)  
 Mach =   0.000     Re =     1.000 e 6     Ncrit =   9.000  9.000
  
   alpha    CL        CD       CDp       CM     Top_Xtr  Bot_Xtr  Top_Itr  Bot_Itr
  ------ -------- --------- --------- -------- -------- -------- -------- --------
  -3.000   0.1949   0.00591   0.00431  -0.0971   0.7010   0.0376  21.9651  96.3481
  -2.000   0.2925   0.01161   0.00403  -0.0956   0.6337   0.0460  26.2782  97.3546
  -1.000   0.3941   0.00990   0.00204  -0.0924   0.5908   0.0331  28.9499  95.7185
   0.000   0.4929   0.00919   0.00124  -0.0894   0.5392   0.0334  32.1817  95.7706
   1.000   0.5893   0.00917   0.00085  -0.0862   0.4631   0.0343  37.0810  95.9084
   2.000   0.6871   0.00938   0.00072  -0.0835   0.4071   0.0373  40.6726  96.3134
   3.000   0.7850   0.00929   0.00083  -0.0811   0.3745   0.2718  42.7332 112.8730
   4.000   0.9739   0.00865   0.00163  -0.0993   0.3466   0.9992  44.4804 159.8933
   5.000   1.0671   0.00922   0.00173  -0.0960   0.3221   1.0000  46.0253 160.0000
   6.000   1.1478   0.00984   0.00178  -0.0901   0.2911   1.0000  48.0266 160.0000
   7.000   1.2147   0.01103   0.00197  -0.0818   0.2150   1.0000  53.3640 160.0000
   8.000   1.2555   0.01336   0.00278  -0.0690   0.1132   1.0000  60.6129 160.0000
   9.000   1.2857   0.01699   0.00447  -0.0557   0.0149   1.0000  71.7905 160.0000
  10.000   1.3444   0.01940   0.00560  -0.0485   0.0120   1.0000  72.5236 160.0000
  11.000   1.3816   0.02340   0.00773  -0.0396   0.0101   1.0000  73.0728 160.0000
  12.000   1.4163   0.02814   0.01060  -0.0327   0.0090   1.0000  73.4631 160.0000
  13.000   1.4323   0.03527   0.01535  -0.0270   0.0080   1.0000  73.8192 160.0000
  14.000   1.3965   0.04999   0.02643  -0.0241   0.0074   1.0000  74.0277 160.0000
  15.000   1.3815   0.06441   0.03792  -0.0252   0.0071   1.0000  74.1767 160.0000
