  
       XFOIL         Version 6.99
  
 Calculated polar for: USA 22 AIRFOIL                                  
  
 1 1 Reynolds number fixed          Mach number fixed         
  
 xtrf =   1.000 (top)        1.000 (bottom)  
 Mach =   0.000     Re =     0.500 e 6     Ncrit =   9.000  9.000
  
   alpha    CL        CD       CDp       CM     Top_Xtr  Bot_Xtr  Top_Itr  Bot_Itr
  ------ -------- --------- --------- -------- -------- -------- -------- --------
   0.000   0.4255   0.00885   0.00086  -0.0761   0.5251   0.3065  35.1529 111.3134
   1.000   0.5346   0.00909   0.00095  -0.0755   0.4717   0.3712  38.8040 115.7816
   2.000   0.6466   0.00800   0.00111  -0.0756   0.4387   1.0000  41.0514 160.0000
   3.000   0.7556   0.00854   0.00128  -0.0750   0.4116   1.0000  42.8926 160.0000
   4.000   0.8641   0.00910   0.00147  -0.0744   0.3832   1.0000  44.8256 160.0000
   5.000   0.9717   0.00969   0.00163  -0.0737   0.3458   1.0000  47.3900 160.0000
   6.000   1.0756   0.01066   0.00182  -0.0727   0.2754   1.0000  52.3033 160.0000
   7.000   1.1509   0.01531   0.00389  -0.0685   0.0217   1.0000  72.5883 160.0000
   8.000   1.2384   0.01811   0.00530  -0.0650   0.0130   1.0000  73.6708 160.0000
  10.000   1.3118   0.02975   0.01199  -0.0470   0.0093   1.0000  74.3495 160.0000
  11.000   1.3265   0.03813   0.01711  -0.0397   0.0090   1.0000  74.4275 160.0000
