  
       XFOIL         Version 6.99
  
 Calculated polar for: USA 29 AIRFOIL                                  
  
 1 1 Reynolds number fixed          Mach number fixed         
  
 xtrf =   1.000 (top)        1.000 (bottom)  
 Mach =   0.000     Re =     0.500 e 6     Ncrit =   9.000  9.000
  
   alpha    CL        CD       CDp       CM     Top_Xtr  Bot_Xtr  Top_Itr  Bot_Itr
  ------ -------- --------- --------- -------- -------- -------- -------- --------
  -6.000  -0.1192   0.01455   0.00506  -0.1133   0.8414   0.0552  12.5861  96.8750
  -5.000  -0.0248   0.01247   0.00316  -0.1096   0.8045   0.0582  14.9687  97.1457
  -4.000   0.0661   0.01113   0.00200  -0.1049   0.7552   0.0625  18.1052  97.5289
  -3.000   0.1580   0.01050   0.00122  -0.1004   0.6934   0.0684  22.1145  98.0488
  -2.000   0.2533   0.01011   0.00086  -0.0968   0.6480   0.1084  25.0444 101.1947
   0.000   0.4474   0.00986   0.00101  -0.0909   0.5916   0.3055  28.5949 113.8803
   1.000   0.5460   0.01038   0.00125  -0.0880   0.5687   0.3466  30.0242 116.7219
   2.000   0.6413   0.01071   0.00134  -0.0846   0.5466   0.3693  31.4111 118.3413
   3.000   0.7344   0.01102   0.00130  -0.0809   0.5254   0.3906  32.7582 119.8592
   4.000   0.8255   0.01130   0.00116  -0.0769   0.5050   0.4054  34.0583 120.9095
   5.000   0.9099   0.01153   0.00099  -0.0716   0.4851   0.4208  35.3415 121.9876
   6.000   0.9856   0.01180   0.00073  -0.0646   0.4654   0.4378  36.6149 123.1470
   7.000   1.0464   0.01228   0.00022  -0.0548   0.4345   0.4520  38.6148 124.0872
   8.000   1.0990   0.01265  -0.00026  -0.0440   0.3998   0.6584  40.8704 136.9840
  10.000   1.1969   0.02695   0.00834  -0.0421   0.0240   1.0000  69.0439 160.0000
  11.000   1.2127   0.03312   0.01223  -0.0340   0.0200   1.0000  69.7298 160.0000
  12.000   1.1984   0.04346   0.01960  -0.0273   0.0180   1.0000  70.0991 160.0000
  13.000   1.1992   0.05368   0.02726  -0.0238   0.0162   1.0000  70.4751 160.0000
  14.000   1.1969   0.06476   0.03579  -0.0213   0.0146   1.0000  70.8058 160.0000
  15.000   1.2026   0.07417   0.04231  -0.0175   0.0135   1.0000  71.0696 160.0000
