  
       XFOIL         Version 6.99
  
 Calculated polar for: USA 27 mod. AIRFOIL                             
  
 1 1 Reynolds number fixed          Mach number fixed         
  
 xtrf =   1.000 (top)        1.000 (bottom)  
 Mach =   0.000     Re =     0.500 e 6     Ncrit =   9.000  9.000
  
   alpha    CL        CD       CDp       CM     Top_Xtr  Bot_Xtr  Top_Itr  Bot_Itr
  ------ -------- --------- --------- -------- -------- -------- -------- --------
  -6.000  -0.0508   0.01783   0.01707  -0.1126   0.8966   0.0502   9.0097 100.2740
  -5.000   0.0249   0.01331   0.01222  -0.1082   0.8658   0.0611  10.9314 101.6215
  -4.000   0.1063   0.01003   0.00848  -0.1038   0.8276   0.0799  13.2533 103.4415
  -3.000   0.2120   0.01365   0.00434  -0.1007   0.7948   0.0416  15.2278  99.0049
  -2.000   0.3053   0.01154   0.00259  -0.0961   0.7132   0.0403  20.2131  98.7845
  -1.000   0.3909   0.01105   0.00175  -0.0901   0.6350   0.0410  24.9542  98.9054
   0.000   0.4805   0.01077   0.00131  -0.0852   0.5786   0.0442  28.1943  99.3909
   2.000   0.6439   0.01095   0.00126  -0.0731   0.4312   0.3352  37.0508 119.5137
   3.000   0.8393   0.01095   0.00250  -0.0917   0.3912   0.9921  39.4175 159.0933
   4.000   0.9748   0.01167   0.00274  -0.0979   0.3692   1.0000  40.7096 160.0000
   5.000   1.0472   0.01228   0.00279  -0.0903   0.3527   1.0000  41.6740 160.0000
   6.000   1.1122   0.01288   0.00281  -0.0813   0.3387   1.0000  42.4919 160.0000
   7.000   1.1694   0.01349   0.00271  -0.0708   0.3222   1.0000  43.4694 160.0000
   8.000   1.2317   0.01430   0.00262  -0.0619   0.2996   1.0000  44.8409 160.0000
   9.000   1.3001   0.01532   0.00265  -0.0549   0.2702   1.0000  46.7251 160.0000
  10.000   1.3515   0.01762   0.00316  -0.0464   0.1981   1.0000  51.7736 160.0000
  11.000   1.3893   0.02120   0.00465  -0.0373   0.1502   1.0000  55.0284 160.0000
  12.000   1.3652   0.02963   0.00944  -0.0240   0.0289   1.0000  67.4726 160.0000
  13.000   1.3761   0.03714   0.01419  -0.0178   0.0199   1.0000  69.4716 160.0000
  14.000   1.3683   0.04824   0.02206  -0.0145   0.0177   1.0000  70.0409 160.0000
  15.000   1.3486   0.06248   0.03301  -0.0144   0.0167   1.0000  70.3161 160.0000
