  
       XFOIL         Version 6.99
  
 Calculated polar for: USA 22 AIRFOIL                                  
  
 1 1 Reynolds number fixed          Mach number fixed         
  
 xtrf =   1.000 (top)        1.000 (bottom)  
 Mach =   0.000     Re =     1.000 e 6     Ncrit =   9.000  9.000
  
   alpha    CL        CD       CDp       CM     Top_Xtr  Bot_Xtr  Top_Itr  Bot_Itr
  ------ -------- --------- --------- -------- -------- -------- -------- --------
  -6.000  -0.2250   0.01191   0.00449  -0.0828   0.9165   0.0088   8.2871  88.4991
  -5.000  -0.1202   0.00947   0.00213  -0.0808   0.8472   0.0113  13.1424  89.1428
  -4.000  -0.0137   0.00838   0.00110  -0.0789   0.7408   0.0224  20.4797  90.7741
  -3.000   0.0964   0.00827   0.00104  -0.0781   0.6658   0.0393  25.5616  92.5539
  -2.000   0.2069   0.00803   0.00069  -0.0774   0.5928   0.0520  30.5244  93.5644
  -1.000   0.3172   0.00790   0.00036  -0.0767   0.5154   0.0703  35.8177  94.8446
   0.000   0.4266   0.00764   0.00042  -0.0763   0.4541   0.2624  40.0012 108.2504
   1.000   0.5383   0.00781   0.00055  -0.0761   0.4223   0.3150  42.1632 111.8983
   2.000   0.6497   0.00792   0.00066  -0.0760   0.3981   0.3782  43.8089 116.2648
   5.000   0.9788   0.00804   0.00115  -0.0753   0.2920   1.0000  51.1302 160.0000
   6.000   1.0795   0.00960   0.00172  -0.0740   0.1888   1.0000  58.4476 160.0000
   7.000   1.1632   0.01339   0.00362  -0.0703   0.0116   1.0000  73.8653 160.0000
   8.000   1.2570   0.01548   0.00475  -0.0679   0.0078   1.0000  74.7673 160.0000
   9.000   1.3367   0.01873   0.00661  -0.0638   0.0059   1.0000  75.4660 160.0000
  10.000   1.3949   0.02293   0.00919  -0.0574   0.0049   1.0000  75.8986 160.0000
  11.000   1.3933   0.03029   0.01400  -0.0459   0.0045   1.0000  76.1050 160.0000
  12.000   1.3961   0.04016   0.02112  -0.0415   0.0042   1.0000  76.2968 160.0000
  13.000   1.3979   0.05162   0.02970  -0.0397   0.0038   1.0000  76.5347 160.0000
  14.000   1.3854   0.06556   0.04001  -0.0375   0.0038   1.0000  76.5394 160.0000
  15.000   1.3431   0.08543   0.05650  -0.0402   0.0042   1.0000  76.3004 160.0000
