  
       XFOIL         Version 6.99
  
 Calculated polar for: USA 28 AIRFOIL                                  
  
 1 1 Reynolds number fixed          Mach number fixed         
  
 xtrf =   1.000 (top)        1.000 (bottom)  
 Mach =   0.000     Re =     0.500 e 6     Ncrit =   9.000  9.000
  
   alpha    CL        CD       CDp       CM     Top_Xtr  Bot_Xtr  Top_Itr  Bot_Itr
  ------ -------- --------- --------- -------- -------- -------- -------- --------
  -6.000  -0.2667   0.01173   0.00234  -0.0955   0.8976   0.0566   9.5970  97.0572
  -5.000  -0.1281   0.00974   0.00110  -0.1022   0.8669   0.1412  11.5459 103.5050
  -4.000  -0.0134   0.00934   0.00087  -0.1028   0.8314   0.1869  13.8175 106.3871
  -3.000   0.0878   0.00895   0.00062  -0.1004   0.7955   0.2263  16.0850 108.9801
  -2.000   0.1815   0.00868   0.00068  -0.0962   0.7561   0.3300  18.6050 115.8888
   0.000   0.3773   0.00897   0.00062  -0.0894   0.6869   0.3909  23.1289 119.8378
   1.000   0.4768   0.00912   0.00054  -0.0865   0.6580   0.4102  24.9837 121.0918
   2.000   0.5725   0.00925   0.00046  -0.0828   0.6272   0.4301  26.9229 122.3809
   3.000   0.6603   0.00938   0.00031  -0.0774   0.5885   0.4502  29.3274 123.6822
   4.000   0.7276   0.00952  -0.00005  -0.0676   0.5215   0.4773  33.6598 125.4368
   5.000   0.9992   0.01036   0.00122  -0.1046   0.4389   1.0000  39.1086 160.0000
   6.000   1.0702   0.01126   0.00146  -0.0962   0.3978   1.0000  41.6697 160.0000
   7.000   1.1308   0.01197   0.00148  -0.0856   0.3557   1.0000  44.2947 160.0000
   8.000   1.1568   0.01394   0.00174  -0.0692   0.2157   1.0000  53.7113 160.0000
   9.000   1.1353   0.01907   0.00391  -0.0470   0.0319   1.0000  68.1173 160.0000
  10.000   1.1663   0.02250   0.00558  -0.0354   0.0225   1.0000  69.5894 160.0000
  11.000   1.1830   0.02761   0.00850  -0.0246   0.0190   1.0000  70.2286 160.0000
  12.000   1.1996   0.03373   0.01242  -0.0168   0.0165   1.0000  70.7325 160.0000
  13.000   1.1912   0.04306   0.01884  -0.0097   0.0151   1.0000  71.0427 160.0000
  14.000   1.2080   0.05108   0.02462  -0.0057   0.0140   1.0000  71.3275 160.0000
  15.000   1.2221   0.05996   0.03126  -0.0032   0.0127   1.0000  71.6608 160.0000
