  
       XFOIL         Version 6.99
  
 Calculated polar for: USA 25 AIRFOIL                                  
  
 1 1 Reynolds number fixed          Mach number fixed         
  
 xtrf =   1.000 (top)        1.000 (bottom)  
 Mach =   0.000     Re =     0.500 e 6     Ncrit =   9.000  9.000
  
   alpha    CL        CD       CDp       CM     Top_Xtr  Bot_Xtr  Top_Itr  Bot_Itr
  ------ -------- --------- --------- -------- -------- -------- -------- --------
  -5.000  -0.0532   0.04061   0.03434  -0.0872   0.9373   0.0441   6.5491  95.1456
  -3.000   0.1608   0.01242   0.00444  -0.0921   0.8158   0.0413  14.8077  94.8294
  -2.000   0.2349   0.01151   0.00226  -0.0831   0.5545   0.0411  31.7904  94.8051
  -1.000   0.3261   0.01104   0.00140  -0.0784   0.4832   0.0422  36.3954  94.9419
   0.000   0.4234   0.01080   0.00106  -0.0750   0.4598   0.0464  37.8897  95.3909
   1.000   0.5228   0.01076   0.00108  -0.0722   0.4444   0.0947  38.8683  99.3581
   2.000   0.6241   0.01097   0.00126  -0.0700   0.4295   0.1459  39.8171 102.8865
   3.000   0.7250   0.01119   0.00144  -0.0679   0.4154   0.2106  40.7103 107.1564
   4.000   0.8723   0.01027   0.00197  -0.0762   0.4003   0.9842  41.6715 158.1968
   5.000   1.0192   0.01086   0.00211  -0.0846   0.3804   1.0000  42.9448 160.0000
   6.000   1.0939   0.01102   0.00184  -0.0770   0.3499   1.0000  44.9324 160.0000
   7.000   1.1660   0.01166   0.00160  -0.0693   0.2717   1.0000  50.2863 160.0000
   8.000   1.1922   0.01569   0.00313  -0.0546   0.0591   1.0000  65.8227 160.0000
   9.000   1.2290   0.01835   0.00416  -0.0413   0.0167   1.0000  71.4232 160.0000
  10.000   1.2555   0.02197   0.00585  -0.0281   0.0139   1.0000  71.9776 160.0000
  11.000   1.2754   0.02649   0.00851  -0.0170   0.0126   1.0000  72.3162 160.0000
  12.000   1.2720   0.03419   0.01373  -0.0083   0.0118   1.0000  72.5300 160.0000
  13.000   1.2602   0.04531   0.02200  -0.0049   0.0112   1.0000  72.6688 160.0000
  14.000   1.2545   0.05687   0.03063  -0.0034   0.0106   1.0000  72.8403 160.0000
  15.000   1.3062   0.06154   0.03084   0.0056   0.0100   1.0000  72.9846 160.0000
