  
       XFOIL         Version 6.99
  
 Calculated polar for: USA 26 AIRFOIL                                  
  
 1 1 Reynolds number fixed          Mach number fixed         
  
 xtrf =   1.000 (top)        1.000 (bottom)  
 Mach =   0.000     Re =     0.500 e 6     Ncrit =   9.000  9.000
  
   alpha    CL        CD       CDp       CM     Top_Xtr  Bot_Xtr  Top_Itr  Bot_Itr
  ------ -------- --------- --------- -------- -------- -------- -------- --------
  -3.000   0.1086   0.01345   0.00554  -0.0838   0.8841   0.0448  10.1621  95.2313
  -2.000   0.2266   0.01086   0.00285  -0.0842   0.8170   0.0458  14.7678  95.3119
  -1.000   0.3183   0.01004   0.00159  -0.0790   0.6882   0.0490  23.1906  95.5781
   0.000   0.3954   0.01030   0.00103  -0.0713   0.5385   0.0537  33.0235  95.9629
   1.000   0.4813   0.00967   0.00076  -0.0658   0.4824   0.2659  36.6178 110.4885
   3.000   0.8183   0.00965   0.00146  -0.0915   0.3879   1.0000  42.7882 160.0000
   4.000   0.9043   0.01020   0.00165  -0.0864   0.3666   1.0000  44.1882 160.0000
   5.000   0.9893   0.01075   0.00184  -0.0810   0.3463   1.0000  45.5204 160.0000
   6.000   1.0705   0.01137   0.00196  -0.0751   0.3212   1.0000  47.1611 160.0000
   7.000   1.1475   0.01201   0.00194  -0.0684   0.2799   1.0000  49.9008 160.0000
   8.000   1.1953   0.01441   0.00257  -0.0570   0.1366   1.0000  60.0984 160.0000
   9.000   1.2092   0.01811   0.00407  -0.0398   0.0189   1.0000  71.2976 160.0000
  10.000   1.2418   0.02126   0.00550  -0.0272   0.0148   1.0000  72.0435 160.0000
  11.000   1.2638   0.02549   0.00790  -0.0157   0.0133   1.0000  72.4119 160.0000
  12.000   1.2621   0.03256   0.01259  -0.0060   0.0122   1.0000  72.6585 160.0000
  13.000   1.2410   0.04399   0.02107  -0.0016   0.0114   1.0000  72.8605 160.0000
  14.000   1.2259   0.05636   0.03007   0.0006   0.0106   1.0000  73.0526 160.0000
  15.000   1.2339   0.06709   0.03829   0.0008   0.0102   1.0000  73.1843 160.0000
