  
       XFOIL         Version 6.99
  
 Calculated polar for: USA 26 AIRFOIL                                  
  
 1 1 Reynolds number fixed          Mach number fixed         
  
 xtrf =   1.000 (top)        1.000 (bottom)  
 Mach =   0.000     Re =     1.000 e 6     Ncrit =   9.000  9.000
  
   alpha    CL        CD       CDp       CM     Top_Xtr  Bot_Xtr  Top_Itr  Bot_Itr
  ------ -------- --------- --------- -------- -------- -------- -------- --------
  -6.000  -0.1481   0.02514   0.01901  -0.0974   0.9491   0.0299   5.7566  93.6869
  -5.000  -0.0643   0.01795   0.01045  -0.0933   0.9200   0.0326   7.7173  94.0432
  -4.000   0.0310   0.01226   0.00519  -0.0903   0.8734   0.0331  10.9118  94.0970
  -3.000   0.1289   0.00997   0.00279  -0.0869   0.7956   0.0334  16.1844  94.1193
  -2.000   0.2133   0.00900   0.00157  -0.0805   0.6665   0.0356  24.6297  94.3447
  -1.000   0.2969   0.00907   0.00103  -0.0743   0.5222   0.0384  34.0731  94.6289
   0.000   0.3941   0.00888   0.00063  -0.0710   0.4725   0.0409  37.2561  94.8889
   1.000   0.4911   0.00872   0.00033  -0.0676   0.4288   0.0739  40.0979  97.4858
   3.000   0.7434   0.00783   0.00096  -0.0749   0.3508   0.9849  45.2283 158.2607
   4.000   0.9141   0.00846   0.00118  -0.0884   0.3288   0.9976  46.6636 159.6827
   5.000   1.0238   0.00891   0.00130  -0.0886   0.3062   1.0000  48.1454 160.0000
   6.000   1.1074   0.00946   0.00138  -0.0831   0.2683   1.0000  50.6931 160.0000
   7.000   1.1617   0.01157   0.00215  -0.0724   0.1300   1.0000  60.5549 160.0000
   8.000   1.1958   0.01450   0.00345  -0.0580   0.0146   1.0000  72.0945 160.0000
   9.000   1.2381   0.01627   0.00409  -0.0449   0.0111   1.0000  72.9313 160.0000
  10.000   1.2851   0.01837   0.00501  -0.0341   0.0095   1.0000  73.4075 160.0000
  11.000   1.3196   0.02155   0.00667  -0.0231   0.0082   1.0000  73.8425 160.0000
  12.000   1.3297   0.02689   0.00990  -0.0120   0.0073   1.0000  74.1642 160.0000
  13.000   1.3367   0.03417   0.01491  -0.0053   0.0067   1.0000  74.4295 160.0000
  14.000   1.3289   0.04529   0.02333  -0.0034   0.0062   1.0000  74.6253 160.0000
  15.000   1.3118   0.05983   0.03502  -0.0056   0.0059   1.0000  74.7642 160.0000
