  
       XFOIL         Version 6.99
  
 Calculated polar for: USA 27 mod. AIRFOIL                             
  
 1 1 Reynolds number fixed          Mach number fixed         
  
 xtrf =   1.000 (top)        1.000 (bottom)  
 Mach =   0.000     Re =     1.000 e 6     Ncrit =   9.000  9.000
  
   alpha    CL        CD       CDp       CM     Top_Xtr  Bot_Xtr  Top_Itr  Bot_Itr
  ------ -------- --------- --------- -------- -------- -------- -------- --------
  -6.000  -0.0681   0.01970   0.01271  -0.1119   0.8578   0.0319  11.4226  97.2534
  -5.000   0.0238   0.01862   0.00968  -0.1077   0.8225   0.0357  13.5638  97.9884
  -4.000   0.1129   0.01498   0.00657  -0.1036   0.7756   0.0413  16.3850  98.9505
  -3.000   0.1985   0.01150   0.00332  -0.0969   0.6695   0.0313  22.9036  97.1317
  -2.000   0.2917   0.01071   0.00226  -0.0926   0.6117   0.0308  26.2972  97.0463
  -1.000   0.3837   0.00976   0.00149  -0.0883   0.5643   0.0316  29.0216  97.2003
   0.000   0.4724   0.00969   0.00104  -0.0834   0.4727   0.0330  34.5329  97.4677
   1.000   0.5639   0.00991   0.00086  -0.0792   0.4119   0.0355  38.1963  97.9623
   2.000   0.6593   0.01002   0.00077  -0.0758   0.3785   0.0748  40.1658 103.0147
   3.000   0.7512   0.00973   0.00093  -0.0723   0.3564   0.3688  41.4567 121.5539
   4.000   0.9012   0.00933   0.00178  -0.0813   0.3378   0.9875  42.5444 158.6597
   5.000   1.0867   0.01014   0.00225  -0.0986   0.3190   0.9994  43.6649 159.9269
   6.000   1.1660   0.01066   0.00223  -0.0925   0.3014   1.0000  44.7318 160.0000
   7.000   1.2157   0.01118   0.00205  -0.0802   0.2808   1.0000  46.0246 160.0000
   8.000   1.2715   0.01193   0.00193  -0.0697   0.2480   1.0000  48.2292 160.0000
   9.000   1.3098   0.01409   0.00247  -0.0571   0.1688   1.0000  53.7860 160.0000
  10.000   1.3673   0.01608   0.00308  -0.0492   0.1335   1.0000  56.2017 160.0000
  11.000   1.3572   0.02237   0.00628  -0.0335   0.0177   1.0000  70.0179 160.0000
  12.000   1.3946   0.02671   0.00855  -0.0265   0.0143   1.0000  70.9894 160.0000
  13.000   1.4269   0.03205   0.01166  -0.0210   0.0129   1.0000  71.4422 160.0000
  14.000   1.4346   0.04063   0.01729  -0.0164   0.0116   1.0000  71.8698 160.0000
  15.000   1.4252   0.05276   0.02603  -0.0149   0.0108   1.0000  72.1472 160.0000
