  
       XFOIL         Version 6.99
  
 Calculated polar for: USA 31 AIRFOIL                                  
  
 1 1 Reynolds number fixed          Mach number fixed         
  
 xtrf =   1.000 (top)        1.000 (bottom)  
 Mach =   0.000     Re =     1.000 e 6     Ncrit =   9.000  9.000
  
   alpha    CL        CD       CDp       CM     Top_Xtr  Bot_Xtr  Top_Itr  Bot_Itr
  ------ -------- --------- --------- -------- -------- -------- -------- --------
  -6.000   0.3643   0.02520   0.01761  -0.1990   0.7823   0.0307  16.2940  98.1975
  -5.000   0.4148   0.01975   0.01212  -0.1921   0.7488   0.0326  18.1726  98.6218
  -4.000   0.4462   0.01602   0.00784  -0.1772   0.7045   0.0355  20.6930  99.2816
  -3.000   0.4876   0.01417   0.00502  -0.1629   0.6606   0.0400  23.1937 100.1934
  -2.000   0.5511   0.01286   0.00304  -0.1532   0.6283   0.0459  24.9747 101.2844
  -1.000   0.6298   0.01139   0.00070  -0.1450   0.6045   0.0325  26.2630  98.6129
   0.000   0.7079   0.01092  -0.00044  -0.1378   0.5811   0.0321  27.5127  98.5191
   1.000   0.7862   0.01091  -0.00124  -0.1309   0.5564   0.0332  28.8434  98.7710
   2.000   0.8671   0.01106  -0.00189  -0.1248   0.5298   0.0347  30.3023  99.0964
   3.000   0.9422   0.01154  -0.00242  -0.1180   0.4989   0.0385  32.0246  99.8983
   4.000   1.0189   0.01189  -0.00266  -0.1120   0.4691   0.2635  33.7102 117.7692
   5.000   1.0944   0.01301  -0.00267  -0.1060   0.4426   0.2954  35.2012 119.4873
   6.000   1.1673   0.01425  -0.00275  -0.0999   0.4160   0.3091  36.6925 120.2140
   7.000   1.2374   0.01566  -0.00279  -0.0940   0.3927   0.3174  37.9996 120.6695
   8.000   1.3112   0.01707  -0.00285  -0.0891   0.3745   0.3226  39.0253 120.9534
   9.000   1.3841   0.01868  -0.00274  -0.0847   0.3542   0.3297  40.1861 121.3666
  10.000   1.4528   0.02066  -0.00250  -0.0803   0.3344   0.3366  41.3307 121.7729
  11.000   1.5137   0.02333  -0.00189  -0.0756   0.3099   0.3433  42.7775 122.1791
  12.000   1.5672   0.02672  -0.00083  -0.0708   0.2799   0.3510  44.5999 122.6704
  13.000   1.6091   0.03127   0.00098  -0.0659   0.2469   0.3588  46.6640 123.1795
  14.000   1.6346   0.03752   0.00400  -0.0606   0.2104   0.3665  49.0306 123.7049
  15.000   1.6525   0.04499   0.00800  -0.0562   0.1785   0.3741  51.1541 124.2320
