  
       XFOIL         Version 6.99
  
 Calculated polar for: USA 31 AIRFOIL                                  
  
 1 1 Reynolds number fixed          Mach number fixed         
  
 xtrf =   1.000 (top)        1.000 (bottom)  
 Mach =   0.000     Re =     0.500 e 6     Ncrit =   9.000  9.000
  
   alpha    CL        CD       CDp       CM     Top_Xtr  Bot_Xtr  Top_Itr  Bot_Itr
  ------ -------- --------- --------- -------- -------- -------- -------- --------
  -6.000   0.4203   0.04828   0.03990  -0.1822   0.8294   0.0414  13.5877 100.4521
  -5.000   0.4533   0.03741   0.02936  -0.1859   0.7943   0.0469  15.6175 101.4516
  -4.000   0.4838   0.02218   0.01376  -0.1860   0.7577   0.0596  17.6728 103.4021
  -3.000   0.5342   0.01876   0.00981  -0.1753   0.7191   0.0758  19.8590 105.3151
  -2.000   0.5876   0.01411   0.00351  -0.1612   0.6825   0.0474  21.9575 101.5316
  -1.000   0.6606   0.01285   0.00145  -0.1523   0.6506   0.0418  23.7516 100.5337
   0.000   0.7390   0.01244   0.00033  -0.1451   0.6231   0.0416  25.2611 100.4995
   1.000   0.8168   0.01243  -0.00045  -0.1380   0.5962   0.0434  26.7024 100.8372
   2.000   0.8949   0.01259  -0.00111  -0.1313   0.5696   0.0475  28.1298 101.5597
   3.000   0.9670   0.01275  -0.00139  -0.1239   0.5410   0.2579  29.6811 117.4523
   4.000   1.0356   0.01406  -0.00130  -0.1159   0.5119   0.3047  31.2943 119.9787
   5.000   1.1011   0.01535  -0.00133  -0.1080   0.4837   0.3245  32.8839 121.0604
   6.000   1.1700   0.01655  -0.00142  -0.1012   0.4585   0.3376  34.3066 121.8332
   7.000   1.2366   0.01785  -0.00161  -0.0947   0.4324   0.3428  35.7721 122.1507
   8.000   1.3035   0.01940  -0.00163  -0.0888   0.4101   0.3490  37.0233 122.5448
   9.000   1.3692   0.02116  -0.00156  -0.0832   0.3902   0.3567  38.1384 123.0340
  10.000   1.4311   0.02329  -0.00119  -0.0779   0.3690   0.3641  39.3396 123.5351
  11.000   1.4878   0.02595  -0.00061  -0.0726   0.3480   0.3722  40.5421 124.0935
  12.000   1.5356   0.02947   0.00049  -0.0671   0.3247   0.3821  41.8974 124.8000
  13.000   1.5760   0.03400   0.00232  -0.0621   0.2961   0.3917  43.6104 125.5004
  14.000   1.6053   0.03989   0.00510  -0.0573   0.2663   0.4022  45.4412 126.2799
  15.000   1.6225   0.04753   0.00926  -0.0532   0.2351   0.4154  47.4223 127.2458
