  
       XFOIL         Version 6.99
  
 Calculated polar for: USA 33 AIRFOIL                                  
  
 1 1 Reynolds number fixed          Mach number fixed         
  
 xtrf =   1.000 (top)        1.000 (bottom)  
 Mach =   0.000     Re =     1.000 e 6     Ncrit =   9.000  9.000
  
   alpha    CL        CD       CDp       CM     Top_Xtr  Bot_Xtr  Top_Itr  Bot_Itr
  ------ -------- --------- --------- -------- -------- -------- -------- --------
  -6.000  -0.2345   0.01431   0.00509  -0.0659   0.6187   0.0430  21.2203 102.8212
  -5.000  -0.1359   0.01291   0.00379  -0.0624   0.5802   0.0446  23.0454 103.1770
  -4.000  -0.0332   0.01210   0.00308  -0.0596   0.5549   0.0468  24.2308 103.6346
  -3.000   0.0708   0.01142   0.00236  -0.0568   0.5364   0.0487  25.0960 104.0300
  -2.000   0.1729   0.01056   0.00177  -0.0539   0.5209   0.0516  25.8167 104.6126
  -1.000   0.2753   0.00999   0.00132  -0.0509   0.5066   0.0545  26.4923 105.1782
   0.000   0.3757   0.00963   0.00097  -0.0476   0.4853   0.0586  27.5145 105.9428
   1.000   0.4731   0.00939   0.00068  -0.0437   0.4569   0.0657  28.9295 107.1610
   2.000   0.5672   0.00927   0.00062  -0.0393   0.4139   0.1414  31.2198 115.7770
   3.000   0.6556   0.00991   0.00074  -0.0341   0.3426   0.1628  35.1196 117.3567
   4.000   0.7447   0.01044   0.00086  -0.0291   0.3070   0.1802  37.0091 118.5457
   5.000   0.8331   0.01084   0.00086  -0.0241   0.2823   0.1981  38.3434 119.7160
   6.000   0.9068   0.01137   0.00077  -0.0164   0.2480   0.2239  40.3225 121.3297
   7.000   1.0361   0.01211   0.00211  -0.0227   0.1586   0.9771  46.3943 158.0894
   9.000   1.1924   0.01750   0.00474  -0.0168   0.0575   1.0000  57.6915 160.0000
  10.000   1.2209   0.02019   0.00578  -0.0057   0.0553   1.0000  58.0587 160.0000
  11.000   1.2564   0.02380   0.00751   0.0017   0.0540   1.0000  58.2934 160.0000
  12.000   1.2866   0.02878   0.01026   0.0071   0.0529   1.0000  58.4913 160.0000
  13.000   1.3067   0.03552   0.01440   0.0109   0.0520   1.0000  58.6575 160.0000
  14.000   1.3121   0.04463   0.02051   0.0129   0.0512   1.0000  58.8008 160.0000
  15.000   1.3023   0.05627   0.02893   0.0133   0.0505   1.0000  58.9265 160.0000
