  
       XFOIL         Version 6.99
  
 Calculated polar for: USA 35 A AIRFOIL                                
  
 1 1 Reynolds number fixed          Mach number fixed         
  
 xtrf =   1.000 (top)        1.000 (bottom)  
 Mach =   0.000     Re =     1.000 e 6     Ncrit =   9.000  9.000
  
   alpha    CL        CD       CDp       CM     Top_Xtr  Bot_Xtr  Top_Itr  Bot_Itr
  ------ -------- --------- --------- -------- -------- -------- -------- --------
  -6.000   0.0185   0.01178   0.00327  -0.1302   0.5900   0.0398  22.5527 105.3737
  -5.000   0.1307   0.01130   0.00269  -0.1298   0.5542   0.0431  24.2808 106.1573
  -4.000   0.2445   0.01088   0.00228  -0.1296   0.5320   0.0479  25.3328 107.2249
  -3.000   0.3589   0.01063   0.00201  -0.1295   0.5163   0.0546  26.0769 108.6179
  -2.000   0.4745   0.01038   0.00179  -0.1297   0.5049   0.0635  26.6191 110.2658
  -1.000   0.5893   0.01029   0.00165  -0.1298   0.4926   0.0737  27.2078 111.9446
   0.000   0.7032   0.01020   0.00150  -0.1298   0.4803   0.0891  27.8070 114.0665
   1.000   0.8170   0.00987   0.00142  -0.1301   0.4682   0.1909  28.4162 122.4265
   2.000   0.9278   0.00949   0.00151  -0.1303   0.4530   0.4732  29.1926 134.9880
   3.000   1.0342   0.00878   0.00170  -0.1289   0.4327   1.0000  30.2821 160.0000
   4.000   1.1385   0.00937   0.00171  -0.1276   0.4047   1.0000  31.8618 160.0000
   5.000   1.2342   0.01027   0.00184  -0.1249   0.3680   1.0000  34.0092 160.0000
   6.000   1.3213   0.01128   0.00205  -0.1208   0.3411   1.0000  35.5849 160.0000
   7.000   1.4054   0.01253   0.00238  -0.1166   0.3208   1.0000  36.7646 160.0000
   8.000   1.4900   0.01384   0.00273  -0.1130   0.3069   1.0000  37.5779 160.0000
   9.000   1.5704   0.01542   0.00319  -0.1093   0.2948   1.0000  38.2936 160.0000
  10.000   1.6428   0.01753   0.00385  -0.1051   0.2818   1.0000  39.0727 160.0000
  11.000   1.7110   0.02006   0.00469  -0.1011   0.2681   1.0000  39.9213 160.0000
  12.000   1.7715   0.02329   0.00585  -0.0970   0.2525   1.0000  40.9303 160.0000
  13.000   1.8172   0.02782   0.00769  -0.0923   0.2287   1.0000  42.5729 160.0000
  14.000   1.8252   0.03589   0.01175  -0.0862   0.1944   1.0000  45.1458 160.0000
  15.000   1.8207   0.04605   0.01748  -0.0814   0.1741   1.0000  46.7762 160.0000
