  
       XFOIL         Version 6.99
  
 Calculated polar for: USA 33 AIRFOIL                                  
  
 1 1 Reynolds number fixed          Mach number fixed         
  
 xtrf =   1.000 (top)        1.000 (bottom)  
 Mach =   0.000     Re =     0.500 e 6     Ncrit =   9.000  9.000
  
   alpha    CL        CD       CDp       CM     Top_Xtr  Bot_Xtr  Top_Itr  Bot_Itr
  ------ -------- --------- --------- -------- -------- -------- -------- --------
  -6.000  -0.2122   0.02019   0.01028  -0.0700   0.6918   0.0517  17.7406 104.6439
  -5.000  -0.1279   0.01766   0.00697  -0.0637   0.6416   0.0534  20.1330 104.9765
  -4.000  -0.0277   0.01524   0.00495  -0.0609   0.6071   0.0562  21.7727 105.5034
  -2.000   0.1807   0.01273   0.00255  -0.0558   0.5621   0.0627  23.8968 106.6531
  -1.000   0.2807   0.01190   0.00194  -0.0525   0.5440   0.0670  24.7391 107.3744
   0.000   0.3785   0.01143   0.00160  -0.0486   0.5256   0.0750  25.5962 108.6470
   1.000   0.4733   0.01116   0.00154  -0.0442   0.5009   0.1355  26.7616 115.3032
   2.000   0.5728   0.01139   0.00163  -0.0408   0.4697   0.1689  28.2820 117.7773
   3.000   0.6656   0.01156   0.00147  -0.0362   0.4261   0.1870  30.5562 119.0007
   4.000   0.7452   0.01192   0.00131  -0.0294   0.3696   0.2064  33.6580 120.2481
   5.000   0.8193   0.01250   0.00128  -0.0218   0.3303   0.2325  35.7737 121.8513
   6.000   0.9835   0.01229   0.00230  -0.0335   0.2952   0.9695  37.6423 157.5663
   7.000   1.1530   0.01394   0.00307  -0.0464   0.2481   0.9945  40.3126 159.4875
   9.000   1.2137   0.01731   0.00385  -0.0192   0.1594   1.0000  46.3383 160.0000
  10.000   1.2324   0.02026   0.00484  -0.0065   0.1267   1.0000  48.9997 160.0000
  11.000   1.2218   0.02681   0.00828   0.0045   0.0703   1.0000  55.6244 160.0000
  12.000   1.2430   0.03288   0.01190   0.0096   0.0663   1.0000  56.2521 160.0000
  13.000   1.2540   0.04086   0.01714   0.0128   0.0641   1.0000  56.6054 160.0000
  14.000   1.2517   0.05119   0.02448   0.0141   0.0626   1.0000  56.8337 160.0000
  15.000   1.2412   0.06327   0.03357   0.0140   0.0616   1.0000  57.0027 160.0000
