  
       XFOIL         Version 6.99
  
 Calculated polar for: USA-35B AIRFOIL                                 
  
 1 1 Reynolds number fixed          Mach number fixed         
  
 xtrf =   1.000 (top)        1.000 (bottom)  
 Mach =   0.000     Re =     1.000 e 6     Ncrit =   9.000  9.000
  
   alpha    CL        CD       CDp       CM     Top_Xtr  Bot_Xtr  Top_Itr  Bot_Itr
  ------ -------- --------- --------- -------- -------- -------- -------- --------
  -6.000  -0.0495   0.01061   0.00334  -0.0896   0.7666   0.0322  16.3403  98.7121
  -5.000   0.0597   0.00990   0.00226  -0.0887   0.6734   0.0335  21.9175  99.0048
  -4.000   0.1703   0.00899   0.00141  -0.0882   0.6154   0.0361  25.3378  99.4791
  -3.000   0.2840   0.00860   0.00097  -0.0881   0.5848   0.0398  27.1131 100.1478
  -2.000   0.3983   0.00819   0.00074  -0.0882   0.5605   0.0803  28.5183 105.0232
  -1.000   0.5115   0.00758   0.00072  -0.0886   0.5380   0.3068  29.8306 118.8883
   0.000   0.6244   0.00610   0.00090  -0.0885   0.5131   1.0000  31.2955 160.0000
   1.000   0.7361   0.00645   0.00092  -0.0881   0.4778   1.0000  33.4119 160.0000
   2.000   0.8471   0.00693   0.00100  -0.0876   0.4355   1.0000  36.0205 160.0000
   3.000   0.9559   0.00763   0.00119  -0.0869   0.3770   1.0000  39.6958 160.0000
   4.000   1.0614   0.00861   0.00155  -0.0858   0.3156   1.0000  43.5143 160.0000
   5.000   1.1658   0.00960   0.00194  -0.0847   0.2658   1.0000  46.6220 160.0000
   6.000   1.2638   0.01105   0.00254  -0.0826   0.1953   1.0000  51.2856 160.0000
   7.000   1.3566   0.01273   0.00334  -0.0798   0.1445   1.0000  54.8337 160.0000
   8.000   1.4449   0.01447   0.00415  -0.0765   0.1050   1.0000  57.7642 160.0000
   9.000   1.5014   0.01779   0.00593  -0.0684   0.0441   1.0000  64.2636 160.0000
  10.000   1.5577   0.02043   0.00737  -0.0608   0.0370   1.0000  65.3469 160.0000
  11.000   1.6044   0.02410   0.00950  -0.0537   0.0323   1.0000  66.1755 160.0000
  12.000   1.6386   0.02941   0.01281  -0.0478   0.0284   1.0000  66.9537 160.0000
  13.000   1.6712   0.03574   0.01692  -0.0440   0.0255   1.0000  67.6157 160.0000
  14.000   1.6792   0.04554   0.02372  -0.0418   0.0229   1.0000  68.2418 160.0000
  15.000   1.6757   0.05770   0.03253  -0.0417   0.0206   1.0000  68.8428 160.0000
