  
       XFOIL         Version 6.99
  
 Calculated polar for: USA 32 AIRFOIL                                  
  
 1 1 Reynolds number fixed          Mach number fixed         
  
 xtrf =   1.000 (top)        1.000 (bottom)  
 Mach =   0.000     Re =     0.500 e 6     Ncrit =   9.000  9.000
  
   alpha    CL        CD       CDp       CM     Top_Xtr  Bot_Xtr  Top_Itr  Bot_Itr
  ------ -------- --------- --------- -------- -------- -------- -------- --------
  -6.000   0.3907   0.04004   0.03115  -0.1840   0.8063   0.0473  14.2031 101.2067
  -5.000   0.3459   0.02844   0.01955  -0.1638   0.7424   0.0550  18.0254 102.2817
  -4.000   0.3428   0.02280   0.01296  -0.1441   0.6704   0.0648  22.4318 103.4659
  -3.000   0.3859   0.01578   0.00380  -0.1289   0.6454   0.0446  23.8762 100.7980
  -2.000   0.4773   0.01407   0.00156  -0.1241   0.6273   0.0438  24.8707 100.6632
  -1.000   0.5689   0.01331   0.00032  -0.1196   0.6112   0.0447  25.7348 100.8036
   0.000   0.6581   0.01291  -0.00051  -0.1147   0.5956   0.0464  26.5665 101.0815
   1.000   0.7425   0.01278  -0.00119  -0.1091   0.5782   0.0508  27.4941 101.7225
   2.000   0.8172   0.01263  -0.00175  -0.1018   0.5596   0.1986  28.5018 113.0330
   3.000   0.8807   0.01319  -0.00220  -0.0926   0.5363   0.2507  29.7988 115.7693
   4.000   0.9405   0.01396  -0.00275  -0.0832   0.5064   0.2759  31.5415 117.1122
   5.000   0.9981   0.01514  -0.00314  -0.0742   0.4704   0.3034  33.6973 118.5341
   6.000   1.0599   0.01660  -0.00337  -0.0666   0.4372   0.3290  35.6589 119.9355
   7.000   1.1274   0.01813  -0.00342  -0.0607   0.4125   0.3572  37.0920 121.6698
   8.000   1.2000   0.01965  -0.00339  -0.0563   0.3936   0.3844  38.1632 123.4834
   9.000   1.2750   0.02131  -0.00323  -0.0529   0.3773   0.4126  39.0830 125.4203
  13.000   1.6483   0.03430   0.00437  -0.0676   0.3029   1.0000  43.3512 160.0000
  14.000   1.6689   0.04012   0.00685  -0.0608   0.2778   1.0000  44.8967 160.0000
  15.000   1.6725   0.04819   0.01096  -0.0545   0.2418   1.0000  47.2674 160.0000
