  
       XFOIL         Version 6.99
  
 Calculated polar for: USA 46 AIRFOIL                                  
  
 1 1 Reynolds number fixed          Mach number fixed         
  
 xtrf =   1.000 (top)        1.000 (bottom)  
 Mach =   0.000     Re =     0.500 e 6     Ncrit =   9.000  9.000
  
   alpha    CL        CD       CDp       CM     Top_Xtr  Bot_Xtr  Top_Itr  Bot_Itr
  ------ -------- --------- --------- -------- -------- -------- -------- --------
  -6.000  -0.4410   0.01700   0.00703  -0.0552   1.0000   0.0124   1.0000  87.9233
  -5.000  -0.3489   0.01060   0.00201  -0.0518   1.0000   0.0213   1.0000  88.7642
  -4.000  -0.2556   0.00959   0.00166  -0.0483   1.0000   0.0556   1.0000  91.9494
  -3.000  -0.1110   0.00835   0.00098  -0.0557   0.9871   0.0957   2.7124  94.8913
  -2.000   0.0386   0.00759   0.00080  -0.0636   0.9654   0.1776   4.8036 100.7288
  -1.000   0.1763   0.00674   0.00045  -0.0688   0.9183   0.2657   8.2892 106.8896
   0.000   0.2774   0.00537   0.00054  -0.0659   0.8411   0.8011  13.8447 144.3130
   1.000   0.3949   0.00526   0.00035  -0.0660   0.7430   1.0000  20.7821 160.0000
   2.000   0.4990   0.00591   0.00034  -0.0639   0.6298   1.0000  28.7529 160.0000
   3.000   0.6005   0.00698   0.00046  -0.0616   0.4707   1.0000  39.9052 160.0000
   4.000   0.6986   0.00883   0.00084  -0.0593   0.2349   1.0000  56.5052 160.0000
   5.000   0.7903   0.01246   0.00234  -0.0558   0.0157   1.0000  73.5581 160.0000
   6.000   0.8764   0.01799   0.00535  -0.0506   0.0121   1.0000  73.9288 160.0000
