  
       XFOIL         Version 6.99
  
 Calculated polar for: USA 45 M AIRFOIL                                
  
 1 1 Reynolds number fixed          Mach number fixed         
  
 xtrf =   1.000 (top)        1.000 (bottom)  
 Mach =   0.000     Re =     0.500 e 6     Ncrit =   9.000  9.000
  
   alpha    CL        CD       CDp       CM     Top_Xtr  Bot_Xtr  Top_Itr  Bot_Itr
  ------ -------- --------- --------- -------- -------- -------- -------- --------
  -5.000  -0.1926   0.02775   0.01795  -0.0580   0.8674   0.0514  10.8221  97.9436
  -4.000  -0.1149   0.02029   0.01212  -0.0530   0.7565   0.0571  17.9352  98.4167
  -3.000  -0.0197   0.01525   0.00624  -0.0477   0.6345   0.0460  25.7074  97.4328
  -2.000   0.0800   0.01277   0.00340  -0.0443   0.5250   0.0444  32.7088  97.2767
  -1.000   0.1803   0.01168   0.00220  -0.0416   0.4658   0.0466  36.5025  97.4848
   0.000   0.2829   0.01115   0.00155  -0.0394   0.4313   0.0516  38.6978  97.9676
   1.000   0.3813   0.01002   0.00114  -0.0368   0.4068   0.3148  40.2597 115.4006
   2.000   0.5980   0.00901   0.00147  -0.0584   0.3792   1.0000  42.0220 160.0000
   3.000   0.6884   0.00932   0.00162  -0.0543   0.3609   1.0000  43.2029 160.0000
   4.000   0.7799   0.00973   0.00180  -0.0504   0.3421   1.0000  44.4231 160.0000
   5.000   0.8719   0.01023   0.00199  -0.0465   0.3233   1.0000  45.6598 160.0000
   6.000   0.9637   0.01083   0.00217  -0.0428   0.3021   1.0000  47.0669 160.0000
   7.000   1.0562   0.01143   0.00230  -0.0393   0.2750   1.0000  48.8974 160.0000
   8.000   1.1457   0.01229   0.00246  -0.0356   0.2320   1.0000  51.8692 160.0000
   9.000   1.1839   0.01679   0.00457  -0.0249   0.0398   1.0000  67.6484 160.0000
  10.000   1.2284   0.01986   0.00617  -0.0148   0.0203   1.0000  70.6185 160.0000
  11.000   1.2416   0.02409   0.00849  -0.0023   0.0175   1.0000  71.1661 160.0000
  12.000   1.2438   0.03121   0.01331   0.0042   0.0156   1.0000  71.5942 160.0000
  13.000   1.2160   0.04564   0.02459   0.0023   0.0147   1.0000  71.8050 160.0000
  14.000   1.1680   0.06431   0.04019  -0.0026   0.0141   1.0000  71.9315 160.0000
  15.000   1.1486   0.07898   0.05239  -0.0054   0.0135   1.0000  72.0746 160.0000
