  
       XFOIL         Version 6.99
  
 Calculated polar for: USA 48 AIRFOIL                                  
  
 1 1 Reynolds number fixed          Mach number fixed         
  
 xtrf =   1.000 (top)        1.000 (bottom)  
 Mach =   0.000     Re =     1.000 e 6     Ncrit =   9.000  9.000
  
   alpha    CL        CD       CDp       CM     Top_Xtr  Bot_Xtr  Top_Itr  Bot_Itr
  ------ -------- --------- --------- -------- -------- -------- -------- --------
  -6.000  -0.2096   0.01004   0.00219  -0.0983   0.8993   0.0433   9.0626  96.1591
  -5.000  -0.1111   0.00917   0.00143  -0.0958   0.8377   0.0484  12.9236  96.8063
  -4.000  -0.0227   0.00873   0.00090  -0.0908   0.7619   0.0532  17.7077  97.3869
  -2.000   0.1563   0.00778   0.00026  -0.0817   0.6591   0.2080  23.9856 109.7919
  -1.000   0.2482   0.00746   0.00010  -0.0777   0.6078   0.3108  27.1600 116.0196
   0.000   0.3395   0.00731   0.00000  -0.0736   0.5529   0.4250  30.5809 122.9861
   1.000   0.4260   0.00700   0.00003  -0.0686   0.5113   0.6530  33.1541 137.1566
   2.000   0.5217   0.00740   0.00007  -0.0651   0.4661   0.6916  35.9392 139.6340
   3.000   0.6093   0.00796   0.00002  -0.0602   0.3959   0.7118  40.3583 140.9185
   4.000   0.6863   0.00898   0.00010  -0.0535   0.2962   0.7297  46.7388 142.0396
   5.000   0.7529   0.01041   0.00029  -0.0451   0.1819   0.7448  54.1195 142.9817
   6.000   0.8219   0.01158   0.00049  -0.0373   0.1283   0.7643  58.0173 144.1931
   7.000   0.8997   0.01228   0.00053  -0.0314   0.1236   0.7911  58.3261 145.8450
  11.000   1.2546   0.01980   0.00446  -0.0267   0.0276   1.0000  67.5906 160.0000
  12.000   1.2972   0.02353   0.00631  -0.0198   0.0181   1.0000  69.4136 160.0000
  13.000   1.3321   0.02839   0.00904  -0.0141   0.0141   1.0000  70.4232 160.0000
  14.000   1.3505   0.03545   0.01349  -0.0095   0.0118   1.0000  71.0926 160.0000
  15.000   1.3686   0.04347   0.01891  -0.0071   0.0104   1.0000  71.5821 160.0000
