  
       XFOIL         Version 6.99
  
 Calculated polar for: USA 40 AIRFOIL                                  
  
 1 1 Reynolds number fixed          Mach number fixed         
  
 xtrf =   1.000 (top)        1.000 (bottom)  
 Mach =   0.000     Re =     1.000 e 6     Ncrit =   9.000  9.000
  
   alpha    CL        CD       CDp       CM     Top_Xtr  Bot_Xtr  Top_Itr  Bot_Itr
  ------ -------- --------- --------- -------- -------- -------- -------- --------
  -6.000  -0.1232   0.01038   0.00313  -0.1173   0.8212   0.0333  12.5345 100.5628
  -5.000  -0.0115   0.00955   0.00220  -0.1167   0.7616   0.0351  15.7914 100.9479
  -4.000   0.1005   0.00884   0.00146  -0.1163   0.6945   0.0387  19.4925 101.6407
  -3.000   0.2137   0.00848   0.00103  -0.1159   0.6377   0.0468  22.5846 103.0635
  -2.000   0.3276   0.00817   0.00081  -0.1158   0.5886   0.0868  25.2247 107.6655
  -1.000   0.4400   0.00794   0.00072  -0.1157   0.5141   0.2066  29.3307 115.4443
   0.000   0.5517   0.00792   0.00080  -0.1156   0.4392   0.3713  33.5464 124.2339
   1.000   0.6632   0.00785   0.00107  -0.1155   0.3846   0.6311  36.5825 137.8177
   3.000   0.8843   0.00889   0.00162  -0.1141   0.2975   0.7724  41.5507 145.3814
   4.000   0.9908   0.00973   0.00198  -0.1129   0.2417   0.8128  44.9735 147.7024
   5.000   1.0777   0.01221   0.00332  -0.1090   0.0838   0.8761  57.1315 151.5010
   6.000   1.1750   0.01357   0.00409  -0.1066   0.0368   1.0000  65.0656 160.0000
   7.000   1.2736   0.01495   0.00487  -0.1045   0.0316   1.0000  66.5009 160.0000
   8.000   1.3645   0.01668   0.00585  -0.1014   0.0295   1.0000  67.0679 160.0000
   9.000   1.4465   0.01866   0.00703  -0.0970   0.0280   1.0000  67.5297 160.0000
  10.000   1.4975   0.02175   0.00887  -0.0884   0.0266   1.0000  67.9273 160.0000
  11.000   1.5408   0.02564   0.01136  -0.0808   0.0256   1.0000  68.2419 160.0000
  12.000   1.5691   0.03159   0.01545  -0.0746   0.0245   1.0000  68.5767 160.0000
  13.000   1.5691   0.04183   0.02295  -0.0709   0.0235   1.0000  68.8655 160.0000
  14.000   1.5395   0.05743   0.03512  -0.0706   0.0229   1.0000  69.0531 160.0000
  15.000   1.5288   0.07216   0.04710  -0.0724   0.0222   1.0000  69.2822 160.0000
