  
       XFOIL         Version 6.99
  
 Calculated polar for: USA 40 AIRFOIL                                  
  
 1 1 Reynolds number fixed          Mach number fixed         
  
 xtrf =   1.000 (top)        1.000 (bottom)  
 Mach =   0.000     Re =     0.500 e 6     Ncrit =   9.000  9.000
  
   alpha    CL        CD       CDp       CM     Top_Xtr  Bot_Xtr  Top_Itr  Bot_Itr
  ------ -------- --------- --------- -------- -------- -------- -------- --------
  -6.000  -0.1174   0.01362   0.00517  -0.1187   0.8879   0.0416   8.9011 102.1885
  -5.000  -0.0079   0.01196   0.00364  -0.1177   0.8367   0.0446  11.6957 102.6925
  -4.000   0.1025   0.01074   0.00250  -0.1168   0.7787   0.0498  14.8509 103.5235
  -3.000   0.2139   0.00995   0.00172  -0.1161   0.7159   0.0629  18.3129 105.3079
  -2.000   0.3256   0.00926   0.00122  -0.1157   0.6567   0.1375  21.5552 111.3246
  -1.000   0.4373   0.00893   0.00115  -0.1154   0.6011   0.2847  24.5527 119.5701
   0.000   0.5466   0.00846   0.00131  -0.1149   0.5295   0.5987  28.4692 136.1284
   1.000   0.6537   0.00900   0.00162  -0.1131   0.4554   0.7298  32.6370 143.0253
   2.000   0.7602   0.00966   0.00192  -0.1115   0.4008   0.7913  35.6813 146.4555
   3.000   0.8659   0.01020   0.00215  -0.1098   0.3605   0.8460  37.9304 149.6740
   4.000   0.9712   0.01054   0.00227  -0.1081   0.3215   1.0000  40.1460 160.0000
   5.000   1.0803   0.01144   0.00257  -0.1079   0.2832   1.0000  42.4048 160.0000
   6.000   1.1822   0.01275   0.00302  -0.1065   0.2251   1.0000  46.0442 160.0000
   7.000   1.2622   0.01584   0.00453  -0.1022   0.0941   1.0000  56.0862 160.0000
   8.000   1.3504   0.01774   0.00554  -0.0989   0.0723   1.0000  58.4134 160.0000
  10.000   1.4755   0.02345   0.00878  -0.0854   0.0348   1.0000  65.5964 160.0000
  11.000   1.5068   0.02857   0.01212  -0.0773   0.0331   1.0000  66.0567 160.0000
  12.000   1.5245   0.03603   0.01744  -0.0718   0.0319   1.0000  66.4163 160.0000
  13.000   1.5134   0.04835   0.02689  -0.0695   0.0309   1.0000  66.6981 160.0000
  14.000   1.4723   0.06610   0.04128  -0.0706   0.0300   1.0000  66.9345 160.0000
  15.000   1.4524   0.08212   0.05462  -0.0727   0.0293   1.0000  67.1483 160.0000
