  
       XFOIL         Version 6.99
  
 Calculated polar for: USA 45 AIRFOIL                                  
  
 1 1 Reynolds number fixed          Mach number fixed         
  
 xtrf =   1.000 (top)        1.000 (bottom)  
 Mach =   0.000     Re =     0.500 e 6     Ncrit =   9.000  9.000
  
   alpha    CL        CD       CDp       CM     Top_Xtr  Bot_Xtr  Top_Itr  Bot_Itr
  ------ -------- --------- --------- -------- -------- -------- -------- --------
  -6.000  -0.2442   0.01559   0.00577  -0.0622   0.7510   0.0395  17.7943  98.3919
  -5.000  -0.1524   0.01399   0.00392  -0.0576   0.6404   0.0427  24.5951  98.8091
  -4.000  -0.0625   0.01263   0.00251  -0.0528   0.5344   0.0459  31.1454  99.2028
  -3.000   0.0325   0.01196   0.00178  -0.0491   0.4687   0.0511  35.2209  99.8016
  -2.000   0.1312   0.01139   0.00135  -0.0461   0.4340   0.0760  37.3576 102.0864
  -1.000   0.2189   0.00998   0.00118  -0.0417   0.4099   0.4277  38.8446 123.9485
   1.000   0.4712   0.00978   0.00201  -0.0457   0.3720   0.9650  41.1851 156.6788
   2.000   0.6474   0.01053   0.00229  -0.0590   0.3550   0.9869  42.2520 158.5245
   3.000   0.8034   0.01095   0.00241  -0.0690   0.3407   1.0000  43.1568 160.0000
   4.000   0.8844   0.01133   0.00261  -0.0636   0.3299   1.0000  43.8511 160.0000
   5.000   0.9659   0.01184   0.00290  -0.0581   0.3196   1.0000  44.5165 160.0000
   6.000   1.0478   0.01251   0.00316  -0.0528   0.3089   1.0000  45.2103 160.0000
   7.000   1.1295   0.01313   0.00326  -0.0475   0.2953   1.0000  46.1049 160.0000
   8.000   1.2100   0.01372   0.00328  -0.0422   0.2801   1.0000  47.1212 160.0000
   9.000   1.2884   0.01437   0.00324  -0.0367   0.2623   1.0000  48.3339 160.0000
  10.000   1.3523   0.01529   0.00308  -0.0289   0.2348   1.0000  50.2495 160.0000
  11.000   1.3708   0.01856   0.00391  -0.0159   0.1481   1.0000  56.7445 160.0000
  12.000   1.2942   0.03026   0.01108  -0.0017   0.0274   1.0000  69.2717 160.0000
  13.000   1.2758   0.04257   0.01987  -0.0012   0.0199   1.0000  70.8173 160.0000
  14.000   1.2365   0.05950   0.03330  -0.0044   0.0181   1.0000  71.2363 160.0000
  15.000   1.1853   0.07897   0.04988  -0.0090   0.0170   1.0000  71.5143 160.0000
