  
       XFOIL         Version 6.99
  
 Calculated polar for: USA 5 AIRFOIL                                   
  
 1 1 Reynolds number fixed          Mach number fixed         
  
 xtrf =   1.000 (top)        1.000 (bottom)  
 Mach =   0.000     Re =     1.000 e 6     Ncrit =   9.000  9.000
  
   alpha    CL        CD       CDp       CM     Top_Xtr  Bot_Xtr  Top_Itr  Bot_Itr
  ------ -------- --------- --------- -------- -------- -------- -------- --------
  -6.000  -0.1689   0.06103   0.05545  -0.0659   0.9760   0.0078   3.9562  87.5086
  -4.000   0.0123   0.00503   0.00546  -0.0842   0.8881   0.0064  10.5819  87.1436
  -3.000   0.1069   0.00328   0.00187  -0.0807   0.8340   0.0086  14.5495  87.7266
  -2.000   0.2085   0.00725   0.00040  -0.0785   0.7743   0.0179  18.7704  88.9042
  -1.000   0.3043   0.00706   0.00016  -0.0747   0.6717   0.0766  25.9476  93.8108
   0.000   0.4044   0.00741   0.00024  -0.0721   0.5821   0.1016  32.1993  95.6565
   1.000   0.4999   0.00798   0.00024  -0.0688   0.4427   0.1153  41.9263  96.6304
   3.000   0.8081   0.00724   0.00078  -0.0902   0.3376   1.0000  49.2118 160.0000
   4.000   0.9064   0.00790   0.00092  -0.0877   0.2832   1.0000  52.9884 160.0000
   5.000   0.9784   0.01111   0.00219  -0.0809   0.0120   1.0000  74.8432 160.0000
   6.000   1.0621   0.01327   0.00311  -0.0754   0.0064   1.0000  76.0675 160.0000
   7.000   1.1303   0.01651   0.00457  -0.0672   0.0052   1.0000  76.5385 160.0000
   9.000   1.2570   0.02930   0.00996  -0.0499   0.0050   1.0000  76.6452 160.0000
  10.000   1.3070   0.04329   0.01782  -0.0429   0.0041   1.0000  77.0054 160.0000
  11.000   1.2891   0.05213   0.02449  -0.0267   0.0041   1.0000  77.0314 160.0000
  12.000   1.2265   0.06099   0.03247  -0.0123   0.0040   1.0000  77.0711 160.0000
  13.000   1.1609   0.07699   0.04797  -0.0132   0.0039   1.0000  77.1176 160.0000
  14.000   1.0916   0.10192   0.07316  -0.0253   0.0040   1.0000  77.0678 160.0000
  15.000   1.0337   0.13162   0.10709  -0.0429   0.0041   1.0000  77.0347 160.0000
