  
       XFOIL         Version 6.99
  
 Calculated polar for: USA 98 AIRFOIL                                  
  
 1 1 Reynolds number fixed          Mach number fixed         
  
 xtrf =   1.000 (top)        1.000 (bottom)  
 Mach =   0.000     Re =     0.500 e 6     Ncrit =   9.000  9.000
  
   alpha    CL        CD       CDp       CM     Top_Xtr  Bot_Xtr  Top_Itr  Bot_Itr
  ------ -------- --------- --------- -------- -------- -------- -------- --------
  -5.000   0.1765   0.03495   0.03086  -0.1449   0.7527   0.0678  16.8561 107.5152
  -4.000   0.3179   0.01863   0.01020  -0.1865   0.7426   0.0623  17.3588 106.7790
  -3.000   0.4366   0.01520   0.00641  -0.1886   0.7207   0.0621  18.4548 106.7451
  -2.000   0.5539   0.01362   0.00443  -0.1895   0.6982   0.0641  19.5906 107.0361
  -1.000   0.6699   0.01227   0.00327  -0.1902   0.6750   0.0672  20.7792 107.4354
   0.000   0.7854   0.01179   0.00251  -0.1904   0.6508   0.0717  22.0324 108.0233
   1.000   0.9004   0.01133   0.00202  -0.1907   0.6256   0.0794  23.3581 108.9020
   2.000   1.0146   0.01080   0.00171  -0.1911   0.5987   0.2597  24.7871 120.7385
   3.000   1.1232   0.01096   0.00185  -0.1900   0.5671   0.4341  26.4746 129.2298
   4.000   1.2303   0.01137   0.00195  -0.1887   0.5407   0.5203  27.8841 133.6719
   5.000   1.3286   0.01111   0.00209  -0.1855   0.5140   1.0000  29.3171 160.0000
   6.000   1.4274   0.01195   0.00214  -0.1826   0.4819   1.0000  31.0374 160.0000
   7.000   1.5199   0.01288   0.00225  -0.1786   0.4470   1.0000  32.9298 160.0000
   8.000   1.6004   0.01407   0.00244  -0.1723   0.4045   1.0000  35.2749 160.0000
   9.000   1.6589   0.01602   0.00295  -0.1623   0.3460   1.0000  38.5876 160.0000
  10.000   1.7006   0.01918   0.00415  -0.1506   0.2785   1.0000  42.5223 160.0000
  11.000   1.7366   0.02319   0.00602  -0.1396   0.2305   1.0000  45.3932 160.0000
  12.000   1.7624   0.02870   0.00889  -0.1296   0.1867   1.0000  48.1295 160.0000
  13.000   1.7481   0.03889   0.01505  -0.1193   0.1088   1.0000  53.9281 160.0000
  14.000   1.7303   0.05084   0.02309  -0.1117   0.0774   1.0000  57.1067 160.0000
  15.000   1.7248   0.06258   0.03136  -0.1070   0.0675   1.0000  58.3158 160.0000
