  
       XFOIL         Version 6.99
  
 Calculated polar for: BOEING VERTOL V(1.95)3009-1.25 AIRFOIL          
  
 1 1 Reynolds number fixed          Mach number fixed         
  
 xtrf =   1.000 (top)        1.000 (bottom)  
 Mach =   0.000     Re =     1.000 e 6     Ncrit =   9.000  9.000
  
   alpha    CL        CD       CDp       CM     Top_Xtr  Bot_Xtr  Top_Itr  Bot_Itr
  ------ -------- --------- --------- -------- -------- -------- -------- --------
  -6.000  -0.5895   0.01141   0.00375  -0.0088   1.0000   0.0198   1.0000  92.4730
  -4.000  -0.3402   0.00854   0.00161  -0.0143   0.9844   0.0272   2.7689  93.9747
  -3.000  -0.2128   0.00770   0.00113  -0.0168   0.9168   0.0506   7.7205  96.9743
  -2.000  -0.1075   0.00742   0.00077  -0.0145   0.8138   0.0709  14.3569  98.7140
   0.000   0.0943   0.00521   0.00030  -0.0099   0.6041   0.7548  27.7789 142.9362
   1.000   0.1952   0.00526   0.00045  -0.0065   0.4858   0.9280  35.3678 154.0129
   2.000   0.3354   0.00618   0.00073  -0.0122   0.3331   0.9909  45.2732 158.8785
   3.000   0.4744   0.00716   0.00095  -0.0185   0.2003   1.0000  54.0396 160.0000
   4.000   0.5745   0.00774   0.00119  -0.0160   0.1695   1.0000  56.0918 160.0000
   5.000   0.6757   0.00829   0.00146  -0.0137   0.1501   1.0000  57.3704 160.0000
   6.000   0.7773   0.00895   0.00175  -0.0116   0.1262   1.0000  59.0223 160.0000
   7.000   0.8780   0.00994   0.00220  -0.0095   0.0858   1.0000  62.2084 160.0000
   8.000   0.9786   0.01118   0.00295  -0.0077   0.0639   1.0000  64.0724 160.0000
   9.000   1.0788   0.01253   0.00376  -0.0060   0.0482   1.0000  65.6676 160.0000
  10.000   1.1771   0.01407   0.00477  -0.0042   0.0392   1.0000  66.7067 160.0000
  11.000   1.2731   0.01572   0.00588  -0.0024   0.0335   1.0000  67.4434 160.0000
  12.000   1.3644   0.01768   0.00719  -0.0002   0.0284   1.0000  68.2038 160.0000
  13.000   1.4519   0.01970   0.00844   0.0022   0.0225   1.0000  69.2669 160.0000
  14.000   1.5225   0.02290   0.01047   0.0061   0.0127   1.0000  71.7945 160.0000
  15.000   1.5530   0.02798   0.01396   0.0138   0.0094   1.0000  72.9659 160.0000
