  
       XFOIL         Version 6.99
  
 Calculated polar for: BOEING VERTOL V13006-.7 AIRFOIL                 
  
 1 1 Reynolds number fixed          Mach number fixed         
  
 xtrf =   1.000 (top)        1.000 (bottom)  
 Mach =   0.000     Re =     0.500 e 6     Ncrit =   9.000  9.000
  
   alpha    CL        CD       CDp       CM     Top_Xtr  Bot_Xtr  Top_Itr  Bot_Itr
  ------ -------- --------- --------- -------- -------- -------- -------- --------
  -3.000  -0.2750   0.01254   0.00442  -0.0071   1.0000   0.0212   1.0000  90.2105
  -2.000  -0.1764   0.00986   0.00216  -0.0041   1.0000   0.0253   1.0000  90.6981
  -1.000  -0.0662   0.00801   0.00081  -0.0037   0.9965   0.0485   1.5409  92.6505
   0.000   0.0964   0.00474   0.00074  -0.0147   0.9660   1.0000   4.8168 160.0000
   1.000   0.2054   0.00501   0.00042  -0.0127   0.7859   1.0000  17.5428 160.0000
   2.000   0.3017   0.00655   0.00037  -0.0094   0.4350   1.0000  41.6042 160.0000
   3.000   0.4040   0.00787   0.00061  -0.0080   0.2275   1.0000  55.9372 160.0000
   4.000   0.5055   0.01009   0.00149  -0.0065   0.0255   1.0000  71.2917 160.0000
   5.000   0.6077   0.01241   0.00302  -0.0047   0.0201   1.0000  71.9671 160.0000
   6.000   0.7048   0.01684   0.00617  -0.0021   0.0195   1.0000  72.0604 160.0000
   7.000   0.7989   0.02438   0.01204   0.0005   0.0201   1.0000  71.9713 160.0000
