  
       XFOIL         Version 6.99
  
 Calculated polar for: BOEING-VERTOL V23010-1.58 AIRFOIL               
  
 1 1 Reynolds number fixed          Mach number fixed         
  
 xtrf =   1.000 (top)        1.000 (bottom)  
 Mach =   0.000     Re =     1.000 e 6     Ncrit =   9.000  9.000
  
   alpha    CL        CD       CDp       CM     Top_Xtr  Bot_Xtr  Top_Itr  Bot_Itr
  ------ -------- --------- --------- -------- -------- -------- -------- --------
  -6.000  -0.5138   0.03031   0.02395  -0.0175   0.9944   0.0240   1.6928  95.2494
  -5.000  -0.3862   0.02133   0.01436  -0.0228   0.9622   0.0278   4.5370  96.1531
  -4.000  -0.2752   0.01931   0.01042  -0.0219   0.8536   0.0318  11.4699  96.9896
  -2.000  -0.0770   0.01004   0.00248  -0.0149   0.6822   0.0263  22.0783  95.8021
  -1.000   0.0233   0.00920   0.00136  -0.0120   0.5520   0.0270  29.9050  95.9670
   0.000   0.1236   0.00916   0.00083  -0.0094   0.3607   0.0293  41.3915  96.4551
   1.000   0.2299   0.00930   0.00069  -0.0080   0.2739   0.0356  46.6605  97.6923
   2.000   0.3167   0.00713   0.00069  -0.0032   0.2503   0.7955  48.0845 146.3797
   3.000   0.4482   0.00721   0.00100  -0.0064   0.2333   0.9746  49.1100 157.4414
   4.000   0.6013   0.00775   0.00122  -0.0150   0.2179   0.9948  50.0526 159.3609
   5.000   0.7263   0.00816   0.00140  -0.0179   0.2025   1.0000  51.0181 160.0000
   6.000   0.8217   0.00857   0.00155  -0.0144   0.1803   1.0000  52.5005 160.0000
   7.000   0.9156   0.00940   0.00188  -0.0109   0.1402   1.0000  55.4089 160.0000
   8.000   1.0094   0.01042   0.00244  -0.0076   0.1177   1.0000  57.1079 160.0000
   9.000   1.1042   0.01140   0.00299  -0.0046   0.1022   1.0000  58.3070 160.0000
  10.000   1.1916   0.01313   0.00386  -0.0009   0.0564   1.0000  62.6827 160.0000
  11.000   1.2695   0.01566   0.00551   0.0039   0.0323   1.0000  66.0283 160.0000
  12.000   1.3458   0.01791   0.00696   0.0086   0.0267   1.0000  67.0864 160.0000
  13.000   1.4064   0.02067   0.00869   0.0151   0.0227   1.0000  67.9676 160.0000
  14.000   1.4459   0.02337   0.01016   0.0243   0.0203   1.0000  68.5678 160.0000
  15.000   1.4524   0.02937   0.01400   0.0313   0.0183   1.0000  69.0931 160.0000
