  
       XFOIL         Version 6.99
  
 Calculated polar for: BOEING VERTOL V43015-2.48 AIRFOIL               
  
 1 1 Reynolds number fixed          Mach number fixed         
  
 xtrf =   1.000 (top)        1.000 (bottom)  
 Mach =   0.000     Re =     1.000 e 6     Ncrit =   9.000  9.000
  
   alpha    CL        CD       CDp       CM     Top_Xtr  Bot_Xtr  Top_Itr  Bot_Itr
  ------ -------- --------- --------- -------- -------- -------- -------- --------
  -6.000  -0.2708   0.01306   0.00446  -0.0454   0.8426   0.0290  11.0982  99.1618
  -5.000  -0.1841   0.01182   0.00326  -0.0392   0.7429   0.0300  16.2402  99.4460
  -4.000  -0.1002   0.01098   0.00233  -0.0326   0.6487   0.0314  21.0469  99.8024
  -3.000  -0.0164   0.01030   0.00162  -0.0260   0.5544   0.0332  25.8661 100.2500
  -2.000   0.0739   0.01008   0.00119  -0.0208   0.4615   0.0357  30.6814 100.8308
  -1.000   0.1683   0.00994   0.00091  -0.0164   0.3930   0.0402  34.2691 101.8420
   0.000   0.2652   0.00987   0.00083  -0.0126   0.3437   0.0734  36.8596 107.0928
   1.000   0.3303   0.00811   0.00059  -0.0031   0.3067   0.6337  38.8428 139.3548
   2.000   0.4068   0.00778   0.00070   0.0052   0.2666   0.8663  41.1181 151.0907
   3.000   0.5362   0.00850   0.00118   0.0020   0.2342   0.9536  43.0657 156.0373
   4.000   0.6786   0.00940   0.00165  -0.0043   0.2174   0.9690  44.0920 157.1287
   5.000   0.8139   0.01033   0.00210  -0.0094   0.2038   0.9803  44.9380 158.0184
   6.000   0.9575   0.01102   0.00245  -0.0167   0.1932   0.9857  45.6215 158.5021
   7.000   1.0874   0.01176   0.00280  -0.0213   0.1822   0.9933  46.3598 159.2278
   8.000   1.2190   0.01252   0.00318  -0.0266   0.1698   0.9994  47.2261 159.9293
   9.000   1.2870   0.01334   0.00343  -0.0190   0.1585   1.0000  48.0722 160.0000
  10.000   1.3280   0.01412   0.00346  -0.0061   0.1493   1.0000  48.8049 160.0000
  11.000   1.3716   0.01512   0.00352   0.0056   0.1408   1.0000  49.5073 160.0000
  12.000   1.4222   0.01665   0.00385   0.0146   0.1328   1.0000  50.1962 160.0000
  13.000   1.4740   0.01870   0.00445   0.0217   0.1254   1.0000  50.8520 160.0000
  14.000   1.5270   0.02119   0.00535   0.0272   0.1202   1.0000  51.3281 160.0000
  15.000   1.5652   0.02512   0.00706   0.0321   0.1141   1.0000  51.9088 160.0000
