  
       XFOIL         Version 6.99
  
 Calculated polar for: BOEING VERTOL V43012-1.58 AIRFOIL               
  
 1 1 Reynolds number fixed          Mach number fixed         
  
 xtrf =   1.000 (top)        1.000 (bottom)  
 Mach =   0.000     Re =     0.500 e 6     Ncrit =   9.000  9.000
  
   alpha    CL        CD       CDp       CM     Top_Xtr  Bot_Xtr  Top_Itr  Bot_Itr
  ------ -------- --------- --------- -------- -------- -------- -------- --------
  -6.000  -0.3157   0.03690   0.02890  -0.0392   0.9627   0.0293   4.4042  97.0741
  -5.000  -0.2029   0.02832   0.02091  -0.0422   0.9172   0.0344   7.4674  98.2381
  -4.000  -0.1049   0.02298   0.01477  -0.0386   0.8078   0.0443  13.9705 100.1452
  -3.000  -0.0167   0.01938   0.01087  -0.0332   0.6985   0.0528  20.1972 101.4241
  -2.000   0.0842   0.01476   0.00567  -0.0280   0.6066   0.0446  25.3666 100.1917
  -1.000   0.1820   0.01190   0.00243  -0.0235   0.5155   0.0380  30.4903  98.9882
   0.000   0.2687   0.01135   0.00154  -0.0180   0.3881   0.0395  37.9963  99.2621
   2.000   0.4459   0.01028   0.00128  -0.0084   0.2669   0.5893  45.1746 134.8214
   3.000   0.6109   0.01052   0.00216  -0.0185   0.2407   0.9748  46.7329 157.5489
   4.000   0.8094   0.01153   0.00260  -0.0369   0.2216   0.9989  47.9173 159.8719
   5.000   0.8980   0.01199   0.00289  -0.0328   0.2109   1.0000  48.6216 160.0000
   6.000   0.9756   0.01271   0.00329  -0.0265   0.2002   1.0000  49.3182 160.0000
   7.000   1.0516   0.01366   0.00375  -0.0200   0.1885   1.0000  50.0841 160.0000
   8.000   1.1280   0.01466   0.00418  -0.0138   0.1753   1.0000  50.9536 160.0000
   9.000   1.2057   0.01559   0.00459  -0.0080   0.1632   1.0000  51.7818 160.0000
  10.000   1.2784   0.01690   0.00518  -0.0016   0.1529   1.0000  52.5333 160.0000
  11.000   1.3390   0.01849   0.00577   0.0064   0.1447   1.0000  53.1548 160.0000
  12.000   1.3966   0.02002   0.00622   0.0141   0.1370   1.0000  53.7618 160.0000
  13.000   1.4503   0.02237   0.00725   0.0207   0.1311   1.0000  54.2349 160.0000
  14.000   1.4992   0.02522   0.00852   0.0262   0.1249   1.0000  54.7423 160.0000
  15.000   1.5383   0.02929   0.01058   0.0301   0.1165   1.0000  55.4442 160.0000
