  
       XFOIL         Version 6.99
  
 Calculated polar for: BOEING-VERTOL VR-13 AIRFOIL                     
  
 1 1 Reynolds number fixed          Mach number fixed         
  
 xtrf =   1.000 (top)        1.000 (bottom)  
 Mach =   0.000     Re =     0.500 e 6     Ncrit =   9.000  9.000
  
   alpha    CL        CD       CDp       CM     Top_Xtr  Bot_Xtr  Top_Itr  Bot_Itr
  ------ -------- --------- --------- -------- -------- -------- -------- --------
  -6.000  -0.4647   0.01890   0.00926  -0.0257   0.9667   0.0155   4.4605  90.9502
  -5.000  -0.3755   0.01703   0.00797  -0.0210   0.9359   0.0217   6.7822  92.2620
  -4.000  -0.2801   0.01494   0.00614  -0.0171   0.9088   0.0296   8.6419  93.4688
  -3.000  -0.1818   0.01207   0.00364  -0.0131   0.8797   0.0360  10.5909  94.2361
  -2.000  -0.0814   0.01052   0.00224  -0.0096   0.8437   0.0430  12.9865  94.9436
  -1.000   0.0238   0.00928   0.00130  -0.0074   0.8050   0.0554  15.5795  95.9794
   0.000   0.1623   0.00645   0.00154  -0.0123   0.7648   0.9792  18.2622 157.7668
   1.000   0.3230   0.00678   0.00151  -0.0225   0.6846   1.0000  23.6073 160.0000
   2.000   0.4324   0.00805   0.00139  -0.0229   0.4000   1.0000  42.6847 160.0000
   3.000   0.5376   0.00920   0.00169  -0.0225   0.2652   1.0000  51.6617 160.0000
   4.000   0.6392   0.00999   0.00200  -0.0210   0.2184   1.0000  54.7875 160.0000
   5.000   0.7386   0.01086   0.00239  -0.0191   0.1858   1.0000  57.0110 160.0000
   6.000   0.8368   0.01172   0.00286  -0.0169   0.1636   1.0000  58.5481 160.0000
   7.000   0.9320   0.01282   0.00341  -0.0143   0.1450   1.0000  59.8689 160.0000
   8.000   1.0251   0.01402   0.00403  -0.0115   0.1291   1.0000  61.0252 160.0000
   9.000   1.1182   0.01503   0.00451  -0.0088   0.1123   1.0000  62.2830 160.0000
  10.000   1.2065   0.01638   0.00505  -0.0056   0.0893   1.0000  64.0774 160.0000
  11.000   1.2871   0.01830   0.00595  -0.0016   0.0626   1.0000  66.4039 160.0000
  12.000   1.3496   0.02145   0.00782   0.0045   0.0443   1.0000  68.1926 160.0000
  13.000   1.3949   0.02488   0.00988   0.0124   0.0339   1.0000  69.3602 160.0000
  14.000   1.4180   0.03030   0.01344   0.0196   0.0282   1.0000  70.1193 160.0000
  15.000   1.4338   0.03770   0.01877   0.0229   0.0241   1.0000  70.7335 160.0000
