  
       XFOIL         Version 6.99
  
 Calculated polar for: BOEING-VERTOL VR-1 AIRFOIL                      
  
 1 1 Reynolds number fixed          Mach number fixed         
  
 xtrf =   1.000 (top)        1.000 (bottom)  
 Mach =   0.000     Re =     1.000 e 6     Ncrit =   9.000  9.000
  
   alpha    CL        CD       CDp       CM     Top_Xtr  Bot_Xtr  Top_Itr  Bot_Itr
  ------ -------- --------- --------- -------- -------- -------- -------- --------
  -6.000  -0.4137   0.01282   0.00457  -0.0522   0.9088   0.0203   7.7394  93.7373
  -5.000  -0.3167   0.01105   0.00305  -0.0492   0.8751   0.0210   9.7547  93.9192
  -4.000  -0.2212   0.00939   0.00187  -0.0460   0.8447   0.0226  11.5645  94.3468
  -3.000  -0.1182   0.00853   0.00118  -0.0440   0.8174   0.0247  13.2022  94.8631
  -2.000  -0.0125   0.00791   0.00073  -0.0424   0.7909   0.0296  14.8061  95.9866
  -1.000   0.0793   0.00591   0.00036  -0.0391   0.7649   0.4652  16.3877 126.7280
   0.000   0.1756   0.00503   0.00035  -0.0356   0.7324   0.7407  18.3648 143.2401
   1.000   0.2766   0.00489   0.00041  -0.0325   0.6866   0.8625  21.1691 150.4598
   2.000   0.3788   0.00513   0.00047  -0.0297   0.6141   0.9238  25.6416 154.1163
   3.000   0.4728   0.00671   0.00076  -0.0261   0.3487   0.9635  42.2436 156.6887
   4.000   0.5909   0.00902   0.00157  -0.0290   0.0884   0.9833  59.0249 158.1822
   5.000   0.7316   0.01019   0.00212  -0.0361   0.0474   0.9949  62.8268 159.3453
   6.000   0.8425   0.01129   0.00279  -0.0369   0.0352   1.0000  64.5963 160.0000
   7.000   0.9104   0.01246   0.00347  -0.0285   0.0307   1.0000  65.3827 160.0000
   8.000   0.9772   0.01421   0.00448  -0.0204   0.0275   1.0000  65.9991 160.0000
   9.000   1.0496   0.01571   0.00540  -0.0136   0.0260   1.0000  66.3315 160.0000
  10.000   1.1100   0.01749   0.00634  -0.0050   0.0244   1.0000  66.7048 160.0000
  11.000   1.1562   0.02082   0.00831   0.0045   0.0230   1.0000  67.0260 160.0000
  12.000   1.2117   0.02364   0.01018   0.0113   0.0222   1.0000  67.2287 160.0000
  13.000   1.2584   0.02729   0.01264   0.0178   0.0212   1.0000  67.4889 160.0000
  14.000   1.2945   0.03191   0.01578   0.0234   0.0204   1.0000  67.7010 160.0000
  15.000   1.3128   0.03869   0.02060   0.0281   0.0197   1.0000  67.8797 160.0000
