  
       XFOIL         Version 6.99
  
 Calculated polar for: BOEING-VERTOL VR-7 AIRFOIL WITH TAB             
  
 1 1 Reynolds number fixed          Mach number fixed         
  
 xtrf =   1.000 (top)        1.000 (bottom)  
 Mach =   0.000     Re =     1.000 e 6     Ncrit =   9.000  9.000
  
   alpha    CL        CD       CDp       CM     Top_Xtr  Bot_Xtr  Top_Itr  Bot_Itr
  ------ -------- --------- --------- -------- -------- -------- -------- --------
  -5.000  -0.3829   0.01472   0.00597  -0.0172   0.6784   0.0168  23.6908  91.8901
  -4.000  -0.2679   0.01167   0.00343  -0.0181   0.6559   0.0184  25.0774  92.2807
  -3.000  -0.1499   0.01025   0.00222  -0.0193   0.6366   0.0207  26.2658  92.8289
  -2.000  -0.0301   0.00913   0.00137  -0.0209   0.6165   0.0245  27.5085  93.5916
  -1.000   0.0906   0.00822   0.00089  -0.0228   0.5946   0.1163  28.8723 102.3141
   0.000   0.2116   0.00633   0.00075  -0.0260   0.5713   0.6559  30.3511 136.1296
   1.000   0.3256   0.00586   0.00089  -0.0261   0.5441   0.8830  32.1008 150.8315
   2.000   0.4357   0.00594   0.00089  -0.0252   0.5120   0.9499  34.1588 155.5033
   3.000   0.5543   0.00605   0.00079  -0.0267   0.4771   1.0000  36.4054 160.0000
   4.000   0.6763   0.00651   0.00090  -0.0295   0.4384   1.0000  38.8840 160.0000
   5.000   0.7970   0.00706   0.00107  -0.0321   0.3964   1.0000  41.6522 160.0000
   6.000   0.9163   0.00776   0.00132  -0.0346   0.3532   1.0000  44.4228 160.0000
   7.000   1.0329   0.00913   0.00179  -0.0373   0.2553   1.0000  50.9276 160.0000
   8.000   1.1436   0.01131   0.00281  -0.0398   0.1430   1.0000  58.6508 160.0000
   9.000   1.2472   0.01379   0.00412  -0.0414   0.0680   1.0000  64.4215 160.0000
  10.000   1.3458   0.01603   0.00533  -0.0420   0.0399   1.0000  67.2004 160.0000
  11.000   1.4306   0.01897   0.00701  -0.0412   0.0243   1.0000  69.5280 160.0000
  12.000   1.4893   0.02280   0.00940  -0.0382   0.0200   1.0000  70.3959 160.0000
  13.000   1.5216   0.02920   0.01372  -0.0352   0.0171   1.0000  71.0553 160.0000
  14.000   1.5539   0.03655   0.01891  -0.0344   0.0151   1.0000  71.5851 160.0000
  15.000   1.5486   0.04849   0.02783  -0.0344   0.0134   1.0000  72.0650 160.0000
