  
       XFOIL         Version 6.99
  
 Calculated polar for: BOEING-VERTOL VR-8 AIRFOIL                      
  
 1 1 Reynolds number fixed          Mach number fixed         
  
 xtrf =   1.000 (top)        1.000 (bottom)  
 Mach =   0.000     Re =     1.000 e 6     Ncrit =   9.000  9.000
  
   alpha    CL        CD       CDp       CM     Top_Xtr  Bot_Xtr  Top_Itr  Bot_Itr
  ------ -------- --------- --------- -------- -------- -------- -------- --------
  -6.000  -0.5467   0.01876   0.01044  -0.0180   1.0000   0.0078   1.0000  85.8369
  -5.000  -0.4370   0.01298   0.00522  -0.0189   0.9940   0.0106   1.8222  86.4827
  -4.000  -0.3023   0.00953   0.00243  -0.0243   0.9656   0.0158   4.1905  87.3636
  -3.000  -0.1914   0.00828   0.00114  -0.0237   0.8311   0.0197  13.7778  87.8797
  -2.000  -0.0870   0.00749   0.00030  -0.0219   0.7314   0.0370  20.8742  89.4590
   0.000   0.1147   0.00459   0.00012  -0.0183   0.6292   0.8959  28.1481 150.9318
   1.000   0.2140   0.00492   0.00023  -0.0145   0.5942   0.9827  30.6396 157.9595
   2.000   0.3657   0.00511   0.00014  -0.0236   0.5481   0.9936  33.9399 159.1029
   3.000   0.4973   0.00552   0.00007  -0.0284   0.4399   1.0000  41.7010 160.0000
   4.000   0.5838   0.00758   0.00068  -0.0245   0.1376   1.0000  63.6159 160.0000
   5.000   0.6732   0.00939   0.00158  -0.0207   0.0244   1.0000  72.5452 160.0000
   6.000   0.7643   0.01099   0.00266  -0.0169   0.0183   1.0000  73.2100 160.0000
   7.000   0.8482   0.01369   0.00441  -0.0124   0.0125   1.0000  74.0153 160.0000
   8.000   0.9468   0.01471   0.00506  -0.0108   0.0090   1.0000  74.7534 160.0000
   9.000   1.0327   0.01779   0.00718  -0.0076   0.0064   1.0000  75.4818 160.0000
  10.000   1.0952   0.02450   0.01219  -0.0024   0.0048   1.0000  76.0031 160.0000
  11.000   1.1435   0.03115   0.01800   0.0033   0.0042   1.0000  76.2387 160.0000
  12.000   1.0977   0.04350   0.02892   0.0120   0.0039   1.0000  76.3843 160.0000
  13.000   0.9999   0.07158   0.05590  -0.0031   0.0041   1.0000  76.3163 160.0000
  15.000   0.6682   0.17164   0.14724  -0.0521   0.0079   1.0000  75.0063 160.0000
