  
       XFOIL         Version 6.99
  
 Calculated polar for: WASP (smoothed)                                 
  
 1 1 Reynolds number fixed          Mach number fixed         
  
 xtrf =   1.000 (top)        1.000 (bottom)  
 Mach =   0.000     Re =     1.000 e 6     Ncrit =   9.000  9.000
  
   alpha    CL        CD       CDp       CM     Top_Xtr  Bot_Xtr  Top_Itr  Bot_Itr
  ------ -------- --------- --------- -------- -------- -------- -------- --------
  -6.000  -0.3576   0.01069   0.00341  -0.0648   0.9671   0.0150   4.7003  90.2940
  -5.000  -0.2034   0.00900   0.00212  -0.0743   0.9521   0.0204   5.8511  91.4329
  -4.000  -0.0777   0.00800   0.00137  -0.0770   0.9133   0.0285   8.5741  92.7064
  -3.000   0.0289   0.00731   0.00077  -0.0752   0.8504   0.0477  12.8253  94.7824
  -2.000   0.1285   0.00690   0.00044  -0.0719   0.7746   0.1173  17.9225  99.9499
  -1.000   0.2247   0.00640   0.00032  -0.0682   0.6987   0.3019  22.9987 112.2657
   0.000   0.3176   0.00583   0.00036  -0.0639   0.6193   0.6082  28.3209 132.4528
   1.000   0.5049   0.00552   0.00058  -0.0812   0.5242   1.0000  34.7033 160.0000
   2.000   0.6072   0.00604   0.00066  -0.0788   0.4572   1.0000  39.1936 160.0000
   3.000   0.7097   0.00659   0.00079  -0.0766   0.4002   1.0000  43.0319 160.0000
   4.000   0.8120   0.00719   0.00096  -0.0744   0.3475   1.0000  46.5994 160.0000
   5.000   0.9130   0.00791   0.00120  -0.0721   0.2957   1.0000  50.1402 160.0000
   6.000   1.0105   0.00894   0.00156  -0.0694   0.2260   1.0000  54.9615 160.0000
   7.000   1.1061   0.01013   0.00205  -0.0665   0.1638   1.0000  59.3761 160.0000
   8.000   1.1969   0.01173   0.00276  -0.0629   0.0983   1.0000  64.2789 160.0000
   9.000   1.2732   0.01462   0.00437  -0.0573   0.0229   1.0000  71.5844 160.0000
  10.000   1.3535   0.01692   0.00569  -0.0523   0.0142   1.0000  73.2044 160.0000
  11.000   1.4223   0.01974   0.00739  -0.0459   0.0109   1.0000  74.0569 160.0000
  12.000   1.4797   0.02249   0.00908  -0.0381   0.0094   1.0000  74.5642 160.0000
  13.000   1.4913   0.02778   0.01251  -0.0263   0.0080   1.0000  75.0323 160.0000
  14.000   1.5111   0.03428   0.01715  -0.0205   0.0073   1.0000  75.3200 160.0000
  15.000   1.5083   0.04533   0.02565  -0.0195   0.0067   1.0000  75.5783 160.0000
