  
       XFOIL         Version 6.99
  
 Calculated polar for: WB-135/35  13.5%  smoothed                      
  
 1 1 Reynolds number fixed          Mach number fixed         
  
 xtrf =   1.000 (top)        1.000 (bottom)  
 Mach =   0.000     Re =     1.000 e 6     Ncrit =   9.000  9.000
  
   alpha    CL        CD       CDp       CM     Top_Xtr  Bot_Xtr  Top_Itr  Bot_Itr
  ------ -------- --------- --------- -------- -------- -------- -------- --------
  -6.000  -0.2360   0.00964   0.00146  -0.0921   0.7711   0.0242  17.7323  92.3688
  -5.000  -0.1404   0.00801   0.00067  -0.0893   0.7414   0.1580  19.7096 103.3208
  -4.000  -0.0335   0.00768   0.00054  -0.0881   0.7128   0.2000  21.6081 106.1859
  -3.000   0.0742   0.00740   0.00043  -0.0871   0.6883   0.2411  23.2376 108.9417
  -2.000   0.1825   0.00717   0.00035  -0.0862   0.6661   0.2891  24.7163 112.1459
  -1.000   0.2911   0.00705   0.00032  -0.0854   0.6440   0.3362  26.1849 115.2173
   0.000   0.3995   0.00696   0.00030  -0.0845   0.6213   0.3825  27.7030 118.2233
   1.000   0.5065   0.00690   0.00031  -0.0834   0.5955   0.4453  29.4275 122.3011
   2.000   0.6099   0.00694   0.00032  -0.0816   0.5560   0.5286  32.0816 127.7207
   3.000   0.7016   0.00728   0.00038  -0.0777   0.4608   0.6432  38.5215 135.2523
   5.000   0.9669   0.00903   0.00142  -0.0890   0.2899   1.0000  49.9449 160.0000
   6.000   1.0544   0.00980   0.00160  -0.0845   0.2569   1.0000  52.1662 160.0000
   7.000   1.0993   0.01240   0.00241  -0.0727   0.1040   1.0000  63.3080 160.0000
   8.000   1.1251   0.01543   0.00353  -0.0576   0.0127   1.0000  73.0450 160.0000
   9.000   1.1832   0.01764   0.00445  -0.0498   0.0099   1.0000  73.7849 160.0000
