  
       XFOIL         Version 6.99
  
 Calculated polar for: WB-140/35/FB 14%                                
  
 1 1 Reynolds number fixed          Mach number fixed         
  
 xtrf =   1.000 (top)        1.000 (bottom)  
 Mach =   0.000     Re =     0.500 e 6     Ncrit =   9.000  9.000
  
   alpha    CL        CD       CDp       CM     Top_Xtr  Bot_Xtr  Top_Itr  Bot_Itr
  ------ -------- --------- --------- -------- -------- -------- -------- --------
  -6.000  -0.2262   0.01455   0.00039  -0.0858   0.7834   0.0363  14.7021  84.6298
  -5.000  -0.1155   0.01308   0.00013  -0.0861   0.7727   0.0396  15.3749  84.9909
  -4.000  -0.0016   0.01231   0.00051  -0.0869   0.7644   0.0444  15.8996  85.4468
  -3.000   0.1129   0.01197   0.00116  -0.0881   0.7551   0.1277  16.5075  92.4898
  -2.000   0.2273   0.01190   0.00167  -0.0891   0.7418   0.1535  17.3860  95.6189
  -1.000   0.3442   0.01389   0.00406  -0.0901   0.7286   0.1800  18.2756 106.9655
   0.000   0.4537   0.01182   0.00308  -0.0912   0.7098   0.2025  19.5593 111.4049
   1.000   0.5635   0.01098   0.00284  -0.0919   0.6922   0.2136  20.7889 112.7622
   2.000   0.6765   0.01091   0.00294  -0.0928   0.6751   0.2114  22.0026 112.5081
   3.000   0.7886   0.01056   0.00279  -0.0934   0.6393   0.2087  24.4666 112.1910
   4.000   0.8924   0.01078   0.00253  -0.0924   0.5654   0.2051  28.7927 111.7521
   5.000   0.9789   0.01249   0.00305  -0.0886   0.4330   0.2005  36.4171 111.1471
   7.000   1.1266   0.01636   0.00455  -0.0774   0.2435   0.1885  47.5355 109.1730
   8.000   1.1674   0.01919   0.00545  -0.0668   0.1255   0.1867  54.9077 108.7866
   9.000   1.1936   0.02414   0.00806  -0.0563   0.0184   0.1848  64.2214 108.3546
  10.000   1.2328   0.02895   0.01068  -0.0491   0.0146   0.1836  64.8690 108.0621
  11.000   1.2536   0.03566   0.01482  -0.0420   0.0133   0.1833  65.1255 107.9704
  12.000   1.2685   0.04357   0.02039  -0.0369   0.0122   0.1831  65.3650 107.9113
  13.000   1.2754   0.05283   0.02729  -0.0327   0.0110   0.1830  65.6526 107.8861
  14.000   1.2788   0.06327   0.03503  -0.0294   0.0103   0.1831  65.8100 107.9115
  15.000   1.3010   0.07160   0.03974  -0.0246   0.0098   0.1833  65.9350 107.9818
