  
       XFOIL         Version 6.99
  
 Calculated polar for: YS-915                                          
  
 1 1 Reynolds number fixed          Mach number fixed         
  
 xtrf =   1.000 (top)        1.000 (bottom)  
 Mach =   0.000     Re =     1.000 e 6     Ncrit =   9.000  9.000
  
   alpha    CL        CD       CDp       CM     Top_Xtr  Bot_Xtr  Top_Itr  Bot_Itr
  ------ -------- --------- --------- -------- -------- -------- -------- --------
  -4.000  -0.1679   0.00859   0.00072  -0.0755   0.9160   0.0144   7.8873  84.5748
  -3.000  -0.0770   0.00668   0.00060  -0.0730   0.9118   0.3759   8.2105 112.4671
  -2.000   0.0287   0.00640   0.00082  -0.0727   0.9077   0.4555   8.5267 118.4853
  -1.000   0.1370   0.00614   0.00092  -0.0727   0.9031   0.5348   8.8806 124.4708
   0.000   0.2396   0.00573   0.00095  -0.0713   0.8935   0.6609   9.6174 133.9883
   1.000   0.3407   0.00495   0.00069  -0.0687   0.8777   0.8448  10.8350 147.8708
   2.000   0.4779   0.00440  -0.00007  -0.0735   0.8236   0.9642  15.0004 156.9153
   3.000   0.5511   0.00899   0.00050  -0.0675   0.0367   0.9964  75.0430 159.5964
   4.000   0.6378   0.01165   0.00139  -0.0624   0.0053   1.0000  78.0891 160.0000
   5.000   0.7138   0.01381   0.00245  -0.0552   0.0032   1.0000  78.6308 160.0000
