  
       XFOIL         Version 6.99
  
 Calculated polar for: YS-930                                          
  
 1 1 Reynolds number fixed          Mach number fixed         
  
 xtrf =   1.000 (top)        1.000 (bottom)  
 Mach =   0.000     Re =     1.000 e 6     Ncrit =   9.000  9.000
  
   alpha    CL        CD       CDp       CM     Top_Xtr  Bot_Xtr  Top_Itr  Bot_Itr
  ------ -------- --------- --------- -------- -------- -------- -------- --------
  -5.000  -0.1342   0.00863   0.00068  -0.1104   0.8601   0.0188  12.1900  86.0949
  -4.000  -0.0311   0.00712   0.00029  -0.1098   0.8537   0.1925  12.6730  99.6624
  -3.000   0.0801   0.00690   0.00039  -0.1104   0.8483   0.2330  13.0759 102.6753
  -2.000   0.1907   0.00666   0.00041  -0.1107   0.8431   0.2627  13.4709 104.8805
  -1.000   0.3016   0.00640   0.00044  -0.1112   0.8379   0.3294  13.8684 109.8274
   0.000   0.4095   0.00599   0.00052  -0.1111   0.8305   0.4817  14.4284 121.1214
   1.000   0.5121   0.00528   0.00052  -0.1096   0.8168   0.7519  15.4630 141.1523
   2.000   0.6433   0.00476   0.00016  -0.1134   0.7865   0.9875  17.7519 158.6911
   3.000   0.7252   0.00598  -0.00010  -0.1072   0.5320   1.0000  36.9323 160.0000
   4.000   0.7429   0.00960   0.00080  -0.0887   0.0757   1.0000  71.2554 160.0000
   5.000   0.8096   0.01192   0.00133  -0.0797   0.0044   1.0000  78.0029 160.0000
   6.000   0.8813   0.01396   0.00192  -0.0719   0.0027   1.0000  78.6298 160.0000
