  
       XFOIL         Version 6.99
  
 Calculated polar for: Zv(15-35)16                                     
  
 1 1 Reynolds number fixed          Mach number fixed         
  
 xtrf =   1.000 (top)        1.000 (bottom)  
 Mach =   0.000     Re =     0.500 e 6     Ncrit =   9.000  9.000
  
   alpha    CL        CD       CDp       CM     Top_Xtr  Bot_Xtr  Top_Itr  Bot_Itr
  ------ -------- --------- --------- -------- -------- -------- -------- --------
  -6.000  -0.7426   0.01042   0.00225   0.0216   0.9942   0.2452   1.5555 120.6216
  -5.000  -0.5844   0.00982   0.00179   0.0136   0.7885   0.2912  12.9463 123.2446
  -3.000  -0.3836   0.01056   0.00139   0.0200   0.2766   0.3822  37.3017 128.1211
  -2.000  -0.2741   0.01045   0.00145   0.0216   0.2539   0.4325  38.4927 130.7098
  -1.000  -0.1639   0.01051   0.00161   0.0232   0.2411   0.4819  39.1794 133.2006
   0.000  -0.0530   0.01060   0.00184   0.0247   0.2313   0.5346  39.7225 135.8244
   1.000   0.0572   0.01096   0.00225   0.0262   0.2237   0.5887  40.1547 138.4685
   2.000   0.1683   0.01123   0.00266   0.0277   0.2163   0.6448  40.5820 141.1657
   3.000   0.2773   0.01199   0.00325   0.0293   0.2085   0.7029  41.0411 143.9224
   4.000   0.3867   0.01226   0.00379   0.0311   0.2023   0.7659  41.4304 146.9077
   5.000   0.4928   0.01281   0.00428   0.0335   0.1951   0.8405  41.8786 150.5012
   6.000   0.6032   0.01346   0.00503   0.0352   0.1883   0.9337  42.3306 155.3334
   7.000   0.7583   0.01435   0.00548   0.0271   0.1797   0.9830  42.9182 158.5155
   8.000   0.8908   0.01489   0.00586   0.0231   0.1707   1.0000  43.5737 160.0000
   9.000   0.9811   0.01543   0.00592   0.0274   0.1622   1.0000  44.2248 160.0000
  10.000   1.0753   0.01602   0.00592   0.0310   0.1526   1.0000  44.9894 160.0000
  11.000   1.1703   0.01668   0.00611   0.0341   0.1423   1.0000  45.8780 160.0000
  12.000   1.2596   0.01786   0.00652   0.0376   0.1297   1.0000  47.0257 160.0000
  13.000   1.3412   0.01946   0.00729   0.0416   0.1154   1.0000  48.4504 160.0000
  14.000   1.3931   0.02207   0.00845   0.0488   0.1005   1.0000  50.0790 160.0000
  15.000   1.4045   0.02661   0.01074   0.0572   0.0883   1.0000  51.5641 160.0000
